0.040000
0.050000
0.060000
0.090000
0.130000
0.240000
0.360000
0.490000
0.640000
0.770000
0.910000
0.980000
1.070000
1.160000
1.260000
1.420000
1.540000
1.620000
1.690000
1.820000
1.880000
1.990000
2.100000
2.190000
2.270000
2.380000
2.460000
2.580000
2.730000
2.790000
2.910000
2.990000
3.090000
3.170000
3.310000
3.400000
3.520000
3.550000
3.680000
3.740000
3.900000
3.980000
4.100000
4.170000
4.230000
4.300000
4.350000
4.380000
4.510000
4.630000
4.690000
4.780000
4.790000
4.830000
4.850000
4.890000
4.930000
4.970000
4.980000
5.000000
5.010000
5.050000
5.100000
5.160000
5.200000
5.260000
5.270000
5.290000
5.340000
5.370000
5.390000
5.430000
5.440000
5.480000
5.520000
5.580000
5.630000
5.700000
5.740000
5.830000
5.900000
5.970000
6.070000
6.110000
6.210000
6.240000
6.310000
6.380000
6.440000
6.520000
6.590000
6.660000
6.740000
6.820000
6.870000
6.940000
7.000000
7.120000
7.150000
7.230000
7.300000
7.350000
7.470000
7.520000
7.590000
7.680000
7.690000
7.730000
7.810000
7.870000
7.930000
8.000000
8.050000
8.100000
8.160000
8.200000
8.270000
8.310000
8.350000
8.390000
8.440000
8.490000
8.500000
8.550000
8.560000
8.580000
8.610000
8.660000
8.680000
8.700000
8.720000
8.730000
8.770000
8.820000
8.850000
8.900000
8.940000
8.990000
9.020000
9.040000
9.090000
9.140000
9.170000
9.240000
9.280000
9.300000
9.320000
9.360000
9.370000
9.420000
9.520000
9.560000
9.580000
9.630000
9.680000
9.810000
9.820000
9.900000
9.950000
10.000000
10.070000
10.160000
10.220000
10.280000
10.300000
10.360000
10.410000
10.510000
10.550000
10.600000
10.660000
10.680000
10.700000
10.750000
10.810000
10.880000
10.920000
10.960000
11.020000
11.080000
11.130000
11.200000
11.210000
11.280000
11.300000
11.360000
11.410000
11.470000
11.500000
11.510000
11.550000
11.590000
11.640000
11.670000
11.690000
11.730000
11.790000
11.840000
11.860000
11.860000
11.900000
11.960000
11.980000
12.040000
12.080000
12.110000
12.150000
12.200000
12.270000
12.320000
12.370000
12.410000
12.440000
12.510000
12.560000
12.630000
12.670000
12.750000
12.790000
12.870000
12.940000
12.970000
13.000000
13.030000
13.080000
13.140000
13.200000
13.260000
13.320000
13.350000
13.390000
13.440000
13.480000
13.490000
13.520000
13.580000
13.640000
13.680000
13.760000
13.810000
13.830000
13.950000
13.980000
14.010000
14.040000
14.050000
14.090000
14.180000
14.270000
14.330000
14.360000
14.410000
14.440000
14.480000
14.510000
14.590000
14.630000
14.690000
14.720000
14.740000
14.800000
14.800000
14.880000
14.900000
14.930000
14.980000
15.010000
15.030000
15.050000
15.090000
15.130000
15.190000
15.230000
15.250000
15.290000
15.350000
15.410000
15.450000
15.460000
15.490000
15.520000
15.570000
15.620000
15.710000
15.730000
15.780000
15.810000
15.850000
15.890000
15.910000
15.960000
16.010000
16.030000
16.100000
16.150000
16.200000
16.300000
16.350000
16.370000
16.390000
16.430000
16.450000
16.510000
16.560000
16.580000
16.630000
16.680000
16.710000
16.760000
16.780000
16.810000
16.880000
16.910000
16.960000
17.010000
17.080000
17.150000
17.190000
17.250000
17.280000
17.320000
17.350000
17.380000
17.440000
17.490000
17.560000
17.600000
17.630000
17.670000
17.720000
17.760000
17.790000
17.840000
17.920000
17.990000
18.030000
18.110000
18.130000
18.190000
18.240000
18.270000
18.340000
18.390000
18.470000
18.520000
18.560000
18.630000
18.680000
18.740000
18.780000
18.820000
18.880000
18.910000
18.950000
18.990000
19.030000
19.100000
19.150000
19.190000
19.240000
19.270000
19.330000
19.410000
19.440000
19.460000
19.500000
19.520000
19.560000
19.620000
19.620000
19.640000
19.700000
19.760000
19.800000
19.850000
19.870000
19.920000
19.970000
20.010000
20.040000
20.070000
20.090000
20.130000
20.150000
20.200000
20.230000
20.260000
20.290000
20.340000
20.390000
20.420000
20.450000
20.520000
20.560000
20.620000
20.620000
20.660000
20.710000
20.740000
20.770000
20.830000
20.850000
20.860000
20.950000
20.990000
21.020000
21.040000
21.100000
21.150000
21.180000
21.240000
21.280000
21.310000
21.350000
21.360000
21.400000
21.470000
21.530000
21.570000
21.590000
21.610000
21.650000
21.690000
21.760000
21.800000
21.820000
21.880000
21.940000
21.970000
22.000000
22.030000
22.060000
22.110000
22.170000
22.180000
22.240000
22.270000
22.290000
22.360000
22.400000
22.430000
22.490000
22.530000
22.560000
22.630000
22.670000
22.690000
22.720000
22.740000
22.750000
22.780000
22.810000
22.840000
22.880000
22.940000
22.970000
23.000000
23.040000
23.080000
23.110000
23.170000
23.210000
23.230000
23.270000
23.300000
23.350000
23.350000
23.390000
23.450000
23.480000
23.530000
23.560000
23.610000
23.630000
23.640000
23.660000
23.700000
23.770000
23.810000
23.820000
23.880000
23.910000
23.940000
23.980000
24.010000
24.060000
24.110000
24.150000
24.190000
24.230000
24.280000
24.330000
24.340000
24.360000
24.420000
24.430000
24.450000
24.490000
24.520000
24.550000
24.640000
24.650000
24.700000
24.730000
24.780000
24.800000
24.850000
24.880000
24.930000
24.950000
24.970000
25.000000
25.040000
25.050000
25.070000
25.090000
25.110000
25.180000
25.230000
25.270000
25.280000
25.290000
25.340000
25.380000
25.450000
25.470000
25.500000
25.550000
25.580000
25.620000
25.660000
25.700000
25.710000
25.740000
25.770000
25.790000
25.830000
25.850000
25.880000
25.900000
25.920000
25.950000
25.990000
25.990000
26.020000
26.040000
26.080000
26.090000
26.140000
26.160000
26.200000
26.230000
26.260000
26.270000
26.330000
26.350000
26.370000
26.390000
26.420000
26.430000
26.480000
26.520000
26.580000
26.600000
26.630000
26.670000
26.690000
26.730000
26.750000
26.770000
26.790000
26.840000
26.860000
26.900000
26.940000
27.000000
27.050000
27.080000
27.100000
27.130000
27.170000
27.210000
27.240000
27.310000
27.360000
27.380000
27.410000
27.470000
27.490000
27.510000
27.520000
27.550000
27.580000
27.630000
27.630000
27.670000
27.680000
27.680000
27.700000
27.710000
27.720000
27.760000
27.790000
27.820000
27.860000
27.910000
27.940000
27.960000
27.990000
28.030000
28.050000
28.080000
28.160000
28.180000
28.200000
28.220000
28.250000
28.280000
28.340000
28.350000
28.420000
28.430000
28.490000
28.490000
28.520000
28.560000
28.590000
28.640000
28.680000
28.700000
28.760000
28.800000
28.820000
28.830000
28.860000
28.910000
28.950000
28.980000
29.030000
29.050000
29.100000
29.150000
29.170000
29.190000
29.230000
29.240000
29.300000
29.350000
29.390000
29.410000
29.430000
29.470000
29.480000
29.480000
29.510000
29.550000
29.590000
29.650000
29.650000
29.690000
29.720000
29.760000
29.830000
29.850000
29.890000
29.920000
29.940000
29.980000
30.020000
30.050000
30.080000
30.130000
30.140000
30.160000
30.190000
30.200000
30.230000
30.260000
30.270000
30.300000
30.320000
30.340000
30.360000
30.410000
30.460000
30.470000
30.490000
30.510000
30.530000
30.550000
30.580000
30.580000
30.640000
30.670000
30.670000
30.710000
30.730000
30.740000
30.750000
30.760000
30.780000
30.800000
30.810000
30.820000
30.850000
30.870000
30.930000
30.970000
30.980000
31.020000
31.050000
31.050000
31.060000
31.120000
31.150000
31.210000
31.250000
31.250000
31.270000
31.300000
31.300000
31.320000
31.330000
31.370000
31.380000
31.390000
31.430000
31.470000
31.480000
31.490000
31.520000
31.540000
31.570000
31.600000
31.620000
31.640000
31.650000
31.670000
31.670000
31.690000
31.700000
31.710000
31.720000
31.730000
31.750000
31.770000
31.810000
31.810000
31.820000
31.840000
31.840000
31.870000
31.910000
31.920000
31.960000
31.990000
32.020000
32.050000
32.060000
32.100000
32.110000
32.130000
32.180000
32.180000
32.200000
32.210000
32.240000
32.270000
32.290000
32.320000
32.350000
32.360000
32.410000
32.420000
32.430000
32.450000
32.480000
32.510000
32.550000
32.580000
32.640000
32.660000
32.660000
32.690000
32.710000
32.730000
32.730000
32.740000
32.770000
32.820000
32.830000
32.830000
32.860000
32.880000
32.900000
32.920000
32.920000
32.970000
32.980000
33.000000
33.010000
33.040000
33.070000
33.080000
33.100000
33.100000
33.100000
33.140000
33.170000
33.200000
33.230000
33.230000
33.250000
33.290000
33.290000
33.320000
33.330000
33.350000
33.380000
33.380000
33.400000
33.430000
33.450000
33.490000
33.500000
33.510000
33.520000
33.540000
33.550000
33.550000
33.580000
33.590000
33.600000
33.620000
33.660000
33.690000
33.700000
33.720000
33.750000
33.790000
33.810000
33.810000
33.830000
33.860000
33.890000
33.900000
33.910000
33.950000
33.980000
34.000000
34.020000
34.040000
34.050000
34.070000
34.080000
34.090000
34.130000
34.150000
34.170000
34.210000
34.230000
34.240000
34.250000
34.270000
34.290000
34.310000
34.330000
34.360000
34.380000
34.400000
34.410000
34.440000
34.450000
34.480000
34.500000
34.520000
34.530000
34.540000
34.580000
34.620000
34.640000
34.670000
34.710000
34.720000
34.740000
34.750000
34.810000
34.830000
34.850000
34.910000
34.930000
34.960000
34.980000
35.000000
35.020000
35.020000
35.050000
35.060000
35.060000
35.100000
35.120000
35.160000
35.170000
35.180000
35.180000
35.220000
35.230000
35.260000
35.270000
35.310000
35.340000
35.360000
35.400000
35.400000
35.410000
35.420000
35.460000
35.480000
35.480000
35.500000
35.510000
35.530000
35.540000
35.560000
35.590000
35.600000
35.600000
35.640000
35.660000
35.680000
35.730000
35.750000
35.760000
35.770000
35.800000
35.800000
35.820000
35.830000
35.830000
35.840000
35.860000
35.900000
35.910000
35.940000
35.960000
35.960000
35.960000
35.970000
35.980000
35.990000
36.030000
36.040000
36.080000
36.110000
36.140000
36.140000
36.160000
36.160000
36.170000
36.180000
36.220000
36.230000
36.290000
36.310000
36.310000
36.340000
36.350000
36.360000
36.370000
36.370000
36.380000
36.400000
36.420000
36.450000
36.460000
36.500000
36.540000
36.540000
36.560000
36.580000
36.580000
36.640000
36.650000
36.670000
36.700000
36.710000
36.750000
36.770000
36.780000
36.820000
36.850000
36.870000
36.910000
36.910000
36.950000
36.970000
37.000000
37.040000
37.050000
37.090000
37.110000
37.130000
37.150000
37.170000
37.180000
37.190000
37.210000
37.210000
37.250000
37.260000
37.280000
37.300000
37.320000
37.340000
37.380000
37.390000
37.400000
37.430000
37.450000
37.490000
37.520000
37.550000
37.580000
37.600000
37.620000
37.630000
37.640000
37.660000
37.690000
37.700000
37.730000
37.760000
37.760000
37.760000
37.770000
37.780000
37.780000
37.790000
37.800000
37.800000
37.810000
37.830000
37.850000
37.860000
37.870000
37.890000
37.910000
37.930000
37.960000
37.970000
37.970000
38.000000
38.010000
38.050000
38.060000
38.070000
38.120000
38.170000
38.170000
38.210000
38.230000
38.240000
38.250000
38.250000
38.260000
38.280000
38.300000
38.310000
38.370000
38.420000
38.450000
38.460000
38.490000
38.490000
38.500000
38.520000
38.520000
38.520000
38.530000
38.550000
38.570000
38.600000
38.620000
38.620000
38.630000
38.650000
38.660000
38.670000
38.690000
38.710000
38.710000
38.720000
38.730000
38.730000
38.730000
38.730000
38.760000
38.770000
38.780000
38.800000
38.810000
38.820000
38.850000
38.850000
38.870000
38.890000
38.920000
38.940000
38.950000
38.970000
38.970000
38.980000
39.010000
39.020000
39.040000
39.050000
39.060000
39.060000
39.070000
39.100000
39.120000
39.140000
39.150000
39.150000
39.150000
39.190000
39.200000
39.210000
39.230000
39.240000
39.270000
39.280000
39.290000
39.300000
39.310000
39.330000
39.340000
39.340000
39.360000
39.380000
39.390000
39.400000
39.440000
39.450000
39.470000
39.510000
39.520000
39.530000
39.570000
39.580000
39.590000
39.620000
39.630000
39.640000
39.650000
39.660000
39.690000
39.700000
39.720000
39.730000
39.760000
39.770000
39.790000
39.810000
39.820000
39.830000
39.840000
39.860000
39.870000
39.880000
39.930000
39.960000
40.000000
40.010000
40.040000
40.040000
40.060000
40.070000
40.070000
40.080000
40.090000
40.100000
40.110000
40.120000
40.120000
40.130000
40.150000
40.180000
40.180000
40.190000
40.200000
40.210000
40.210000
40.210000
40.240000
40.280000
40.280000
40.290000
40.290000
40.310000
40.320000
40.330000
40.330000
40.330000
40.380000
40.390000
40.390000
40.430000
40.450000
40.480000
40.480000
40.500000
40.520000
40.540000
40.560000
40.570000
40.600000
40.620000
40.620000
40.620000
40.640000
40.680000
40.700000
40.710000
40.730000
40.740000
40.770000
40.770000
40.770000
40.780000
40.820000
40.830000
40.840000
40.850000
40.850000
40.870000
40.880000
40.900000
40.910000
40.920000
40.940000
40.950000
40.970000
40.990000
41.000000
41.010000
41.010000
41.040000
41.060000
41.060000
41.070000
41.080000
41.080000
41.090000
41.100000
41.110000
41.120000
41.120000
41.120000
41.130000
41.170000
41.170000
41.180000
41.200000
41.200000
41.220000
41.220000
41.250000
41.280000
41.290000
41.340000
41.360000
41.390000
41.420000
41.430000
41.430000
41.440000
41.440000
41.460000
41.510000
41.510000
41.510000
41.510000
41.510000
41.520000
41.530000
41.540000
41.550000
41.550000
41.560000
41.580000
41.580000
41.580000
41.590000
41.590000
41.590000
41.590000
41.650000
41.650000
41.670000
41.690000
41.690000
41.710000
41.710000
41.720000
41.730000
41.730000
41.740000
41.740000
41.740000
41.760000
41.780000
41.780000
41.780000
41.780000
41.800000
41.810000
41.840000
41.850000
41.850000
41.850000
41.850000
41.880000
41.890000
41.900000
41.900000
41.940000
41.960000
42.000000
42.000000
42.000000
42.000000
42.000000
42.020000
42.030000
42.030000
42.040000
42.040000
42.060000
42.070000
42.080000
42.090000
42.110000
42.130000
42.130000
42.140000
42.160000
42.160000
42.170000
42.190000
42.220000
42.240000
42.240000
42.270000
42.270000
42.290000
42.310000
42.320000
42.330000
42.330000
42.340000
42.340000
42.340000
42.340000
42.340000
42.350000
42.370000
42.390000
42.410000
42.410000
42.420000
42.450000
42.450000
42.470000
42.510000
42.510000
42.520000
42.530000
42.540000
42.540000
42.560000
42.580000
42.580000
42.580000
42.600000
42.600000
42.610000
42.630000
42.630000
42.640000
42.670000
42.680000
42.690000
42.700000
42.710000
42.710000
42.740000
42.770000
42.770000
42.780000
42.780000
42.790000
42.810000
42.810000
42.830000
42.860000
42.870000
42.870000
42.880000
42.890000
42.930000
42.930000
42.940000
42.950000
42.950000
42.970000
42.980000
43.000000
43.000000
43.000000
43.030000
43.030000
43.050000
43.060000
43.070000
43.090000
43.100000
43.100000
43.110000
43.130000
43.130000
43.140000
43.140000
43.140000
43.160000
43.160000
43.160000
43.190000
43.190000
43.200000
43.210000
43.230000
43.240000
43.250000
43.250000
43.260000
43.270000
43.280000
43.290000
43.300000
43.320000
43.340000
43.370000
43.370000
43.370000
43.390000
43.390000
43.420000
43.430000
43.450000
43.450000
43.450000
43.470000
43.510000
43.530000
43.540000
43.550000
43.560000
43.570000
43.580000
43.580000
43.590000
43.590000
43.590000
43.600000
43.600000
43.620000
43.620000
43.620000
43.640000
43.640000
43.650000
43.660000
43.660000
43.660000
43.690000
43.700000
43.710000
43.720000
43.730000
43.750000
43.750000
43.760000
43.770000
43.780000
43.780000
43.780000
43.790000
43.790000
43.800000
43.810000
43.840000
43.840000
43.850000
43.850000
43.850000
43.870000
43.890000
43.890000
43.890000
43.890000
43.890000
43.910000
43.920000
43.930000
43.950000
43.950000
43.960000
43.970000
43.980000
43.980000
44.000000
44.010000
44.020000
44.040000
44.040000
44.040000
44.040000
44.090000
44.090000
44.090000
44.090000
44.090000
44.090000
44.090000
44.100000
44.120000
44.130000
44.130000
44.130000
44.130000
44.130000
44.130000
44.150000
44.150000
44.160000
44.160000
44.160000
44.180000
44.180000
44.200000
44.200000
44.210000
44.210000
44.220000
44.220000
44.220000
44.220000
44.240000
44.240000
44.240000
44.240000
44.260000
44.260000
44.260000
44.270000
44.270000
44.270000
44.290000
44.300000
44.320000
44.320000
44.340000
44.360000
44.380000
44.380000
44.400000
44.430000
44.440000
44.450000
44.450000
44.460000
44.460000
44.460000
44.490000
44.490000
44.490000
44.490000
44.490000
44.490000
44.490000
44.500000
44.510000
44.520000
44.530000
44.550000
44.550000
44.570000
44.590000
44.590000
44.600000
44.610000
44.610000
44.610000
44.630000
44.650000
44.660000
44.670000
44.670000
44.670000
44.670000
44.670000
44.680000
44.690000
44.690000
44.690000
44.690000
44.690000
44.690000
44.690000
44.690000
44.690000
44.690000
44.700000
44.710000
44.710000
44.710000
44.720000
44.720000
44.750000
44.750000
44.750000
44.750000
44.750000
44.750000
44.760000
44.770000
44.790000
44.790000
44.810000
44.830000
44.850000
44.850000
44.850000
44.850000
44.850000
44.870000
44.870000
44.880000
44.890000
44.890000
44.890000
44.890000
44.890000
44.900000
44.910000
44.920000
44.930000
44.930000
44.930000
44.930000
44.940000
44.970000
44.970000
44.970000
44.980000
44.980000
44.980000
44.990000
44.990000
45.000000
45.010000
45.010000
45.020000
45.020000
45.030000
45.030000
45.030000
45.030000
45.030000
45.030000
45.050000
45.060000
45.060000
45.060000
45.070000
45.070000
45.070000
45.080000
45.090000
45.100000
45.100000
45.110000
45.120000
45.120000
45.120000
45.120000
45.120000
45.120000
45.130000
45.130000
45.130000
45.140000
45.140000
45.150000
45.170000
45.170000
45.170000
45.170000
45.190000
45.200000
45.200000
45.200000
45.200000
45.200000
45.210000
45.220000
45.220000
45.240000
45.240000
45.250000
45.250000
45.250000
45.260000
45.280000
45.290000
45.290000
45.290000
45.290000
45.300000
45.300000
45.300000
45.300000
45.320000
45.330000
45.340000
45.340000
45.340000
45.360000
45.360000
45.360000
45.360000
45.360000
45.380000
45.390000
45.390000
45.410000
45.420000
45.420000
45.420000
45.430000
45.430000
45.430000
45.450000
45.450000
45.460000
45.460000
45.460000
45.460000
45.460000
45.470000
45.480000
45.490000
45.500000
45.510000
45.510000
45.520000
45.520000
45.520000
45.520000
45.520000
45.530000
45.530000
45.530000
45.530000
45.530000
45.530000
45.550000
45.550000
45.550000
45.560000
45.570000
45.570000
45.580000
45.580000
45.600000
45.600000
45.600000
45.600000
45.630000
45.640000
45.640000
45.640000
45.650000
45.650000
45.650000
45.650000
45.650000
45.650000
45.670000
45.690000
45.690000
45.700000
45.710000
45.710000
45.710000
45.710000
45.720000
45.740000
45.750000
45.750000
45.760000
45.770000
45.770000
45.780000
45.780000
45.780000
45.780000
45.790000
45.790000
45.790000
45.790000
45.800000
45.800000
45.810000
45.810000
45.810000
45.810000
45.820000
45.820000
45.820000
45.820000
45.830000
45.830000
45.830000
45.840000
45.840000
45.850000
45.850000
45.850000
45.870000
45.870000
45.870000
45.870000
45.880000
45.880000
45.880000
45.880000
45.890000
45.890000
45.890000
45.890000
45.900000
45.900000
45.910000
45.910000
45.910000
45.920000
45.920000
45.920000
45.940000
45.940000
45.940000
45.950000
45.960000
45.970000
45.980000
45.980000
45.990000
45.990000
46.000000
46.010000
46.010000
46.020000
46.020000
46.020000
46.020000
46.020000
46.020000
46.020000
46.040000
46.040000
46.040000
46.050000
46.050000
46.060000
46.060000
46.060000
46.060000
46.060000
46.060000
46.060000
46.060000
46.060000
46.060000
46.060000
46.070000
46.070000
46.070000
46.070000
46.070000
46.070000
46.070000
46.070000
46.070000
46.070000
46.070000
46.070000
46.070000
46.080000
46.080000
46.080000
46.080000
46.080000
46.080000
46.080000
46.080000
46.090000
46.110000
46.110000
46.110000
46.120000
46.130000
46.140000
46.160000
46.160000
46.160000
46.170000
46.170000
46.170000
46.180000
46.180000
46.190000
46.200000
46.200000
46.200000
46.200000
46.200000
46.200000
46.200000
46.200000
46.210000
46.210000
46.220000
46.230000
46.230000
46.230000
46.240000
46.240000
46.240000
46.240000
46.240000
46.240000
46.240000
46.240000
46.240000
46.250000
46.260000
46.260000
46.260000
46.260000
46.260000
46.260000
46.260000
46.260000
46.260000
46.260000
46.260000
46.260000
46.260000
46.260000
46.270000
46.270000
46.270000
46.270000
46.270000
46.280000
46.280000
46.280000
46.280000
46.280000
46.280000
46.290000
46.290000
46.300000
46.300000
46.310000
46.330000
46.330000
46.330000
46.330000
46.330000
46.330000
46.330000
46.330000
46.330000
46.330000
46.350000
46.350000
46.350000
46.350000
46.360000
46.360000
46.360000
46.370000
46.370000
46.380000
46.380000
46.380000
46.380000
46.400000
46.400000
46.400000
46.410000
46.410000
46.420000
46.420000
46.430000
46.430000
46.430000
46.430000
46.440000
46.440000
46.450000
46.450000
46.460000
46.470000
46.480000
46.480000
46.480000
46.490000
46.500000
46.500000
46.500000
46.510000
46.510000
46.510000
46.510000
46.510000
46.510000
46.520000
46.520000
46.520000
46.520000
46.530000
46.530000
46.530000
46.550000
46.560000
46.570000
46.580000
46.580000
46.590000
46.590000
46.620000
46.620000
46.630000
46.630000
46.650000
46.650000
46.660000
46.660000
46.660000
46.660000
46.660000
46.660000
46.660000
46.660000
46.670000
46.670000
46.670000
46.670000
46.670000
46.670000
46.680000
46.680000
46.680000
46.680000
46.680000
46.690000
46.700000
46.710000
46.710000
46.710000
46.710000
46.720000
46.720000
46.740000
46.750000
46.750000
46.750000
46.750000
46.750000
46.780000
46.790000
46.800000
46.800000
46.800000
46.810000
46.810000
46.810000
46.830000
46.830000
46.840000
46.840000
46.840000
46.840000
46.840000
46.840000
46.840000
46.860000
46.870000
46.880000
46.880000
46.880000
46.880000
46.880000
46.880000
46.890000
46.890000
46.900000
46.900000
46.900000
46.900000
46.900000
46.900000
46.900000
46.900000
46.900000
46.920000
46.930000
46.930000
46.930000
46.940000
46.940000
46.950000
46.960000
46.960000
46.960000
46.970000
46.970000
46.970000
46.970000
46.970000
46.970000
46.970000
46.980000
46.980000
46.990000
46.990000
46.990000
46.990000
46.990000
46.990000
46.990000
46.990000
46.990000
46.990000
46.990000
47.000000
47.000000
47.000000
47.000000
47.000000
47.000000
47.010000
47.010000
47.030000
47.050000
47.060000
47.060000
47.060000
47.080000
47.080000
47.080000
47.080000
47.080000
47.080000
47.080000
47.090000
47.090000
47.100000
47.100000
47.100000
47.100000
47.100000
47.100000
47.100000
47.100000
47.110000
47.110000
47.110000
47.110000
47.110000
47.110000
47.110000
47.110000
47.110000
47.110000
47.110000
47.110000
47.110000
47.130000
47.130000
47.130000
47.130000
47.140000
47.140000
47.140000
47.150000
47.150000
47.150000
47.150000
47.150000
47.150000
47.150000
47.150000
47.150000
47.150000
47.160000
47.160000
47.160000
47.160000
47.170000
47.170000
47.180000
47.180000
47.180000
47.180000
47.190000
47.190000
47.200000
47.200000
47.200000
47.210000
47.210000
47.210000
47.230000
47.230000
47.250000
47.260000
47.260000
47.260000
47.270000
47.270000
47.270000
47.280000
47.280000
47.290000
47.300000
47.300000
47.310000
47.330000
47.330000
47.330000
47.330000
47.340000
47.350000
47.350000
47.360000
47.370000
47.370000
47.370000
47.370000
47.370000
47.370000
47.370000
47.380000
47.380000
47.390000
47.390000
47.400000
47.400000
47.400000
47.400000
47.410000
47.410000
47.410000
47.410000
47.410000
47.410000
47.420000
47.420000
47.430000
47.430000
47.430000
47.430000
47.430000
47.440000
47.440000
47.440000
47.440000
47.460000
47.470000
47.470000
47.470000
47.480000
47.480000
47.480000
47.500000
47.520000
47.520000
47.520000
47.520000
47.520000
47.520000
47.530000
47.530000
47.530000
47.530000
47.550000
47.570000
47.570000
47.570000
47.590000
47.600000
47.600000
47.600000
47.600000
47.600000
47.610000
47.610000
47.610000
47.610000
47.620000
47.620000
47.620000
47.630000
47.630000
47.630000
47.630000
47.630000
47.630000
47.640000
47.640000
47.640000
47.650000
47.650000
47.650000
47.660000
47.670000
47.670000
47.670000
47.670000
47.670000
47.670000
47.680000
47.680000
47.680000
47.680000
47.680000
47.690000
47.700000
47.710000
47.710000
47.710000
47.720000
47.730000
47.730000
47.730000
47.740000
47.740000
47.740000
47.750000
47.750000
47.750000
47.750000
47.750000
47.750000
47.750000
47.750000
47.750000
47.750000
47.750000
47.760000
47.760000
47.760000
47.760000
47.770000
47.770000
47.770000
47.790000
47.790000
47.790000
47.790000
47.790000
47.790000
47.790000
47.790000
47.790000
47.810000
47.810000
47.810000
47.810000
47.810000
47.810000
47.810000
47.810000
47.810000
47.810000
47.810000
47.810000
47.810000
47.820000
47.830000
47.830000
47.830000
47.830000
47.830000
47.830000
47.830000
47.830000
47.840000
47.840000
47.840000
47.840000
47.850000
47.860000
47.860000
47.870000
47.870000
47.870000
47.870000
47.870000
47.870000
47.870000
47.870000
47.880000
47.880000
47.890000
47.890000
47.890000
47.890000
47.890000
47.910000
47.910000
47.910000
47.910000
47.910000
47.920000
47.920000
47.920000
47.930000
47.930000
47.930000
47.940000
47.940000
47.940000
47.940000
47.940000
47.940000
47.940000
47.940000
47.960000
47.960000
47.960000
47.960000
47.960000
47.960000
47.980000
47.980000
47.980000
47.980000
47.980000
47.980000
47.980000
47.990000
47.990000
48.000000
48.010000
48.020000
48.020000
48.030000
48.030000
48.030000
48.030000
48.030000
48.030000
48.040000
48.040000
48.050000
48.050000
48.050000
48.050000
48.050000
48.050000
48.060000
48.070000
48.080000
48.080000
48.080000
48.080000
48.080000
48.100000
48.110000
48.130000
48.140000
48.140000
48.140000
48.140000
48.140000
48.140000
48.140000
48.140000
48.140000
48.140000
48.140000
48.140000
48.150000
48.160000
48.170000
48.170000
48.170000
48.180000
48.180000
48.200000
48.200000
48.200000
48.200000
48.200000
48.200000
48.200000
48.200000
48.200000
48.200000
48.200000
48.200000
48.200000
48.200000
48.200000
48.200000
48.200000
48.200000
48.200000
48.200000
48.200000
48.200000
48.200000
48.200000
48.200000
48.200000
48.200000
48.200000
48.200000
48.200000
48.200000
48.200000
48.210000
48.210000
48.210000
48.210000
48.220000
48.230000
48.230000
48.230000
48.230000
48.230000
48.230000
48.230000
48.230000
48.240000
48.240000
48.240000
48.240000
48.240000
48.240000
48.240000
48.240000
48.240000
48.250000
48.250000
48.250000
48.250000
48.250000
48.250000
48.250000
48.250000
48.250000
48.250000
48.250000
48.250000
48.250000
48.250000
48.260000
48.260000
48.260000
48.260000
48.260000
48.260000
48.260000
48.260000
48.260000
48.260000
48.260000
48.260000
48.260000
48.270000
48.270000
48.270000
48.270000
48.290000
48.290000
48.290000
48.290000
48.290000
48.290000
48.290000
48.290000
48.290000
48.290000
48.290000
48.290000
48.290000
48.290000
48.290000
48.290000
48.290000
48.290000
48.290000
48.290000
48.290000
48.290000
48.290000
48.290000
48.290000
48.300000
48.300000
48.300000
48.300000
48.300000
48.300000
48.300000
48.300000
48.300000
48.300000
48.300000
48.310000
48.310000
48.310000
48.310000
48.310000
48.310000
48.310000
48.310000
48.310000
48.310000
48.310000
48.310000
48.310000
48.310000
48.310000
48.310000
48.310000
48.310000
48.310000
48.310000
48.310000
48.310000
48.310000
48.310000
48.310000
48.320000
48.320000
48.320000
48.320000
48.320000
48.320000
48.320000
48.330000
48.340000
48.350000
48.350000
48.350000
48.350000
48.350000
48.350000
48.360000
48.360000
48.370000
48.370000
48.370000
48.380000
48.380000
48.390000
48.390000
48.390000
48.400000
48.410000
48.410000
48.410000
48.410000
48.410000
48.410000
48.410000
48.410000
48.420000
48.420000
48.420000
48.420000
48.420000
48.420000
48.420000
48.420000
48.430000
48.430000
48.430000
48.430000
48.430000
48.440000
48.440000
48.440000
48.450000
48.450000
48.450000
48.450000
48.450000
48.450000
48.450000
48.450000
48.460000
48.460000
48.460000
48.460000
48.460000
48.460000
48.480000
48.480000
48.480000
48.490000
48.490000
48.490000
48.490000
48.490000
48.490000
48.490000
48.510000
48.520000
48.520000
48.530000
48.530000
48.530000
48.530000
48.530000
48.530000
48.540000
48.540000
48.540000
48.540000
48.540000
48.540000
48.540000
48.540000
48.540000
48.540000
48.540000
48.550000
48.550000
48.550000
48.550000
48.550000
48.560000
48.560000
48.560000
48.560000
48.560000
48.560000
48.560000
48.570000
48.580000
48.580000
48.580000
48.580000
48.580000
48.580000
48.580000
48.580000
48.580000
48.580000
48.580000
48.580000
48.580000
48.580000
48.580000
48.580000
48.580000
48.580000
48.590000
48.590000
48.590000
48.590000
48.590000
48.590000
48.590000
48.590000
48.590000
48.590000
48.600000
48.600000
48.600000
48.600000
48.610000
48.610000
48.610000
48.610000
48.610000
48.610000
48.610000
48.610000
48.610000
48.610000
48.610000
48.610000
48.620000
48.630000
48.630000
48.640000
48.640000
48.640000
48.640000
48.640000
48.640000
48.640000
48.650000
48.650000
48.650000
48.650000
48.650000
48.650000
48.650000
48.650000
48.650000
48.650000
48.650000
48.650000
48.660000
48.660000
48.670000
48.670000
48.670000
48.670000
48.670000
48.670000
48.670000
48.670000
48.670000
48.670000
48.670000
48.670000
48.680000
48.680000
48.680000
48.680000
48.680000
48.680000
48.680000
48.680000
48.680000
48.680000
48.680000
48.680000
48.680000
48.680000
48.680000
48.690000
48.690000
48.690000
48.690000
48.690000
48.690000
48.690000
48.690000
48.690000
48.690000
48.690000
48.690000
48.700000
48.700000
48.700000
48.700000
48.700000
48.700000
48.700000
48.700000
48.700000
48.710000
48.710000
48.710000
48.710000
48.720000
48.720000
48.720000
48.720000
48.730000
48.730000
48.730000
48.730000
48.740000
48.740000
48.740000
48.740000
48.740000
48.740000
48.740000
48.740000
48.740000
48.740000
48.740000
48.740000
48.740000
48.740000
48.740000
48.740000
48.740000
48.740000
48.740000
48.740000
48.740000
48.740000
48.740000
48.740000
48.750000
48.750000
48.750000
48.750000
48.750000
48.750000
48.750000
48.750000
48.750000
48.750000
48.750000
48.750000
48.750000
48.750000
48.750000
48.750000
48.750000
48.750000
48.750000
48.750000
48.750000
48.750000
48.750000
48.750000
48.750000
48.750000
48.750000
48.750000
48.750000
48.750000
48.750000
48.750000
48.760000
48.760000
48.760000
48.760000
48.760000
48.760000
48.760000
48.760000
48.760000
48.760000
48.760000
48.760000
48.760000
48.770000
48.770000
48.770000
48.770000
48.770000
48.770000
48.770000
48.770000
48.770000
48.770000
48.770000
48.770000
48.770000
48.770000
48.770000
48.770000
48.770000
48.770000
48.770000
48.770000
48.770000
48.770000
48.770000
48.770000
48.770000
48.770000
48.770000
48.770000
48.770000
48.770000
48.780000
48.780000
48.790000
48.790000
48.790000
48.790000
48.790000
48.790000
48.790000
48.790000
48.800000
48.800000
48.800000
48.800000
48.810000
48.810000
48.810000
48.810000
48.810000
48.810000
48.820000
48.820000
48.820000
48.830000
48.830000
48.830000
48.830000
48.840000
48.840000
48.840000
48.840000
48.840000
48.840000
48.850000
48.850000
48.850000
48.860000
48.860000
48.870000
48.870000
48.880000
48.880000
48.880000
48.880000
48.880000
48.890000
48.920000
48.920000
48.920000
48.920000
48.920000
48.920000
48.930000
48.930000
48.930000
48.930000
48.930000
48.930000
48.930000
48.940000
48.950000
48.950000
48.960000
48.960000
48.960000
48.960000
48.960000
48.960000
48.960000
48.960000
48.960000
48.960000
48.960000
48.960000
48.960000
48.970000
48.970000
48.970000
48.970000
48.970000
48.970000
48.970000
48.970000
48.970000
48.970000
48.970000
48.970000
48.980000
48.980000
48.980000
48.980000
48.980000
48.990000
48.990000
48.990000
48.990000
48.990000
48.990000
48.990000
49.000000
49.000000
49.000000
49.000000
49.000000
49.000000
49.000000
49.010000
49.010000
49.010000
49.010000
49.010000
49.010000
49.010000
49.010000
49.010000
49.010000
49.010000
49.010000
49.010000
49.010000
49.020000
49.020000
49.020000
49.020000
49.020000
49.020000
49.020000
49.020000
49.020000
49.020000
49.030000
49.030000
49.030000
49.030000
49.030000
49.030000
49.030000
49.030000
49.030000
49.030000
49.030000
49.030000
49.030000
49.030000
49.030000
49.030000
49.030000
49.030000
49.030000
49.030000
49.030000
49.030000
49.030000
49.030000
49.040000
49.040000
49.040000
49.040000
49.040000
49.040000
49.040000
49.040000
49.040000
49.040000
49.040000
49.040000
49.040000
49.040000
49.050000
49.050000
49.050000
49.050000
49.050000
49.050000
49.050000
49.050000
49.050000
49.050000
49.050000
49.050000
49.050000
49.050000
49.050000
49.060000
49.060000
49.060000
49.060000
49.060000
49.060000
49.060000
49.060000
49.060000
49.060000
49.060000
49.060000
49.060000
49.060000
49.060000
49.060000
49.060000
49.060000
49.060000
49.060000
49.060000
49.060000
49.060000
49.060000
49.060000
49.060000
49.060000
49.060000
49.060000
49.060000
49.060000
49.060000
49.060000
49.060000
49.060000
49.060000
49.070000
49.070000
49.070000
49.080000
49.080000
49.080000
49.090000
49.090000
49.090000
49.090000
49.090000
49.090000
49.090000
49.090000
49.090000
49.090000
49.090000
49.100000
49.110000
49.110000
49.110000
49.110000
49.110000
49.110000
49.110000
49.110000
49.110000
49.110000
49.110000
49.110000
49.110000
49.110000
49.110000
49.110000
49.110000
49.110000
49.110000
49.110000
49.110000
49.110000
49.110000
49.110000
49.110000
49.120000
49.120000
49.120000
49.130000
49.130000
49.130000
49.130000
49.140000
49.140000
49.140000
49.140000
49.140000
49.150000
49.150000
49.150000
49.150000
49.150000
49.150000
49.160000
49.170000
49.170000
49.170000
49.170000
49.170000
49.190000
49.190000
49.200000
49.200000
49.200000
49.200000
49.210000
49.210000
49.210000
49.210000
49.210000
49.210000
49.210000
49.220000
49.220000
49.230000
49.230000
49.230000
49.230000
49.230000
49.230000
49.230000
49.230000
49.230000
49.230000
49.230000
49.230000
49.230000
49.230000
49.230000
49.230000
49.230000
49.240000
49.240000
49.240000
49.250000
49.250000
49.250000
49.250000
49.250000
49.250000
49.250000
49.250000
49.250000
49.250000
49.250000
49.250000
49.250000
49.250000
49.250000
49.250000
49.250000
49.250000
49.250000
49.250000
49.250000
49.250000
49.250000
49.260000
49.260000
49.270000
49.270000
49.270000
49.270000
49.270000
49.270000
49.270000
49.270000
49.270000
49.280000
49.280000
49.280000
49.280000
49.280000
49.280000
49.280000
49.280000
49.280000
49.290000
49.290000
49.290000
49.300000
49.300000
49.300000
49.300000
49.300000
49.300000
49.300000
49.300000
49.300000
49.300000
49.300000
49.300000
49.300000
49.300000
49.300000
49.300000
49.300000
49.300000
49.300000
49.300000
49.300000
49.300000
49.300000
49.300000
49.300000
49.300000
49.300000
49.300000
49.300000
49.300000
49.310000
49.310000
49.310000
49.310000
49.310000
49.310000
49.310000
49.310000
49.310000
49.310000
49.310000
49.310000
49.310000
49.310000
49.310000
49.310000
49.310000
49.320000
49.320000
49.320000
49.320000
49.320000
49.330000
49.330000
49.330000
49.330000
49.330000
49.330000
49.330000
49.330000
49.330000
49.330000
49.330000
49.330000
49.330000
49.330000
49.330000
49.330000
49.330000
49.330000
49.330000
49.330000
49.330000
49.330000
49.330000
49.330000
49.330000
49.330000
49.330000
49.330000
49.330000
49.330000
49.330000
49.330000
49.330000
49.330000
49.330000
49.330000
49.330000
49.330000
49.330000
49.330000
49.330000
49.330000
49.330000
49.330000
49.330000
49.330000
49.330000
49.330000
49.330000
49.330000
49.330000
49.330000
49.330000
49.330000
49.330000
49.330000
49.330000
49.330000
49.330000
49.340000
49.340000
49.340000
49.340000
49.340000
49.340000
49.340000
49.340000
49.340000
49.340000
49.340000
49.340000
49.340000
49.340000
49.340000
49.340000
49.340000
49.340000
49.340000
49.340000
49.350000
49.350000
49.350000
49.350000
49.350000
49.350000
49.350000
49.350000
49.360000
49.360000
49.360000
49.360000
49.360000
49.360000
49.360000
49.360000
49.360000
49.360000
49.370000
49.370000
49.370000
49.370000
49.370000
49.370000
49.370000
49.370000
49.370000
49.370000
49.370000
49.370000
49.370000
49.380000
49.380000
49.380000
49.380000
49.380000
49.380000
49.380000
49.390000
49.390000
49.390000
49.390000
49.390000
49.400000
49.400000
49.400000
49.400000
49.400000
49.400000
49.400000
49.400000
49.410000
49.420000
49.420000
49.420000
49.420000
49.420000
49.420000
49.420000
49.420000
49.420000
49.420000
49.420000
49.420000
49.420000
49.420000
49.420000
49.420000
49.420000
49.420000
49.430000
49.430000
49.430000
49.440000
49.440000
49.440000
49.440000
49.440000
49.440000
49.440000
49.440000
49.440000
49.450000
49.450000
49.450000
49.450000
49.460000
49.460000
49.460000
49.460000
49.460000
49.460000
49.460000
49.460000
49.460000
49.460000
49.460000
49.460000
49.460000
49.460000
49.460000
49.460000
49.460000
49.460000
49.460000
49.460000
49.460000
49.460000
49.460000
49.460000
49.460000
49.460000
49.460000
49.460000
49.460000
49.460000
49.460000
49.460000
49.460000
49.470000
49.470000
49.470000
49.470000
49.470000
49.470000
49.470000
49.470000
49.470000
49.470000
49.470000
49.470000
49.470000
49.470000
49.470000
49.480000
49.480000
49.480000
49.480000
49.480000
49.480000
49.480000
49.480000
49.480000
49.480000
49.480000
49.480000
49.480000
49.480000
49.480000
49.480000
49.480000
49.480000
49.490000
49.490000
49.490000
49.490000
49.500000
49.500000
49.500000
49.500000
49.500000
49.500000
49.500000
49.500000
49.500000
49.500000
49.500000
49.500000
49.500000
49.500000
49.500000
49.500000
49.500000
49.500000
49.500000
49.500000
49.500000
49.500000
49.500000
49.500000
49.500000
49.500000
49.500000
49.500000
49.500000
49.500000
49.500000
49.500000
49.500000
49.500000
49.500000
49.500000
49.500000
49.500000
49.500000
49.500000
49.500000
49.500000
49.500000
49.500000
49.500000
49.510000
49.510000
49.510000
49.510000
49.510000
49.510000
49.510000
49.510000
49.520000
49.520000
49.520000
49.520000
49.520000
49.520000
49.520000
49.520000
49.520000
49.520000
49.520000
49.520000
49.520000
49.520000
49.520000
49.520000
49.520000
49.520000
49.520000
49.520000
49.520000
49.520000
49.520000
49.520000
49.520000
49.520000
49.530000
49.540000
49.540000
49.540000
49.540000
49.540000
49.540000
49.540000
49.540000
49.540000
49.540000
49.540000
49.540000
49.540000
49.540000
49.540000
49.540000
49.540000
49.540000
49.540000
49.540000
49.540000
49.540000
49.540000
49.540000
49.540000
49.540000
49.540000
49.540000
49.540000
49.540000
49.540000
49.540000
49.540000
49.540000
49.540000
49.540000
49.540000
49.540000
49.540000
49.540000
49.540000
49.540000
49.540000
49.540000
49.540000
49.540000
49.540000
49.540000
49.540000
49.540000
49.540000
49.540000
49.540000
49.540000
49.550000
49.550000
49.550000
49.550000
49.550000
49.550000
49.550000
49.560000
49.560000
49.560000
49.560000
49.560000
49.570000
49.570000
49.570000
49.570000
49.570000
49.570000
49.570000
49.570000
49.570000
49.570000
49.570000
49.570000
49.570000
49.570000
49.570000
49.570000
49.570000
49.580000
49.580000
49.580000
49.580000
49.590000
49.590000
49.590000
49.590000
49.590000
49.590000
49.590000
49.590000
49.590000
49.590000
49.590000
49.590000
49.590000
49.590000
49.590000
49.590000
49.590000
49.590000
49.590000
49.590000
49.590000
49.590000
49.590000
49.590000
49.590000
49.590000
49.590000
49.590000
49.590000
49.590000
49.590000
49.590000
49.590000
49.590000
49.590000
49.590000
49.590000
49.590000
49.590000
49.590000
49.590000
49.590000
49.590000
49.590000
49.590000
49.590000
49.590000
49.590000
49.590000
49.590000
49.590000
49.590000
49.590000
49.590000
49.590000
49.590000
49.590000
49.590000
49.590000
49.590000
49.590000
49.590000
49.600000
49.600000
49.600000
49.600000
49.600000
49.600000
49.600000
49.600000
49.600000
49.600000
49.600000
49.600000
49.600000
49.600000
49.600000
49.600000
49.600000
49.600000
49.600000
49.600000
49.610000
49.610000
49.610000
49.610000
49.610000
49.620000
49.620000
49.620000
49.620000
49.620000
49.620000
49.620000
49.630000
49.630000
49.630000
49.630000
49.630000
49.630000
49.630000
49.630000
49.630000
49.630000
49.630000
49.630000
49.630000
49.630000
49.630000
49.630000
49.630000
49.630000
49.630000
49.630000
49.630000
49.630000
49.630000
49.630000
49.630000
49.630000
49.630000
49.630000
49.630000
49.630000
49.630000
49.630000
49.630000
49.630000
49.630000
49.630000
49.630000
49.630000
49.630000
49.630000
49.630000
49.630000
49.630000
49.630000
49.630000
49.630000
49.630000
49.630000
49.630000
49.630000
49.630000
49.630000
49.630000
49.630000
49.630000
49.630000
49.630000
49.630000
49.630000
49.630000
49.630000
49.630000
49.630000
49.630000
49.630000
49.630000
49.630000
49.630000
49.640000
49.640000
49.640000
49.640000
49.640000
49.640000
49.640000
49.640000
49.640000
49.640000
49.650000
49.650000
49.650000
49.650000
49.650000
49.650000
49.650000
49.650000
49.650000
49.650000
49.650000
49.650000
