# Created by Octave 3.0.1, Wed Sep 09 21:29:04 2009 PDT <jwawerla@marvin2>
# name: prtA
# type: matrix
# rows: 100
# columns: 10
 419.4 484.9 594.2 1221.6 1270.7 1767.9 2392.7 2548.7 2617.3 2777.6
 263.4 456.7 752.9 1017.7 1511.1 2246.3 2311.9 2905.9 2974.6 2956.5
 392.1 610.2 708.9 1232.3 1287.9 1789.8 1856.5 2015.1 2084 2244.6
 348.8 754.7 794.2 1249.7 1605 2020.3 2087.8 2927 2996 3156.7
 373.1 775.1 890.3 1237.2 1298 2412.8 2480.1 2987.7 3056.8 3217.4
 591.5 830 870 1433.7 1494.4 1646.8 1714.8 1831 0 0
 691.9 751.3 792.8 1525.6 1586.1 1738.6 1806.6 1699.2 1766.7 3259.1
 193 902.8 934 1287 1344.1 2056.9 2408.4 2566.8 2635.8 2796.4
 254.4 315.6 1069.9 1163.2 1221.1 1366.4 2038.3 2197 2266 1985.7
 40.1 40.1 46.3 804.4 1057 1671.4 2051.8 2208.9 2277.7 2438.1
 94.2 140.1 157.2 751.6 852 1565.8 1778.7 1936 2004.8 2165.3
 69.3 119.5 127.7 263.2 680 1215 1279.1 2007.2 2074.4 2233.4
 79.2 147.2 156.8 431.6 750.4 1469.6 1756.6 2193.7 2262.4 2479
 65.8 129.6 133.1 432.2 551.1 1376.7 1630.4 2130.2 2198.8 2395
 87 98.3 99.90000000000001 413 897.4 1162.4 1225.6 1931.4 2000 2196.3
 60 68.90000000000001 70.3 332 372.6 1424.3 1487.7 1647.1 2060.3 3015.5
 70.8 81.09999999999999 82.8 640.2 681.6 1005.9 1459.4 2113.3 2181.9 2376.3
 71.59999999999999 125.1 144.6 279.3 562.5 1483.8 1547.1 1943.6 2012.2 3024.3
 113.1 128.4 131.1 758.3 840.3 1018.5 1082.2 2037.5 2106.2 2300.5
 144.7 162.3 165.6 340 935.6 1330.5 1394 1747.7 1816.3 2414.4
 61.3 97 102 482.8 662.1 1090.5 1168.2 1319.6 1387.4 2739.5
 64.8 69.2 74.09999999999999 346.5 380.8 1400.7 1839.8 2010.5 2078.9 2257.8
 55.1 59 63.4 208.3 265.6 971.1 1123.9 2118.2 2186.6 2365.6
 71.5 76.40000000000001 81.90000000000001 473.4 665.9 917.7 1408.3 2348.1 2416.5 2594.3
 60.1 64.7 69.09999999999999 173.7 201.5 892.9 1400.3 1577.3 1962 2756.1
 53.6 57.7 61.6 83.2 618.9 1166.3 1366.6 1790.2 1858.5 2790
 86.7 92.09999999999999 97.5 145.8 170.4 1113.9 1671 2145.8 2214.1 2386.6
 55 58.9 62.7 174.1 271.2 795.5 862.7 2420.5 2857.2 3028.2
 53.3 57 74 97.09999999999999 207.1 817.3 1198.5 1739.6 1807 3397.5
 68.8 74.40000000000001 105.4 134.6 370.4 1215.3 1281.1 1807.1 2150.3 2329.7
 42 105.4 110.8 405.9 546.9 960.3 1226.3 1664.1 1731.8 1891.1
 43.1 46.9 49.7 65.09999999999999 393.8 1025.6 1089.6 2237.4 1805.8 2783.4
 40.1 71.8 75.8 150 629.7 965.9 1029.5 1377.1 1439.9 2953.5
 54.9 59.9 63.2 290 343.6 903.7 967.3 1859.5 1922.4 2625.4
 53.3 70.5 74 147.5 484.4 794.1 1320.5 1861.5 1924.7 2098.1
 84 91 95.3 119.9 141 871.5 1121.8 1851.2 1914.4 2088.9
 40.1 40.1 40.1 192.1 217.3 973.9 1094.6 1707 2859.4 3017.9
 63.8 68.7 72.7 169.7 193.1 860.7 1106.5 2372.2 2441.4 2619.2
 53.4 57.5 61 77.7 610 831.6 1084.1 1673.3 1742.5 2963.2
 40.1 40.1 40.1 99 117 922.9 1433.1 1598.9 1668.1 3227.5
 59.8 64.59999999999999 68.5 120.3 202.9 872.8 1335.4 2429 2495.9 3074.2
 85.59999999999999 92.40000000000001 109.7 134 235.8 1134 1193.3 1358.4 1426.3 1652.1
 40.1 40.1 40.1 80.5 154 1126.8 1185.8 1349.8 1417.7 2530.6
 40.9 44.4 47 58.9 70.5 833.1 1493.3 1757.9 1825.7 1993.1
 48.9 53 56 134.3 176.8 528.5 1275.7 1762.1 1829.8 1996.9
 40.1 47.1 49.8 187.4 254.9 742.6 801.2 963.6 1031.4 2235.6
 40.1 40.1 61.5 76.59999999999999 219.7 892.9 1393 1866.9 1643.3 1810.7
 40.1 44.9 47.4 75.09999999999999 145.8 711.3 841.6 1851.4 2199.5 2060.1
 40.1 47.2 49.8 125.1 163 946 1094.5 1766.6 1831.3 2065.8
 68.2 73.5 134.8 190.8 232.9 610.5 667.8 2147.3 2857.7 3016.1
 71.8 77.59999999999999 81.90000000000001 279.2 325.2 795.7 1041.3 1868.3 1933.1 2095.8
 40.1 40.1 40.1 74.2 107.4 1190 1640.2 2031.5 1393.6 2972.6
 59.2 63.4 66.90000000000001 98.59999999999999 113.7 882.5 1140.1 1425.9 2031.2 2193.3
 66.8 71.40000000000001 75.3 109.2 125.4 758.3 1109.8 1270.2 1337.8 2292.2
 49.9 106.5 159.7 185.1 261.5 836.8 1440.4 1600.9 1872.9 2044.1
 51.6 55.4 58.8 72.09999999999999 365.5 592.9 768.3 2023 2091 2721
 85 147.7 154.6 179.6 218.7 720.1 776.7 1678.8 1746.8 1914.2
 58.5 63 79.59999999999999 125.7 143.7 824.2 1204.4 1363.5 1970.4 2521.8
 70.09999999999999 75.7 80.3 197.1 218.4 835.6 1110 1267.9 1981.6 2225.8
 41.1 56.1 59.8 73.2 105.9 797.3 918.2 1521.9 1592.2 2763.6
 96.7 104.2 167.9 210.1 232.4 783.5 968.7 1743.6 1813.9 1981.4
 40.1 40.1 48.8 137.8 156.9 582.4 639.2 1931.8 1999.8 2167.2
 40.1 40.1 75.3 152.6 172.9 980.4 1365.7 1639.1 1707.1 2314.8
 59.7 64.8 69 161.8 182.7 498.6 555.4 1613.2 1681.2 1844.7
 40.1 40.1 84.59999999999999 177.4 256.4 930.2 1059 1911.9 1979.9 2207.2
 60.5 66.40000000000001 70.90000000000001 119.7 138.7 713.5 770.9 1690.7 1758.9 1921.7
 40.5 66.90000000000001 71.3 88.59999999999999 545.2 782.7 840.2 1645.7 2187.1 2726.9
 40.1 43.6 46.5 58.7 70.2 624.3 681.8 1674 2094.3 2742.3
 41.3 45.5 48.5 61.3 190.8 922.8 1170.2 1552.6 1620.9 3151.3
 70.3 88.3 93.90000000000001 184 225.5 316 765.5 1824.3 1892.1 2117.1
 58.3 64 68.2 131.9 424.9 1015.9 1073.3 1720.1 1787.5 1946.8
 66.3 72.7 77.40000000000001 240.1 316.3 520.3 1379.1 1906.6 1974 2133.1
 85.59999999999999 93.40000000000001 99.2 237.5 381.2 799.4 1030.9 1692 2351.3 2510.1
 49.6 65.8 70.40000000000001 87.7 177.6 1011.3 1068.9 1232.7 2003.9 2721
 48.9 64.59999999999999 69 86 139.7 724.2 781.6 1563.1 2025.5 2676
 87.3 94.59999999999999 125.4 150.6 268.3 929.6 1165.5 1641.2 1710.7 1873.4
 76.59999999999999 83.2 88.7 195.1 431.9 714.3 771.8 1980.4 2049.9 2212.6
 87.40000000000001 95 101.2 140.9 184.2 1076.9 1188.4 2000.2 2069.7 2499.2
 40.1 40.1 73 124.2 143.6 1089 1146.8 1634.8 1704.4 1867.1
 40.1 88.8 94.7 188.8 406.2 787.3 1153.5 2007.7 2298.4 2461.2
 85.5 93.09999999999999 99.5 251.5 369.7 837.9 896 1573.3 1640.7 1803.5
 66.8 134.1 142.6 199.6 283.9 753.5 1229.7 1704.7 2093.7 2256
 67.09999999999999 73.5 92.09999999999999 143.3 430.5 850.1 908.3 1806.5 1874 2036.3
 65.2 71.59999999999999 77 185.7 357.7 937.5 995.5 1688.9 1822.9 1982.1
 40.1 45.3 48.8 78.09999999999999 170.8 1222.9 1280.9 1852.7 1981.5 2140.6
 66.3 72.8 78.3 156.1 215.4 957.3 1320.3 1483.4 1554.3 1716.2
 57.2 63 67.90000000000001 232.9 607.5 766.9 1103.2 1618 1689 2499.3
 40.1 45.4 98.7 182.7 270.8 1141.7 1198.6 1741.9 1812.8 2349.6
 40.1 40.1 61.8 78.2 362.3 791 848 2070.3 2141.2 2809.4
 57.5 63.6 68.7 104 121.5 1009.1 1066.1 1230.7 1301.6 0
 49.4 54.8 59.3 136.8 468.5 570.8 841.2 1743 2037.1 2197.2
 40.1 40.1 40.1 65.09999999999999 121.2 1131.2 1188.3 2048.8 2330.2 2490.4
 57.9 64.5 69.7 136.1 199 1118.5 1245.5 1584.3 1653.3 3719.9
 59.1 65.90000000000001 71.40000000000001 138.6 342.1 961.4 1018.7 1707 1776 1935.8
 40.1 87.90000000000001 94.90000000000001 165.7 276 1233.2 1455.7 1935.2 2004.2 2631.9
 47.9 75.90000000000001 82 148.2 170.4 1098.2 1706.4 1871.3 1940.3 2590.6
 41.3 46.1 50.2 63.7 194.8 907.3 1477.4 1642.7 2362.6 0
 68.2 76.3 81.90000000000001 216 241.8 751.4 1080.5 1977 2288 2724.5
 87.7 97.8 104.7 242.8 269.6 829.8 1290.1 1661.4 1730.3 1892
 40.1 55.1 59.4 127.5 148.4 1101 1388.1 1856.3 1925.2 2134.2
# name: prtB
# type: matrix
# rows: 100
# columns: 10
 322.5 471.3 484.9 1244.1 2253.7 2995.9 3140.1 3971.9 4037.4 4359.4
 267 620.7 1343.6 2251.7 2329.6 3752.1 4231.1 4376.8 4443.9 4534.1
 377.3 927.5 1087.1 2252.6 3105.9 3648.1 3707.3 4897.3 4965 5124.5
 372.1 786.8 1655.5 2673.2 3334.9 3654.8 3810.9 4237.3 4305.7 4558.6
 733 1300.9 1407.1 2656 3103.5 3602.8 4063.4 4220.2 4289 0
 1259.9 1429 1545.1 2365.8 3490.7 4135.1 4200.1 4357.2 4426 4367.7
 755.9 1060.3 1835 3342.8 3713.7 3850.5 3916.1 4848.2 4917 5077.5
 534.2 1617 2619.1 2880.4 3437.4 3641 4287.2 4444.9 4513.8 4674.3
 1396.4 2156.9 2473.9 3571.8 4000.6 4202.7 4771.2 5159.8 5228.7 5116.2
 49.1 840.9 2482.8 3213.4 3479.3 4210.4 4274 4430.1 4498.8 4659.1
 845 1358.8 2377.1 3128.9 3464.6 3599.5 3664 4209.7 4119.7 0
 318.1 389.2 1784.2 3082.2 3123.6 4358.7 4422.2 4577.8 4646.4 4844.8
 1249.4 1269.2 1275.6 3038.9 3152.5 3398.2 3461.1 4675.8 4744.3 4932.1
 664.9 1443.2 1912 3003.5 3247.2 3372.2 3435.3 4319.9 4388.5 4349.1
 341 1648.3 1656.2 3103.9 3538.3 3804.8 4193.7 4728.2 4827.9 4987.1
 368.3 1534.6 1787.1 2964.1 3199.9 3827.6 3903.6 4322.3 4390.7 5515.9
 918.7 2065.5 2075.9 2582.5 2617.3 3575.1 4157 0 0 0
 408.7 419.1 429.5 2933.9 3334.5 4046.2 4117.5 4114.2 4327.9 4485.4
 455.1 466.4 1008.3 2516.7 3281.9 3457.6 3528.9 4564 4632.3 4807.8
 826.1 1166.2 1176.2 2069.4 3222.8 3828 3897.7 4345.1 4413.4 4588.5
 40.1 40.1 40.1 2184.5 2663.9 3656 4504.9 5019.8 5087.7 5918.5
 547.1 1188.3 1198.2 2867.2 2920.7 3703.9 3770.3 4046.6 4112.2 4269.8
 624.5 636.6 647.1 1823.3 2616.2 3898.4 4269.9 5260.2 5328.1 5506.1
 62 67.09999999999999 71.8 1233.3 3190.6 3664.5 4002.9 4372 4307.2 4464.7
 40.1 40.1 40.1 1957.3 2573.8 3777.2 3913 4179.9 4248.8 4423.5
 44.3 48 1350.8 2475 2543.8 3291.6 3920.7 4609.4 4694.5 4714.4
 363.3 376.3 385.2 2761.8 3238.8 3706.8 4383.3 4388.9 5707.4 5896.8
 491.4 1136.7 1687.8 2120.3 2849.7 3922.3 3985.7 4008.8 4074.3 4231.8
 305.5 1371.3 1379.4 1853.2 1882.8 3392.4 3454.2 4493.7 4576.2 4762.9
 449.6 1102 1273.5 2025.3 2765.4 3506.1 3567.7 3604.3 4517.5 4700
 365.6 376.5 613.8 2319.3 3128.3 3878.8 3940.1 4463.1 4532.5 4705
 505.2 516.3 572.3 2275.4 2862.4 3194.3 3255.7 4836.8 4906.2 5462
 783.7 816.5 825.2 2759.9 2811.9 3045.7 3749 4327.5 4396.9 4569.4
 359 1183.3 1307.1 2311.9 2362 3484 3871.9 4349.9 4429.4 5211.1
 440.5 727.4 772.7 2829 2857.8 3794.4 3855.1 3893.4 4161.4 4528.2
 774.6 858.7 1077 2485.4 2746.4 3499.8 3560.1 0 0 0
 583.3 606.9 616 2157.6 2302.9 3204.5 3654.9 5284.6 5352.9 6041.4
 265.2 715.3 1614.7 1925.9 2305.6 3647.1 3706.6 4395.6 5698.7 5872.5
 326.1 1189.9 1198 1431.4 3075 3173.8 3233 3663.2 4872.5 4594.5
 317.3 792.5 801.1 2549.6 2614 3480.5 3686.5 3849.6 3917.4 4590.6
 309.1 590.6 611.9 1807 2382 3045.5 3978.1 4139.8 4207.6 4248.8
 310.6 346.4 1194.1 2044.4 2072.2 3468.3 3526.4 3988 4055.8 5343.3
 273.3 362.5 370.3 1776.3 2887.4 3849.9 4125.8 4738.6 5100.6 6056.6
 278.6 311.6 319.2 433.8 2989.1 3427.6 3582.7 4245.5 4312.9 4479.2
 306.3 714.1 735.2 2472.3 2627.4 3571.9 3973.4 4453.8 4531 4710.5
 244.7 255.4 263.1 1950.2 3150.7 3997.6 4054.8 4305.4 4370.1 4863.2
 336 347.5 355.7 1960.8 2535.9 3395.7 3452.8 4317.5 4382.2 4544.9
 61.4 1321.4 1330 2589.4 2698.3 3300.1 3356.9 4330.4 4395.3 4557.7
 351 963.1 1160.1 2312.3 2461.7 3570.5 3627.1 3876.7 4725 4901.5
 81 572 592.1 1848 2798.3 3628.4 4063.9 4390 4357.1 4742.8
 173.9 243.9 436.6 1063.6 1910 3596.5 3652.8 4602.3 4571.1 5269
 40.1 40.1 40.1 2134.4 2778.7 3363.3 3419.9 4154.8 4222.4 0
 420.7 904.4 995.6 2471.5 2496.4 3065.7 3122.3 4320.9 4124.8 5496.8
 287.4 297.7 306.3 2362.1 2425.5 3340.6 3397.1 4841 4909 5076.1
 666.2 722.3 744.4 2683.8 2771.4 3311 3367.5 4309.4 5315.7 5999.8
 297.9 309 767.5 1572.4 2938.1 3235.2 3825.1 4085.5 4058.4 4216
 316.5 349.2 358.2 1831.7 2583 3274.5 3665.5 3823.5 3893.7 4909.9
 391.6 554.4 664.7 2237.9 2701.8 4028.5 4085.8 4245.5 4313.5 4362
 806.2 907.3 1374.7 1930.1 2320.1 3158 3460.4 4144 4364.4 0
 488 715.4 725.3 2078.2 2124.6 3551.3 3608.5 3744.1 3925.4 0
 665.1 679.8 690 1862.6 1908.6 3458.7 3950.4 4112.1 4180.3 4341.7
 326.8 341 923.4 1819.4 2563.2 3501 3558.5 4173 4248.8 0
 237.6 998.9 1281.9 1458.6 1896 3798.6 4122.9 4609 4677.3 5977.9
 478.7 493.3 503.1 565.6 3129.1 3409.6 3467.3 3940.1 4008.3 4171.5
 292 306 374.6 2429.9 3153.6 3860.9 4074.7 4822.1 4890.3 5053.4
 298 1152.5 1162.5 2424 2656.1 3384.8 3940.1 4102.9 4170.7 0
 100.5 386.2 1284.9 2482 2914.9 3498.8 3556.3 4604 4671.8 4836.7
 666 905.7 915.4 2586.7 3022.8 3304.4 3361.8 0 0 0
 336.9 920.2 1128.2 2392.3 2931.3 3729.4 3786.7 3810.9 4148.2 4305.7
 208.9 342.7 352.3 2775.9 2982.7 3854.5 4026.6 4360.2 0 0
 276.5 664.7 953.6 2520.8 2897 3418.1 3475.8 4072.5 4142.6 4183.2
 66 619.7 1815.9 2148.6 2620 3050 3575.2 3850.5 3916.1 4848.2
 41.3 1570 1580.4 2517.3 2544.6 2730.8 2960.8 3014.6 3735.2 3893.1
 331.2 343.7 556.1 891.5 2719.5 3769.4 4504.8 4670 4739.9 4902.7
 369.9 382.6 1036.9 2691.7 2736.1 3363.9 3421.3 4500.5 4894.8 5057.6
 40.3 44.3 47.8 2546.9 2674.1 3068.7 3126.9 3914.7 3982.2 5178.8
 427.4 1343.5 1355.1 2284.8 2312.6 3920.8 3979 4376.5 4443.9 4606.2
 40.9 1208.3 1220.2 1312.7 2785.9 3324.2 4106.5 4412.6 4713.5 4875.9
 306.1 319.3 368.2 696 3069.6 3903 4274.8 4438.3 4505.8 4668
 686.2 711.8 1598.9 1847.4 2553.5 3055.7 3747.7 4634 4701.4 4920.1
 313.9 327.6 1293 2636.3 2704.7 3585.8 3643.8 4452.1 4519.5 4558.5
 302.3 458.3 675.8 1206.4 2968.2 3486.3 4081.9 4494.8 4002.3 4168
 282.6 325.9 336.9 1641.5 2542.4 3631.6 3955.6 4118.5 3911.7 4582.9
 119.7 350.3 698.4 2311.3 2338.1 3583 4271.3 4801.4 5209.4 5371.4
 111.3 121.3 388 2969.5 3120.2 3659.3 3716.2 4320 0 0
 131.4 196.2 206.1 2475.6 2815.1 3689 4026.6 4074.3 4315 4472.4
 288.8 493.3 695.1 1797.4 3125.2 3678 3881.7 4045.9 4116.8 4367.2
 749.6 852.3 864.2 2127.9 2155.4 3785.2 3842.3 4148.2 4219.1 4250.2
 289 786.9 811.7 2681.3 2906.8 3517.3 3943.8 4636.5 4705.5 5226.3
 282.8 298.4 721.7 2139.3 3108.9 3306.5 3668.9 4515.5 4584.5 4744.3
 394.2 530.2 653.6 2452.1 2481.2 3005.7 3871.6 4659.1 5217.7 5243.8
 363.3 391.8 478.7 2569.9 2598.9 3657.6 4179.9 4486 4555 4715.1
 40.1 47.1 1842.2 2363.4 2849.4 2987.5 3418.4 3732.7 3801.6 0
 673.5 711.6 2111.1 2202.3 2405.4 3375 3432.2 4052.5 4121.4 4151.6
 68.2 76.2 845.7 2636.6 2771.2 3461.8 3641.9 4702 4770.9 4932.6
 142.9 1016 1027.4 2724.6 3346.3 3642.9 3983.6 4146.4 4215.4 5373.7
 87.90000000000001 336.2 384 1624.8 2845.1 3775.9 3833.2 4166.8 4235.8 4264.1
 574.4 787.9 799.4 2084.6 2760.4 3721.5 3842.7 4208.3 4277.3 4682.3
 40.1 883.1 894.7 2305.7 2772.9 3726.1 3783.5 4305.2 4374.2 5230.8
 283.8 329.9 1333.7 2389.6 2659.4 3650.4 3707.8 5118.8 5187.7 5627.9
# name: collectedA
# type: matrix
# rows: 100
# columns: 10
 19 20 23 40 40 44 48 48 48 48
 14 19 27 29 36 45 45 47 47 47
 19 25 27 40 40 44 44 44 44 44
 19 31 31 40 43 45 45 49 49 49
 19 31 33 39 39 48 48 49 49 49
 27 33 33 39 39 39 39 47 0 0
 34 34 34 43 43 43 43 43 43 49
 8 37 37 43 43 48 49 49 49 49
 14 14 41 41 41 41 48 48 48 48
 2 2 2 31 37 46 48 48 48 48
 7 9 9 32 33 40 41 41 41 41
 5 8 8 12 29 40 40 46 46 46
 6 10 10 20 30 45 47 49 49 49
 5 9 9 22 25 43 45 47 47 47
 6 6 6 21 38 40 40 46 46 46
 4 4 4 15 15 46 46 46 47 49
 5 5 5 31 31 34 42 45 45 45
 6 9 10 14 23 45 45 47 47 49
 9 9 9 35 36 37 37 47 47 47
 11 11 11 17 38 42 42 43 43 44
 4 6 6 24 29 36 36 36 36 47
 5 5 5 20 20 45 49 49 49 49
 4 4 4 11 12 34 35 42 42 42
 6 6 6 26 33 38 43 48 48 48
 5 5 5 10 10 32 39 39 40 43
 5 5 5 5 29 43 45 47 47 49
 8 8 8 9 9 36 45 47 47 47
 4 4 4 9 12 31 31 46 49 49
 4 4 5 5 10 31 38 41 41 48
 6 6 8 8 18 42 42 47 48 48
 3 8 8 26 31 42 45 46 46 46
 3 3 3 3 19 34 34 48 47 49
 3 5 5 8 34 40 40 42 42 48
 4 4 4 17 18 32 32 44 44 48
 4 5 5 8 24 30 43 49 49 49
 7 7 7 7 7 35 38 46 46 46
 2 2 2 12 12 34 35 41 49 49
 5 5 5 10 10 32 36 48 48 48
 4 4 4 4 32 35 39 43 43 47
 2 2 2 5 5 27 39 39 39 48
 5 5 5 7 10 30 38 48 48 49
 8 8 9 9 13 43 43 43 43 43
 2 2 2 4 7 45 45 45 45 49
 3 3 3 3 3 33 46 47 47 47
 4 4 4 8 9 22 44 48 48 48
 3 3 3 11 13 31 31 31 31 47
 3 3 4 4 11 35 44 48 46 46
 3 3 3 4 7 31 32 47 48 48
 3 3 3 7 8 35 37 45 45 45
 6 6 11 13 14 26 26 41 46 46
 6 6 6 18 19 35 39 46 46 46
 3 3 3 4 5 39 47 49 42 48
 5 5 5 6 6 38 42 44 49 49
 7 7 7 8 8 33 41 41 41 47
 4 9 13 13 16 35 48 48 46 46
 4 4 4 4 21 26 28 48 48 49
 8 13 13 13 14 29 29 48 48 48
 5 5 6 8 8 37 43 43 48 49
 6 6 6 13 13 34 39 39 46 46
 3 4 4 4 5 35 36 42 42 49
 9 9 14 15 15 36 39 46 46 46
 3 3 3 8 8 23 23 47 47 47
 3 3 5 9 9 38 46 47 47 47
 5 5 5 10 10 21 21 47 47 47
 3 3 6 11 14 38 39 49 49 49
 5 5 5 7 7 27 27 48 48 48
 3 5 5 5 31 36 36 45 48 49
 3 3 3 3 3 25 25 42 45 49
 3 3 3 3 9 34 39 42 42 48
 6 7 7 12 13 13 23 48 48 48
 5 5 5 8 25 41 41 47 47 47
 7 7 7 17 20 24 46 48 48 48
 8 8 8 16 22 32 36 45 49 49
 4 5 5 5 9 34 34 34 43 49
 4 5 5 5 7 25 25 43 45 47
 8 8 10 10 15 39 42 46 46 46
 7 7 7 13 24 29 29 44 44 44
 8 8 8 9 10 39 40 48 48 49
 3 3 5 7 7 40 40 46 46 46
 3 7 7 12 24 34 42 47 48 48
 8 8 8 17 22 35 35 39 39 39
 6 12 12 14 17 29 39 42 44 44
 6 6 7 9 25 35 35 47 47 47
 6 6 6 12 20 36 36 46 46 46
 3 3 3 4 8 43 43 48 48 48
 6 6 6 10 12 39 45 45 45 45
 5 5 5 15 35 37 42 45 45 48
 3 3 7 11 14 42 42 45 45 44
 3 3 4 4 18 27 27 48 48 49
 5 5 5 6 6 37 37 37 37 0
 4 4 4 8 27 27 31 48 49 49
 2 2 2 3 5 38 38 46 47 47
 5 5 5 8 10 40 41 43 43 49
 5 5 5 8 18 38 38 48 48 48
 3 7 7 10 15 41 44 46 46 48
 4 6 6 9 9 37 46 46 46 49
 3 3 3 3 9 35 45 45 49 0
 6 6 6 14 14 29 35 46 47 48
 8 8 8 16 16 35 45 47 47 47
 4 4 4 7 7 39 43 49 49 49
# name: collectedB
# type: matrix
# rows: 100
# columns: 10
 38 52 52 132 224 272 275 296 296 294
 27 59 132 210 213 281 296 296 296 296
 43 97 112 217 272 288 288 299 299 299
 42 87 173 257 287 294 295 298 298 293
 88 150 157 256 279 286 292 292 292 0
 147 161 169 226 285 295 295 295 295 295
 87 116 188 282 293 293 293 299 299 299
 62 173 260 270 289 290 298 298 298 298
 139 202 224 282 292 293 297 298 298 298
 3 88 238 279 288 299 299 299 299 299
 99 151 246 285 296 296 296 299 299 0
 34 38 168 258 258 295 295 295 295 295
 137 137 137 275 278 281 281 299 299 299
 81 161 208 279 286 286 286 298 298 298
 35 171 171 268 286 291 291 293 293 293
 41 164 184 259 269 289 289 291 291 296
 97 218 218 255 255 284 295 0 0 0
 49 49 49 255 277 298 298 298 299 299
 56 56 111 245 282 283 283 295 295 295
 100 135 135 206 278 291 291 293 293 293
 2 2 2 207 237 272 293 296 296 299
 66 131 131 266 267 297 297 297 297 297
 71 71 71 178 235 284 292 299 299 299
 5 5 5 119 272 287 292 294 294 294
 2 2 2 205 248 295 296 297 297 297
 3 3 144 239 241 278 293 299 299 299
 37 37 37 245 269 285 298 290 299 299
 55 117 176 209 254 295 295 295 295 295
 40 156 156 194 194 283 283 295 295 295
 53 136 151 216 262 289 289 289 298 298
 44 44 65 211 262 289 289 295 295 295
 58 58 62 229 265 275 275 296 296 297
 86 88 88 261 262 265 285 294 294 294
 45 137 149 241 242 281 290 294 294 298
 52 83 86 264 264 292 292 292 294 295
 94 101 124 241 256 284 284 0 0 0
 67 68 68 215 223 260 268 294 294 297
 33 78 180 204 227 280 280 290 299 299
 39 135 135 152 279 279 279 281 297 299
 38 90 90 246 248 289 292 292 292 294
 36 66 67 190 227 261 298 298 298 298
 35 37 133 207 207 278 278 284 284 298
 32 40 40 166 248 283 289 294 296 299
 34 36 36 42 256 275 277 294 294 294
 38 81 82 232 240 285 294 294 294 294
 27 27 27 184 268 297 297 298 298 299
 43 43 43 209 246 286 286 298 298 298
 5 149 149 257 262 281 281 295 295 295
 43 111 130 232 239 283 283 284 298 298
 7 59 60 175 246 283 294 296 296 297
 19 25 44 106 182 283 283 295 295 298
 2 2 2 226 269 290 290 299 299 0
 51 103 110 255 255 279 279 297 296 298
 32 32 32 228 230 275 275 298 298 298
 84 88 89 261 265 283 283 299 294 297
 34 34 83 148 255 265 287 288 288 288
 42 44 44 201 260 289 298 298 298 297
 46 60 69 215 242 295 295 295 295 295
 111 120 172 215 241 283 288 295 296 0
 63 88 88 211 212 290 290 291 292 0
 88 88 88 201 202 287 298 298 298 295
 37 37 104 176 233 290 290 298 298 0
 26 115 144 154 185 286 292 295 295 299
 58 58 58 60 284 291 291 295 295 295
 36 36 41 222 267 290 293 298 298 298
 36 136 136 245 258 289 298 298 298 0
 10 42 138 241 267 288 288 298 298 298
 84 110 110 248 276 284 284 0 0 0
 42 109 127 238 271 295 295 295 298 298
 22 35 35 247 260 292 294 295 0 0
 35 78 106 248 270 285 285 290 290 290
 6 74 199 226 256 270 284 293 293 299
 3 201 201 278 278 280 284 284 297 297
 36 36 56 82 235 280 298 298 298 298
 44 44 110 249 250 272 272 293 295 295
 3 3 3 240 245 256 256 281 281 292
 50 150 150 230 230 295 295 298 298 298
 3 142 142 146 253 270 291 292 293 293
 37 37 40 66 261 289 298 298 298 298
 88 89 186 203 251 269 291 298 298 299
 35 35 134 246 248 285 285 298 298 298
 40 56 76 129 265 281 297 299 295 295
 38 41 41 179 246 291 298 298 292 294
 12 37 69 218 218 277 292 296 299 299
 11 11 40 266 273 288 288 299 0 0
 14 19 19 227 249 284 289 289 291 291
 34 54 75 173 277 291 293 293 293 291
 88 96 96 215 215 293 293 294 294 294
 35 85 86 248 258 279 289 294 294 295
 34 34 79 210 275 279 286 295 295 295
 46 59 69 233 233 250 284 296 298 298
 42 43 49 234 234 277 292 294 294 294
 3 3 198 247 279 280 293 295 295 0
 88 90 232 236 247 290 290 295 295 295
 6 6 86 247 253 282 284 299 299 299
 15 106 106 250 285 293 298 298 298 298
 8 37 40 163 264 297 297 298 298 298
 74 95 95 215 257 295 296 298 298 298
 3 100 100 213 239 282 282 290 290 296
 35 38 140 220 233 274 274 297 297 298
# name: avgRateA
# type: matrix
# rows: 100
# columns: 10
 0.04424778761061947 0.03739016638624042 0.03313166234514549 0.02323420074349443 0.01761571321618884 0.006501278092170393 0.00387324796049287 0.0009134383914349927 0.0004677573859378487 9.546964701689177e-05
 0.05120702267739576 0.03749753305703572 0.03165670066830813 0.01910786057850695 0.01433634662100275 0.006210065826697763 0.003655000446722277 0.0008883697281399617 0.0004564232344675289 9.344744525620009e-05
 0.04725192738124844 0.03786731293547409 0.03337866238101125 0.02309068867978988 0.01748328161195856 0.00648030869834163 0.003711044574705858 0.0008459082074243826 0.0004310175933544924 8.760671593084326e-05
 0.05295429208472686 0.03852367341866534 0.03466785953925296 0.02286106189632508 0.01650671785028791 0.006409982479381223 0.00372276179288208 0.0009258034651501124 0.0004757466309371238 9.73851684773352e-05
 0.04959540589924302 0.037571203490486 0.03332323538321721 0.0224499194105457 0.01697127937336815 0.006475285991797971 0.003846123027860354 0.0009247429120343023 0.0004754659566375047 9.737342150728492e-05
 0.04488778054862843 0.0375 0.03402061855670103 0.02016858871593319 0.01563502245028865 0.005867485105614732 0.003329122136101342 0.0009067932318496653 0 0
 0.04843994871064254 0.04243104954449021 0.03808243727598566 0.02122827804107425 0.01662735393062913 0.006381147419345264 0.003642030728575542 0.0008317343401832137 0.0004225350728676473 9.736535315506467e-05
 0.03940886699507389 0.03883291351805206 0.03578336557059961 0.02406267487409065 0.01834392730685551 0.006801853505080135 0.003948937816317978 0.0009321472868806927 0.0004774162621619357 9.745495393363993e-05
 0.05295007564296521 0.03829321663019693 0.03504573040430806 0.02465127465127465 0.01845932195758858 0.006440060316662478 0.003987273950640871 0.0009195930800620725 0.0004693642070678427 9.562025372435908e-05
 0.03992015968063872 0.02219755826859046 0.01367053998632946 0.02376571603802514 0.01798736023334954 0.006895104475822166 0.003982807547420302 0.0009193834767635403 0.0004693105144132103 9.553415634682164e-05
 0.0671785028790787 0.04734350341925302 0.03499222395023328 0.02556727388942154 0.01781857451403888 0.006092174601724085 0.00348085951760381 0.0007894331484904498 0.0004019418694022242 8.164642200486573e-05
 0.06305170239596469 0.0471976401179941 0.03513394817742644 0.01572327044025157 0.01726190476190476 0.006436041834271922 0.003546382246810473 0.0008844929163654264 0.0004506516815185787 9.159088184895708e-05
 0.06726457399103139 0.05070993914807303 0.03894080996884735 0.021468441391155 0.01713893967093236 0.006955607765549647 0.003997754452817992 0.0009388106227379933 0.0004791594955721751 9.751651312791182e-05
 0.06596306068601583 0.05011135857461025 0.03861003861003861 0.02360008581849388 0.01611759396557282 0.006743299825928772 0.003869170449855551 0.0009015887144112242 0.000459887983029155 9.355188646383822e-05
 0.06185567010309279 0.04045853000674308 0.03001500750375188 0.02300109529025192 0.02002740592389586 0.006490977541217708 0.003563283922462942 0.0008857839380413392 0.0004509803921568627 9.159764817064563e-05
 0.05714285714285714 0.0336417157275021 0.02348796241926013 0.01802884615384615 0.01092816552528049 0.00716031318587239 0.004004282841648023 0.0008906598821618252 0.0004605120698253875 9.741250518125187e-05
 0.06188118811881188 0.03813882532418002 0.02735229759299781 0.0271882125942817 0.01843482397716461 0.005661099918413561 0.003665113356720247 0.0008635031748133393 0.0004403911064484023 8.957428923299128e-05
 0.07352941176470588 0.05139920045688178 0.04088307440719542 0.01796484024124214 0.01472 0.006940374471760387 0.003897082384321605 0.0009048275437204969 0.0004607292068987827 9.741080102889662e-05
 0.07311129163281885 0.05044843049327354 0.03894418000865426 0.02781530636573154 0.01956202793022877 0.006147711223726842 0.003338687264261609 0.0009031948114340619 0.0004603050549330011 9.356948679127335e-05
 0.07110536522301229 0.05181347150259067 0.0414156626506024 0.02023809523809524 0.0196321554040091 0.006634547034199511 0.003686150605581885 0.000830954805720834 0.0004223292341206663 8.757710766251922e-05
 0.05610098176718093 0.04081632653061224 0.0297029702970297 0.02442002442002442 0.01744780699115577 0.00591084475823003 0.003223437975680951 0.0007014863716786569 0.0003550737073837578 9.348778045090947e-05
 0.06684491978609626 0.04194630872483222 0.02871912693854107 0.02362669816893089 0.01448435689455388 0.007030481041136126 0.004138583422017264 0.0009421174570519415 0.0004800208466196247 9.755946050016546e-05
 0.06144393241167435 0.03669724770642202 0.02447980416156671 0.01553014259494565 0.009481668773704172 0.005694093215655407 0.003146378518325407 0.0008058605247303246 0.0004110127942411236 8.360445062321147e-05
 0.0736196319018405 0.04746835443037974 0.03298515667949423 0.02671049928087117 0.01980911219160814 0.006421413724926914 0.003769185592945487 0.0009169387236595025 0.0004686744811627033 9.550446553015026e-05
 0.07132667617689016 0.04359197907585004 0.02956830277942046 0.0148434021077631 0.008322929671244279 0.005430263537477303 0.003420962606247204 0.000756146599376082 0.0003923030148486691 8.552854952928468e-05
 0.07861635220125786 0.04642525533890436 0.03094059405940594 0.008573388203017831 0.01791339798628698 0.006973387606830676 0.003958967501275668 0.0009075075979625489 0.0004614244270237633 9.745619443505241e-05
 0.0827300930713547 0.05629838142153414 0.04050632911392405 0.01393620315887272 0.007689678742310321 0.005888221920541717 0.003855710736012338 0.0009013189940512946 0.0004598191443254893 9.355345066926547e-05
 0.06153846153846154 0.03673094582185491 0.02458512599877075 0.01335113484646195 0.009439899307740716 0.005348977655077215 0.002853802461634769 0.0008775192911170248 0.0004763886242285421 9.74100457986252e-05
 0.06319115323854661 0.03738317757009346 0.02873563218390805 0.008373806732540613 0.008284317786430288 0.005328932666357244 0.00339331160423271 0.0007924297829902048 0.0004027227990216783 9.535208259874154e-05
 0.07614213197969544 0.04823151125401929 0.03894839337877312 0.01260636621493854 0.01313485113835376 0.006757517738484063 0.003723041192791483 0.0009072115598055093 0.0004698958299681939 9.555477209490102e-05
 0.0576923076923077 0.05148005148005148 0.03795066413662239 0.0287007395959819 0.02004008016032064 0.007046625169873999 0.004008444456321317 0.0008903668117706493 0.0004521693315167922 9.165334870452973e-05
 0.05649717514124294 0.03095975232198142 0.02004008016032064 0.005308794903556892 0.01363179796240494 0.00564259160913436 0.003065935651421151 0.0009188818739064348 0.000461663284410122 9.745747373521082e-05
 0.05988023952095808 0.04105090311986864 0.02844141069397042 0.01230769230769231 0.0208627354727864 0.006704772121557519 0.003626637653565438 0.000817484832736764 0.0004140382630503382 9.54362580238531e-05
 0.06163328197226502 0.03639672429481346 0.02450980392156863 0.02151898734177215 0.01339684429889848 0.005420329623795247 0.002917764627574699 0.0008484462827447237 0.0004317009803536809 9.549855618120373e-05
 0.06319115323854661 0.04149377593360996 0.02873563218390805 0.01235521235521236 0.01616814874696847 0.005177680744205312 0.003798418797756283 0.000944824195212248 0.0004807470613109482 9.759049078257814e-05
 0.07446808510638298 0.04964539007092199 0.03584229390681003 0.01129214389417648 0.006134969325153374 0.005960998041386358 0.003416713121976659 0.000887154009936125 0.0004513591798607459 9.16172414885093e-05
 0.03992015968063872 0.02219755826859046 0.01427551748750892 0.01733853489380147 0.009857882198307731 0.00569142436264417 0.003154687866169127 0.0007929293906047537 0.0004763784350287869 9.741204040651435e-05
 0.06775067750677508 0.04212299915754002 0.02895193977996526 0.01493205913095416 0.008381527114240216 0.005460098623031378 0.00324134515824067 0.0009165167779852671 0.0004685605624288618 9.54997341924065e-05
 0.06309148264984227 0.03720930232558139 0.02484472049689441 0.006924009001211701 0.01987577639751553 0.006001783387063584 0.003518553603810864 0.0008321512270360128 0.000422635575103816 9.344620043772586e-05
 0.03992015968063872 0.02219755826859046 0.01427551748750892 0.008347245409015025 0.004476275738585497 0.00455857772375019 0.003411148332473257 0.0007558300661448209 0.0003836011492296994 9.538429437977854e-05
 0.07163323782234958 0.04363001745200698 0.02967359050445104 0.01128486216346929 0.008313242996092774 0.005108295872496935 0.003352329869259135 0.0009155238513036679 0.0004683114153834446 9.740113883796863e-05
 0.08368200836820085 0.05617977528089887 0.04291845493562232 0.01419558359621451 0.01051950153746561 0.007010107597000326 0.003841583804597393 0.0008372534969936757 0.0004239531561340599 8.571677463325679e-05
 0.03992015968063872 0.02219755826859046 0.01427551748750892 0.006890611541774332 0.006065857885615251 0.007344780309460077 0.004022957678485223 0.0008763422642347195 0.0004437095299932852 9.750650010168535e-05
 0.05893909626719057 0.03177966101694915 0.02040816326530612 0.005367686527106817 0.002802428771602055 0.005657369151908933 0.004002331793305666 0.0009080739365391564 0.0004615730606320408 9.362678490999179e-05
 0.06791171477079797 0.03883495145631068 0.02564102564102564 0.01261232855115876 0.007647858599592114 0.003979379578547527 0.003902196759402964 0.0009273194093748128 0.0004713747841987316 9.561812035094241e-05
 0.05988023952095808 0.03089598352214212 0.02002670226969292 0.01600232761128892 0.01035939118654873 0.005398251663009787 0.002870051475761952 0.0006082772802549271 0.0003068353007084927 9.358157804823075e-05
 0.05988023952095808 0.03329633740288569 0.02476780185758514 0.006937218175511619 0.009018611133885381 0.005939350744115801 0.003862020538927412 0.0009254457081491279 0.0004525630317000727 9.166803338390353e-05
 0.05988023952095808 0.03161222339304531 0.0203527815468114 0.006955312119631368 0.006109268633269332 0.005427836044333164 0.00295159386068477 0.000906436470374956 0.0004696696167789471 9.560608381347174e-05
 0.05988023952095808 0.0308641975308642 0.02002670226969292 0.01119820828667413 0.006878761822871883 0.005886310124453414 0.003334985803776646 0.0008692863738395027 0.0004419073506868713 8.962968598936634e-05
 0.07672634271099744 0.048582995951417 0.04684838160136286 0.01881876085697742 0.01135534106577987 0.004634168077711434 0.002437241043139166 0.0007862343783858416 0.0004472197997816401 9.14483651716118e-05
 0.07334963325183375 0.04702194357366771 0.03298515667949423 0.0231006160164271 0.01433745849683067 0.006038959918560312 0.003532192767156042 0.0008868615319954576 0.000451276376368422 9.161598244797109e-05
 0.05988023952095808 0.03329633740288569 0.02141327623126339 0.006966213862765586 0.004515080368430558 0.006300484652665589 0.004037731310458583 0.0009417372168782373 0.0004142273279575831 9.543263390490855e-05
 0.0722543352601156 0.04409171075837742 0.02995805871779509 0.01002338790511193 0.005387447247912364 0.006459838504037399 0.003770163643055269 0.0008555999992221817 0.0004802452583131435 9.757199070557094e-05
 0.09114583333333334 0.05766062602965404 0.03993154592127781 0.01313197636244255 0.007108583614714768 0.005730858065748572 0.003690435471385624 0.0007996848071589345 0.0004045874293698896 9.357103295651415e-05
 0.0667779632721202 0.05750798722044728 0.05005775895263766 0.01897533206831119 0.01268331351565597 0.005996436403508771 0.0041956574944932 0.0009302163334360447 0.0004515430502125688 9.162541697034186e-05
 0.06493506493506493 0.03795066413662239 0.0251889168765743 0.006991784653032686 0.01537898205785427 0.004648751095138479 0.002600224733709128 0.000922668819560579 0.000470168770998423 9.746957059681215e-05
 0.08421052631578947 0.06575619625695499 0.05106048703849175 0.01912889935256033 0.01148765077541643 0.005069841436338525 0.002690990748559392 0.0009288141365511582 0.0004717593084008539 9.563387527190903e-05
 0.072992700729927 0.04424778761061947 0.0334075723830735 0.01278568003835704 0.006994841304537903 0.006352803818550187 0.003837778015779515 0.0008371703641691084 0.0004707248377960664 9.750820760412782e-05
 0.0749063670411985 0.0477326968973747 0.03327787021630615 0.01864868741930856 0.01066973079448457 0.005826307491945987 0.00351035103510351 0.000760709917901845 0.0004510617601606564 9.159226786039268e-05
 0.05870841487279843 0.03770028275212065 0.02503128911138924 0.006978367062107466 0.004521204448865178 0.006037293222707122 0.003297246798922899 0.0008151873281070768 0.0004134175655217625 9.746131183721335e-05
 0.08434864104967198 0.05836575875486382 0.05225830533781262 0.02112378538234052 0.0121713729308666 0.006224604478257111 0.003555571763290089 0.0008889988327058806 0.0004518047142875384 9.163686144546391e-05
 0.05988023952095808 0.03329633740288569 0.02016129032258064 0.01254311696456569 0.006915031549831445 0.004120091716824305 0.00216181667794571 0.0009050331396177293 0.0004607852172259161 9.35943247587656e-05
 0.05988023952095808 0.03329633740288569 0.02852253280091272 0.01379098988660742 0.007673288430386222 0.006354090027422915 0.004047265016672972 0.0009101630353743578 0.0004621112980313075 9.35668230360722e-05
 0.07173601147776183 0.04355400696864112 0.02958579881656805 0.01511030522816561 0.00845522955948254 0.003819153966464191 0.001989503003202153 0.0009106197639363574 0.0004622290059519361 9.365447119397694e-05
 0.05988023952095808 0.03329633740288569 0.03250270855904659 0.01623855919692944 0.01114294810569882 0.006407878317763314 0.003526539470114839 0.0009439068884013106 0.0004804868410343607 9.756929012566924e-05
 0.07092198581560284 0.0429553264604811 0.02925687536571094 0.01129578828465386 0.006147361025731097 0.004725649776844316 0.002506754310224772 0.0009286003091465196 0.0004717032122006036 9.563244625605946e-05
 0.0594059405940594 0.0427715996578272 0.02918855808523059 0.008494733265375467 0.0200621278798861 0.006225465612948969 0.003320971937787126 0.0008713213297525254 0.0004697266093274004 9.746842669449356e-05
 0.05988023952095808 0.03205128205128206 0.0204778156996587 0.005369608018614641 0.002803214352457484 0.004444997599701296 0.002340429515624708 0.000812787862367922 0.0004407689753492604 9.746544104206072e-05
 0.05847953216374269 0.03141361256544502 0.0202020202020202 0.005344735435595938 0.007557944239166947 0.00574052812858783 0.003491432561637213 0.0008147018773058973 0.0004133008072158385 9.539873990189432e-05
 0.07471980074719801 0.05061460592913955 0.03610108303249097 0.01754385964912281 0.01060791513667891 0.002445447705041385 0.002136454414565046 0.0009262064321177517 0.0004710865709902927 9.559523067427898e-05
 0.07320644216691069 0.04385964912280702 0.02972651605231867 0.01266023104921665 0.01754509088357077 0.006815272860253662 0.003702599947621757 0.000908737608782659 0.000461746285152892 9.363542112431038e-05
 0.09174311926605505 0.05704971475142624 0.03945885005636979 0.02296986893663018 0.0151941046873813 0.004347589804901907 0.004042498967405155 0.0009247378946029985 0.0004707082197422873 9.559218462196578e-05
 0.08368200836820085 0.05578800557880056 0.04016064257028112 0.02169491525423729 0.01592817839559803 0.005517812187467669 0.003263559637019645 0.0008705408960767623 0.0004787433085852353 9.751047789885218e-05
 0.06711409395973154 0.04317789291882556 0.02934272300469484 0.008507742045261188 0.007642663043478262 0.005656014506013674 0.003071669271562667 0.0006636386526573849 0.0004215525092668026 9.746957059681215e-05
 0.06791171477079797 0.04363001745200698 0.02958579881656805 0.008532423208191127 0.006141967184346757 0.004367422521924461 0.002318765303851006 0.0008339296900302737 0.000441066204037226 9.349959019328554e-05
 0.08221993833504625 0.05532503457814662 0.04436557231588287 0.01537042729787888 0.0118268548450682 0.006577172153264975 0.003761587031480901 0.000890761639930908 0.0004522631345571312 9.165658112185264e-05
 0.08083140877598154 0.05255255255255255 0.03709591944886063 0.0187023449863329 0.01676094699350513 0.005074987312531719 0.002692214857312613 0.0008464729013243453 0.0004311616179927663 8.761229805863095e-05
 0.08213552361396304 0.05517241379310345 0.03976143141153082 0.01404275237946638 0.008444519506840061 0.006417745890174267 0.003575131386078438 0.0009230733727947201 0.0004702668862551766 9.751259305487451e-05
 0.05988023952095808 0.03329633740288569 0.02890173410404624 0.01121435437359821 0.006121021336131515 0.006569223189357858 0.003588473822083468 0.0008908720475338338 0.0004522911496454431 9.165773169829224e-05
 0.05988023952095808 0.05043227665706052 0.0359527478171546 0.01742160278745645 0.01706727350305788 0.005874933043042524 0.003765634105886045 0.0009037123349042546 0.0004692155498033205 9.552976428826743e-05
 0.08376963350785341 0.05590496156533892 0.04010025062656641 0.02262142381902861 0.01606191136745273 0.00599530653145823 0.003212187958883994 0.00075620524573762 0.0003837045592956365 7.771966516773996e-05
 0.078125 0.06518196632265073 0.0494641384995878 0.02001143510577473 0.01324090661266454 0.005040410185104719 0.003472933382013767 0.0008123052643183308 0.0004309766420454935 8.760472746965691e-05
 0.07782101167315175 0.048582995951417 0.03643935450286309 0.01399036219493238 0.01747640685075149 0.005982803712757046 0.003208565954365025 0.0009072220667290784 0.0004613542218819326 9.361872836685316e-05
 0.07978723404255318 0.0493421052631579 0.03389830508474576 0.01750036459092898 0.01473079472637549 0.006063157894736842 0.003274066663635123 0.0008899396195314661 0.0004517647798285062 9.163673366042335e-05
 0.05988023952095808 0.03147953830010494 0.02016129032258064 0.006919218128351496 0.006832934745473181 0.006909961593469283 0.003811752608391175 0.0009256991439211459 0.0004706736025651711 9.559075685176622e-05
 0.07863695937090433 0.0488599348534202 0.03365114974761638 0.01524157902758726 0.009873292743129833 0.006546589898108203 0.003975159668913368 0.000874068146237428 0.0004431126993145539 8.969214069627411e-05
 0.0744047619047619 0.04424778761061947 0.02977963073257892 0.02046663937781416 0.02177293934681182 0.006415925367181675 0.003782693277613661 0.0008717889108450541 0.0004425257402472244 9.552252112590008e-05
 0.05988023952095808 0.03144654088050314 0.03522898842476095 0.01611249450710414 0.01101668240478439 0.006838497484409854 0.003750468808601075 0.0008697013445582787 0.0004419876479185328 8.758840456924819e-05
 0.05988023952095808 0.03329633740288569 0.02472187886279357 0.006918021445866482 0.01321294868971592 0.004662407183560697 0.002488938053097345 0.0009218306789090902 0.000469937694094058 9.745243426236661e-05
 0.07407407407407407 0.04401408450704226 0.02963841138114997 0.009933774834437087 0.005349977708426215 0.006157328052453778 0.003343544699577991 0.0007222231981995172 0.0003652459586028256 0
 0.06734006734006734 0.03816793893129771 0.02510985561833019 0.01256281407035176 0.01838610827374872 0.00484670065340705 0.002859462052171346 0.000927661712695437 0.0004802174895209683 9.757123297381985e-05
 0.03992015968063872 0.02219755826859046 0.01427551748750892 0.005308794903556892 0.004459507670353193 0.006197807933194154 0.003396405173261354 0.0008837859854597993 0.0004592974508014252 9.35341252290591e-05
 0.07363770250368187 0.04366812227074236 0.02946375957572187 0.01257663889325578 0.008340283569641367 0.006537550053117594 0.003645902805566671 0.0008335869634753209 0.0004230064346164856 9.727628390301832e-05
 0.07235890014471781 0.04314063848144952 0.02917152858809802 0.01252740369558409 0.01341181730124432 0.006374341597611299 0.003448682693965713 0.0009283075792445898 0.0004716239584970917 9.562975982187363e-05
 0.05988023952095808 0.05076142131979695 0.03591585428424833 0.01502178158329578 0.01175548589341693 0.006577680806006546 0.003840882704679766 0.000885719126911998 0.0004509618231406158 9.549732120066394e-05
 0.0690846286701209 0.04765687053216838 0.03296703296703297 0.01388460351743289 0.007689678742310321 0.006067364140238103 0.003929474475500581 0.0008868102399592838 0.0004512445029100365 9.749485963326812e-05
 0.05847953216374269 0.03121748178980229 0.01997336884154461 0.005321979776476849 0.007532641446267158 0.005924872615238773 0.003920748601599666 0.0008713719460833768 0.0004786904592106882 0
 0.07672634271099744 0.04750593824228028 0.03298515667949423 0.01955307262569832 0.0112739571589628 0.005042250582466878 0.003158702224628853 0.0008850068299440137 0.0004594869388393555 9.547973094607484e-05
 0.0818833162743091 0.05412719891745602 0.03908158280410357 0.02154011847065159 0.01260239445494644 0.006003636488387251 0.00398579286277358 0.0009097701572160259 0.0004620059117096873 9.364564487977494e-05
 0.07984031936127745 0.03805899143672693 0.02509410288582183 0.01115537848605578 0.006095437129919888 0.006392394689395181 0.003775871304256197 0.0009449189394538368 0.0004807447029782625 9.758347469660501e-05
# name: avgRateB
# type: matrix
# rows: 100
# columns: 10
 0.1142857142857143 0.09975062344139651 0.08890408616857583 0.07568373373086407 0.06884469988013646 0.03401743393489164 0.02092830343756897 0.005484335367107698 0.002845130693385264 0.0005829176575275488
 0.09747292418772563 0.08796779484121067 0.0914380714879468 0.07631645891630628 0.06397164824603556 0.0321065801350533 0.02079951655177744 0.005443497962366303 0.002834057326469042 0.0005866798696064349
 0.1110250451846114 0.09923273657289003 0.09434756970769102 0.0788345564193853 0.06624613361260626 0.03330211260276824 0.02101070232649756 0.005446533800387269 0.002848568570475873 0.0005919332758557544
 0.1099188694059147 0.1039674952198853 0.09854742238678439 0.08099079793268625 0.06620683291425408 0.03396958912973148 0.02135994033698021 0.005494373798105731 0.002856986722681502 0.0005807055909858637
 0.1184387617765814 0.1110370863868532 0.1041735783955942 0.08111533586818757 0.06799073961252589 0.03324499000325476 0.02076311560504572 0.005385446752317402 0.002799911783601339 0
 0.1157571462319868 0.1088573360378634 0.1027293173667254 0.07886105101542326 0.06346449328612466 0.03229302361222099 0.02077450158801699 0.005427063940011627 0.00282496696225078 0.0005848907453827832
 0.1135918527222875 0.1044762676754031 0.09715762273901808 0.07338399084001249 0.0621592379659291 0.03310547426699056 0.02105474953471159 0.005451409526657211 0.002849871803425565 0.0005919883582222531
 0.1139287026828372 0.1037792441511698 0.09561987422308853 0.07987220447284345 0.0651282282417632 0.03356093044786483 0.0208578307855983 0.005473423589720984 0.002851298106087426 0.0005904798401662221
 0.09883390216154721 0.09153110698264534 0.08702746804460157 0.06925683972690211 0.0583929928408591 0.03183848218457627 0.02010669410745234 0.005402485143165856 0.0028319270313137 0.0005899632599390001
 0.05076142131979695 0.098776518127736 0.0921480563729286 0.07513330101793504 0.06429576049829214 0.03246330235386086 0.0209471766848816 0.005493284046878474 0.002861276875906709 0.000592479160684906
 0.1157894736842105 0.107183418512209 0.09930967663800412 0.07853619554134862 0.06629933252699009 0.03442060584917728 0.02166276346604215 0.005515618053595575 0.002871694789746801 0
 0.1036269430051813 0.08652094717668489 0.08916250928776139 0.07202277929763833 0.06256668930061111 0.03152147199931614 0.02045457697161321 0.005405128092374555 0.002819017185493242 0.0005843379985294491
 0.1087819596633317 0.1038508186779867 0.09959290491421925 0.07770776229901946 0.06694762191450933 0.03345955085613583 0.02087496564173804 0.005468598539024577 0.002854570606706045 0.000592158826899696
 0.1200177804119129 0.1078221269756228 0.1033797216699801 0.0796346510632225 0.06733848182331889 0.03416067461360216 0.0212872060914159 0.005486018935970059 0.002854720587037844 0.0005908605765331989
 0.09971509971509972 0.100688924218336 0.09736932012299282 0.07436388357057631 0.06301919220853623 0.03305015446120298 0.02050205372806245 0.005353729886968693 0.002795057422689952 0.0005802128410804949
 0.1083795929156754 0.1034961504480626 0.09750410683058662 0.07476689472012933 0.06404914402723876 0.03273823009651548 0.02078598348629132 0.00535691603632394 0.002787604642942331 0.0005855404350288487
 0.1044470765586303 0.1030489246041125 0.1001884277770118 0.0827250608272506 0.07049456777154231 0.03311914729857378 0.02083774811047538 0 0 0
 0.1170288989730117 0.1044553400127904 0.09254013220018886 0.07425958822330295 0.06390587149613565 0.03294200879927483 0.02110855321409598 0.00550687250296595 0.002865963946365258 0.0005926831579268696
 0.1204042141474952 0.1084430673896205 0.1001533880718217 0.08121457221467167 0.06585861416660829 0.03346102913356035 0.02091818255734021 0.005406495124990836 0.002819397069547358 0.0005843808277130424
 0.1196029183112068 0.1110014800197336 0.1057827926657264 0.08017435977270958 0.0658330965236336 0.03296329859537834 0.02093871647826619 0.005391470436157078 0.0028061532332057 0.0005806711805758554
 0.03992015968063872 0.02219755826859046 0.01427551748750892 0.07710933134661949 0.06468517153852452 0.03142329020332717 0.02020007032106392 0.005379881424505359 0.002816695008074209 0.0005910042823102931
 0.1184706515885837 0.1057901962367762 0.10090895085503 0.07899738655262534 0.06810008416864335 0.03412263468100507 0.02156815755648025 0.005495257796050076 0.002852691615391856 0.0005889704281319246
 0.1118991331757289 0.1034080978735799 0.09503413197697765 0.07661515947144147 0.06498534373098834 0.03191585004045671 0.02046265215593662 0.005410765795273995 0.002838748634030235 0.0005914864331014008
 0.06944444444444445 0.04269854824935952 0.02910360884749709 0.06865516644550856 0.06490717319715553 0.03312366553176756 0.02085282334373594 0.005407194879717502 0.00281859737391091 0.0005827959815622382
 0.03992015968063872 0.02219755826859046 0.01427551748750892 0.08342489724494363 0.06939392243550283 0.03360980722781753 0.02127506648458277 0.005481737692391459 0.002848953657020512 0.0005887909663209585
 0.05524861878453039 0.03061224489795918 0.09925558312655088 0.08033613445378152 0.06800609515209662 0.03352790776207246 0.02104779213688967 0.005475247851102557 0.002855928439411812 0.0005924142445707909
 0.0991159924993303 0.08679333802486512 0.07625721352019786 0.07511190140413268 0.06346135698782675 0.03273303624753067 0.02071847211696898 0.005331970310118425 0.002828562617186687 0.0005910296329211808
 0.1096928599920223 0.09859273615909665 0.09844501622105381 0.07976185932908444 0.06597916720783438 0.03306322360826244 0.02109297353725591 0.005462072847387833 0.002834513419739552 0.000585048384493005
 0.1267828843106181 0.1097586716386407 0.1054481546572935 0.08244093149753527 0.06729568475093659 0.03372098565368667 0.02103432385426112 0.005413469813941796 0.002820909537734207 0.0005844328099390822
 0.1153176675369887 0.1180555555555556 0.1099381143065162 0.08553439195343127 0.06958092101768736 0.03397561749803082 0.02130058889863426 0.005391358529073227 0.002851197167938383 0.0005904497721418664
 0.1171458998935037 0.1031652989449004 0.09106192210703279 0.07484127265633313 0.0634643800111426 0.03254944361850701 0.02073155859714062 0.005416511362739176 0.002822088824049937 0.0005844998563517302
 0.1125776397515528 0.1024192124315734 0.09222073479101592 0.08251062909850831 0.06861019055509528 0.03355991359847699 0.0207457923761099 0.005397835030490473 0.002821568219990811 0.000587581262290736
 0.10835328209651 0.1015579919215234 0.09511456982274102 0.08006380563820976 0.06873212833495107 0.03293684825434704 0.02072878027492909 0.005411623947356311 0.002816175576094693 0.0005826750492598242
 0.1219512195121951 0.1110840833536042 0.1058915499964466 0.08570717308581385 0.07198096371207614 0.03312116925978312 0.02090557169529769 0.005409393577541081 0.002815299139897385 0.0005898524399008653
 0.1154273029966704 0.1067661435554412 0.0985447461899851 0.0793030940222289 0.068432785525429 0.03320294733011916 0.0210752719215307 0.005418103144355338 0.002822542707759305 0.0005847046805312368
 0.1198062707111904 0.111147793551227 0.1053525913338998 0.08072620084410799 0.06833226564168268 0.0334125508835502 0.02094379834956969 0 0 0
 0.1129276925669982 0.1035165169736642 0.09497206703910614 0.08090006020469596 0.06751642495988373 0.03168992625997928 0.01962665416810083 0.005317936640583454 0.002790620856189056 0.000586908501952607
 0.1199127906976744 0.1019208153665229 0.1049746311308101 0.08409250175192712 0.06867134559535334 0.0323807981866753 0.02042811492273795 0.005331313562126349 0.002828795434570151 0.0005910580235138301
 0.1160368937816126 0.1088797483668038 0.1040061633281972 0.07869938904421662 0.06846625766871166 0.03413345078176613 0.02108365450011335 0.00523636309426199 0.002832010298219266 0.00059255501199478
 0.1161014359914452 0.1068249258160237 0.09987792697813783 0.08066631689401889 0.06862202545655784 0.03407817935263251 0.02133489204690754 0.005422510102210601 0.002809924035820758 0.0005826505685995737
 0.11281729865246 0.1030284108648142 0.09411434190195253 0.082358040745557 0.06712004730928445 0.0324404946864707 0.02131906339202037 0.005504268578753523 0.002859676261616235 0.0005909781044595446
 0.1091703056768559 0.09334006054490414 0.1027741287381192 0.0813551328407483 0.06737842588373154 0.03282831264834737 0.0205524012301869 0.005260428243313329 0.002729304853741934 0.000589698131943176
 0.1129544652312037 0.09696969696969697 0.0850520944078248 0.07292536133198611 0.06379585326953748 0.03197776246059278 0.02045901825029379 0.005370981355021867 0.002816349288205776 0.0005908430005655494
 0.1178101178101178 0.09955752212389379 0.08587786259541985 0.04497751124437781 0.0641748765385676 0.03263087949119559 0.0203935889035317 0.005419804407738891 0.002818443356478441 0.0005827792305411204
 0.1201391084413531 0.1060070671378092 0.09818007662835249 0.07805403223093227 0.06616309202183382 0.03324817135057572 0.0210399759543132 0.00539907224105572 0.002812562780419206 0.0005825121530065255
 0.1060070671378092 0.08840864440078586 0.07435968052877995 0.07509591053791528 0.06456742236249308 0.03300880234729261 0.02113157070893929 0.005487483749314064 0.002855223862006456 0.0005922396403619832
 0.1242774566473988 0.1081761006289308 0.09436032477507132 0.08493172951885565 0.0695721032834639 0.03406505711256953 0.02125951474785918 0.005486261333824274 0.002854892884035784 0.0005906312797929382
 0.07002801120448179 0.1086480968353507 0.1041958041958042 0.08318767398200297 0.07084336046291539 0.03385501379501452 0.0210378156608195 0.005429740992151723 0.002825797713115437 0.0005846704945737623
 0.1191135734072022 0.1095647023985786 0.10316641536386 0.08249475518259075 0.06904122252072681 0.03302024385975148 0.02076744134848941 0.005271295383718751 0.002845547863451898 0.0005902141308750321
 0.07692307692307693 0.09485530546623794 0.08669267446900737 0.07453151618398637 0.06476581628623332 0.03279866487413657 0.02090458549904365 0.005442176870748299 0.002836414580320841 0.000588418497500113
 0.1033170201196302 0.08506294658046955 0.0819977636973537 0.06779227423893579 0.06254295532646048 0.03292037457104636 0.02072834876362358 0.005402702816548021 0.002821047115311974 0.00058978484727937
 0.03992015968063872 0.02219755826859046 0.01427551748750892 0.08578803522623747 0.07118850398285125 0.03467530759389237 0.02160969902905387 0.005521209569604171 0.002868865042447689 0
 0.1184118876247968 0.1079212070410729 0.1004016064257028 0.08581524482584553 0.07293215879190024 0.03459092205264267 0.02126151665485471 0.005467508822571054 0.002842742555087741 0.000589519063226513
 0.1075991930060525 0.09203336209375899 0.07875953728771844 0.07966178679990217 0.067143482703255 0.03297124907081025 0.02052683043345202 0.005433890702211849 0.002840557054208886 0.0005900100994681792
 0.124223602484472 0.1139453580214942 0.1054002842254856 0.08197751115019787 0.07026568383093811 0.03405125736975093 0.02117074995324481 0.005505492603490372 0.002791606569580794 0.0005869567537378473
 0.1104254628126015 0.0947075208913649 0.09567723342939481 0.07141478479058097 0.06475203778471852 0.03217893918787643 0.02075934351288598 0.005324902238122972 0.002767676612363826 0.0005711837783806939
 0.1286370597243492 0.1102204408817635 0.09602793539938892 0.08620319938242485 0.07256488975718671 0.03492658166656595 0.02180673959972193 0.005536615047330627 0.002868316365669911 0.0005882237603184251
 0.1145418326693227 0.09927200529450696 0.0902314633189486 0.07852733847109097 0.06537360203144416 0.0326743091321925 0.02094307742549234 0.005438239116608751 0.002828013631984355 0.0005848973554708722
 0.1359960793923058 0.1253525540582889 0.1166338916389774 0.08847372536109625 0.07258817505496823 0.03468987496935524 0.0213960952126237 0.005448433806146572 0.002836216180996585 0
 0.1265060240963855 0.1149725633655605 0.1066278928874349 0.08184004344116051 0.06784868463163285 0.03391297229660988 0.02131021053018334 0.005414547829436162 0.002809707732662083 0
 0.1303510591023552 0.1205809810907098 0.1113924050632911 0.08507576398882587 0.06944921955580004 0.03392956364453166 0.02136139465535038 0.00550708621546752 0.002860425627493873 0.0005849208978753888
 0.1098574821852732 0.09462915601023018 0.1016220441665038 0.07588169354143312 0.06539066008082622 0.0341136336901541 0.02138879669579968 0.0055008952799365 0.002858546093576137 0
 0.1050080775444265 0.1096386690818953 0.1042043563210073 0.07862759113652609 0.06388121546961326 0.03250517127724865 0.02067564027218206 0.00540203995678368 0.002818185031520683 0.0005909349005164059
 0.1186822181297319 0.1067550156451316 0.09616978942132316 0.05630630630630631 0.06878012157613038 0.0346033105022831 0.02160789467822058 0.005469029534613395 0.002836312102014935 0.0005851183575430186
 0.119205298013245 0.101123595505618 0.08638853771597134 0.07577050411276835 0.06428158705701079 0.03272805245516821 0.02081749522192302 0.005435764044062523 0.002841063472980819 0.0005900366179101062
 0.1168831168831169 0.1130977130977131 0.1077227722772277 0.08378932968536251 0.0705669976204152 0.03446713099895048 0.02137717806902389 0.005508022675309456 0.002860689234112855 0
 0.09049773755656108 0.09628610729023385 0.09964618383998844 0.08081824279007378 0.06820097575927865 0.03388713700757754 0.02124473492029536 0.005457475642810051 0.002846994128313452 0.0005902898897802002
 0.1242603550295858 0.1150988804017997 0.1083316919440615 0.08034470470081317 0.06860892910410658 0.03419873801839989 0.02125462138334656 0 0 0
 0.1210723551455751 0.1123479694908266 0.103403354502524 0.08228745289216194 0.06893394042683082 0.03379384608335052 0.02139743375862244 0.005482160677483558 0.002861307252549732 0.0005909114253517261
 0.1005025125628141 0.08912655971479501 0.07738226840592527 0.07539912695747733 0.06528234614708615 0.03297758202044158 0.02096017566623416 0.005426764434273605 0 0
 0.1221640488656195 0.1091367007135861 0.1006074411541382 0.08209745762711863 0.06928406466512702 0.03385562062698234 0.02114902269253031 0.005363169818299506 0.002784643364002819 0.0005751877492149679
 0.07894736842105263 0.1104972375690608 0.1038676340101258 0.08532809786302198 0.0707182320441989 0.03354037267080745 0.02092050209205021 0.005440989405855099 0.002819582336134632 0.0005922572369278528
 0.05847953216374269 0.1240740740740741 0.1196143775291597 0.0921353527988599 0.07842915984878407 0.03621876131836291 0.02191222764026912 0.005357014860057418 0.002863059019503505 0.0005894107301727291
 0.1055099648300117 0.09144018288036576 0.08535284255448865 0.05892921307941071 0.0631805350181476 0.03192920838369786 0.02054492305995257 0.005450887141027986 0.002845143063913561 0.0005902127281157339
 0.1158199526191103 0.1017105871474804 0.09675433195531709 0.0780148510198327 0.06691469714408073 0.03252071402097108 0.02026629313106778 0.005376097466995715 0.00281234150787265 0.0005840917946784683
 0.05964214711729623 0.03181336161187699 0.02029769959404601 0.07876858446289671 0.06668299719659236 0.03172753975237647 0.01950193876695945 0.005211936633237318 0.002702385600612413 0.0005780131707823052
 0.1143118427069044 0.1076426264800861 0.1030856985774174 0.08259120942257972 0.0694318662078126 0.03306878306878307 0.0211030831962229 0.005480308589188345 0.002853206362458698 0.0005905595293914344
 0.05893909626719057 0.112850671540968 0.1075594606877746 0.0805428366525073 0.06682691037798145 0.03243554936210086 0.02062878814730798 0.005366404104931578 0.00279811103630382 0.0005803406342033755
 0.1170515659601392 0.1001895477931221 0.08543357539513029 0.05518394648829431 0.06413406723019462 0.03246096821296193 0.02087594922520806 0.005474087177593716 0.002851516375167694 0.0005904872113944217
 0.126400459638035 0.11682856392754 0.1094826063923715 0.08647865723779501 0.07063458561981145 0.03339250468612287 0.02116717705507103 0.005454478895925614 0.002846189258214313 0.0005921729002271845
 0.1080580426057425 0.09269067796610168 0.09619526202440776 0.07843637407135796 0.06694199260398953 0.03319434414964244 0.0208886087453642 0.005472699859142256 0.002851142609752247 0.0005906153597650223
 0.1280819724623759 0.1101711587645091 0.09796339262696571 0.07559774964838256 0.06678090822035181 0.03311219259276717 0.02109090392631676 0.00548676203968085 0.002836475731786701 0.0005851224195109567
 0.1298701298701299 0.1090715615855281 0.09384298466468299 0.08358627130515993 0.06944444444444445 0.03371333240650633 0.02135343518014274 0.005506434952927373 0.002810078172140385 0.0005826594599222446
 0.09252120277563609 0.09243067699225581 0.08642284569138277 0.07754419663500871 0.06530661154548995 0.03227309798438775 0.02046064479059371 0.00540132186403997 0.002841951384572101 0.0005916440859138447
 0.09068425391591096 0.0642148277875073 0.08196721311475409 0.07666810779651247 0.06625891946992865 0.03325903941427136 0.02099706915909654 0.005504418262150221 0 0
 0.099009900990099 0.07717303005686434 0.06207121855602744 0.07628713536765694 0.06526696547927971 0.03268500402808149 0.02060371009367915 0.005344498218192376 0.002789627570339836 0.0005768402790717589
 0.1137884872824632 0.09939260077305356 0.09432775751477801 0.07530251588752503 0.06714825947832832 0.03353307213643697 0.02110692494435119 0.005421317805791004 0.002814147188542099 0.0005769605953757501
 0.1158504476040021 0.1063947689238613 0.09956440572495333 0.08181437649834468 0.06813716169106927 0.03335154578154168 0.02116700259349964 0.00542954336432236 0.002820980031491348 0.0005830438936861106
 0.117056856187291 0.1015653005138009 0.09432927498080508 0.07795555276144972 0.06603870175079349 0.03275685956817301 0.02072605745922919 0.005381018183814849 0.00280787542201699 0.0005838967607189095
 0.116120218579235 0.09758897818599312 0.09614214433491541 0.07956655173720303 0.06692788824259535 0.03358815385541444 0.02092341007688988 0.005411305041685392 0.002820685665657913 0.0005844543464879147
 0.1138050470064325 0.1016890727335402 0.09156050955414012 0.07892686562108329 0.06693094335286683 0.03122775022796258 0.02047348539461922 0.005415383714697095 0.002832223095543811 0.0005898142639256533
 0.1125100455397803 0.09732910819375283 0.08467254190426818 0.07622398123717385 0.06501986718163884 0.03199501016447976 0.02059252886127547 0.005395881510846823 0.002811917172779876 0.0005825068439600876
 0.05988023952095808 0.03089598352214212 0.1019462465245598 0.0862610882168052 0.07247882786927833 0.0350547730829421 0.02183568830859119 0.005490139151764196 0.002841960046858623 0
 0.1287490855888808 0.118172268907563 0.1049251503776401 0.08733301261888021 0.07253186116168438 0.03462686567164179 0.02158991081133396 0.005457656907636095 0.002833231208954163 0.0005851414534834363
 0.07672634271099744 0.04754358161648178 0.09093792957597546 0.07874768857999108 0.06708739923631736 0.03332624264340921 0.0208182144715912 0.00546597930605828 0.002853845867507104 0.0005921582405255672
 0.09810333551340746 0.09943714821763602 0.09402164271775766 0.07752899584444582 0.06557301612866116 0.03390065834384293 0.0213106782230613 0.005503597653768302 0.002859462229190696 0.0005896626595329357
 0.08171603677221655 0.09580528223718281 0.08264462809917356 0.07671310240963855 0.06865881251462901 0.03384268280176393 0.02147008645866466 0.005501524919323275 0.002858902603520096 0.000590960173448794
 0.1266255989048597 0.1133786848072562 0.1056259728708028 0.08318501895844618 0.06834379321348792 0.03382445680215559 0.02138311167619034 0.005497313142083408 0.002857764825134521 0.0005904704801416654
 0.05988023952095808 0.107169649555246 0.1005328239670252 0.07591688348718681 0.06334649738927615 0.03231684257572111 0.0204592447491566 0.005340188416578891 0.002778464409787093 0.0005858708534792415
 0.1191286589516678 0.1000263227165043 0.09764943851572853 0.07613510520487266 0.063671640159589 0.03167483584574124 0.01998861961802769 0.005388361139937735 0.002823524043210375 0.000589366211793297
