# Created by Octave 3.0.1, Tue Sep 08 12:28:36 2009 PDT <jwawerla@daneel>
# name: prtA
# type: matrix
# rows: 100
# columns: 10
 250.8 295.8 314.4 698.3 735.5 854.5 915.5 1068 2736.6 0
 288.2 330.9 594.7 1013.6 1061.5 1198.3 1263.4 0 0 0
 665 728.2 759.1 1490.2 1644 1788.3 1855 2013.6 2082.5 2975.3
 149.8 265.8 289.9 930.3 1158.7 1605.2 1670.9 1937.2 2006.3 2166.9
 208.5 233.4 279.8 785.9 962.7 1710.9 1776 2001.5 2716.3 2876.8
 164.8 354.3 383.4 1133.8 1185.8 1497.2 2367.9 2942.5 3011.4 3172
 201.8 471.5 501.8 589.3 855.3 1724.7 2013.7 2020 2087.2 2246.3
 201.1 227.3 280.5 747.8 1535.5 1667 1732.5 1939.1 2008.1 2168.7
 131.5 234.6 261.2 1137.4 1182.6 1313.3 1378.4 1575.3 1644.2 0
 177.7 225.1 641.4 715.5 834.8 1477.6 1542.3 2226.7 2295.6 2315.7
 119.8 136.9 318 835.4 1110.9 1556.8 1618.9 1794 1862.7 2625.7
 84.90000000000001 152.9 483 674 794.7 1379.3 1813.9 1986.8 2055.4 2224.8
 192.2 214.1 408.1 608.8 1189.8 1624 1686.1 2180.8 2249.5 0
 71 139.1 291.7 840.3 1114 1772 1834.2 2007.6 2076.2 2134.2
 174.8 214.5 234.5 289.5 328.5 1735.8 1797.8 1980.5 2049.2 2216.6
 40.1 46.6 54.3 810.3 1055.4 1654.6 2033.3 2216.2 2284.9 2452.3
 160.7 298.5 341.6 759.8 1154.9 1578.8 1641.2 2092.9 2161.6 3016.6
 170.5 262 445.7 534.8 732.8 1899.5 1962 2145.4 2214.1 2381.6
 73.09999999999999 107.7 123.2 401.8 1316.1 1744.9 2035.5 0 0 0
 59.7 158.8 177.9 935.4 1068.4 1698.6 1761.3 1839.3 1906.7 2065.8
 71 203 249.3 855.2 944.3 1770.7 1833.2 2201 2269.7 3084.7
 183.1 258.4 568.1 633.8 1412.7 1534.5 1596.4 0 0 0
 161.2 180.3 196.4 827.1 867.7 1415.9 2137.6 2422.9 2489.8 2648.6
 59 67.90000000000001 120.5 692.7 1047.2 1295.4 1719.2 1889.6 1958.1 2121.9
 72.3 82.90000000000001 170.7 878.8 1220.3 1339.1 1807.8 1974.7 2043.1 2206.2
 176.6 257.8 365.9 753 829.8 947.1 1006.3 1682.5 1750.9 1913.6
 179 389.1 406.7 509.6 784.9 1211.5 1771.3 2348.6 2417 0
 150.1 167.1 181.6 574.3 852.6 1408.3 1467.8 1632.9 2017.6 2749.3
 101.9 114.7 184.2 725.5 763.8 882.2 941.6 2861 2929.3 0
 124 156.9 229.4 552.9 592.7 1507.4 1567 1968.3 2036.7 2138.5
 144.3 312.5 608 724.6 764.8 1356.2 1574.2 1738.2 2454.7 3141.8
 125.1 141 242.7 297.1 1083.8 1202.8 1262.8 2041.1 2109.2 2271.3
 177.2 195.4 209.8 506.3 845.1 1136.8 1640.4 2844.5 2911.6 3076.5
 55.5 63.1 70.7 737.2 775.4 1518.1 1577.5 1738.5 1805.7 3315.8
 124.8 194.5 209.5 783.7 911.1 1030 1089.5 2046.6 2113.8 2277.9
 165.6 246.1 381.1 590 794.2 1583.5 1642.9 2328.7 2395.7 2559.4
 78.7 167.7 180.3 453.6 489.3 1502.6 1561.7 1721.3 1788.4 0
 151.4 167.3 266.6 317.4 904.5 1488.2 1547.2 2020.9 2555.8 2681.7
 87.7 99.59999999999999 109.2 267.6 898.3 1461.3 1520.1 1667.3 1734.7 3255.3
 178.7 195.3 228.5 276.3 596.7 1022.1 1368.9 2158.5 2879.5 3046.5
 188.7 205.6 219.6 267.4 829.7 1160 1218.7 2022.4 2089.3 2255.9
 147.3 214.7 228.9 439.2 748 1445.2 1726.7 2167.3 2234.3 2400.4
 67.90000000000001 77.09999999999999 125.5 897.1 930.9 1307.3 1365.6 2097.8 2454 2619.9
 55.1 62.9 124.7 600.8 900.7 1201.4 1478.1 1636.5 1703.4 3178.4
 133.4 147.8 159.2 419.1 757.4 917.9 975.8 1858.8 1925.7 2090.3
 182.2 215.2 228.4 272.4 712.9 1411.6 1885.3 2286.2 2627.8 2792.3
 53.5 113.7 123.7 476.2 597.9 1275.3 1333 2425.4 2492.1 2656.4
 116.2 128.7 138.6 635.2 800.2 1230.1 1287.2 1980.9 2047.3 0
 83.90000000000001 111.7 120.9 573.4 735.3 1136.6 1193.7 2142.8 2209.2 2370.6
 111.3 140.5 150.9 236.7 821.8 1201.9 1258.9 2063.6 2396.8 2559.3
 78.59999999999999 120.2 129.8 543.1 575.1 787.7 1602.7 1758.7 1825.2 1987.6
 89.7 116.8 145.5 225.4 254.2 1338.1 1394.9 2425.2 2491.6 3074.4
 108.1 180.7 192.6 453.6 785.6 1209.3 1266.1 1800.4 1866.8 0
 141 154.5 202.8 706.8 875.9 1330.7 1387.6 1542.8 1609.2 1776.4
 172.1 280.3 293.9 438.4 470.5 1064.6 1121.5 1937.7 2004.1 2624.4
 126.1 139 149.7 479.8 512.3 1010.7 1067.9 2009.8 2076.2 2238.6
 128.7 141.8 152.6 538.1 814.3 1011.2 1564.6 1868.7 1935.1 2097.4
 65.59999999999999 138 149 503.1 573.1 799.8 1277.7 2106.8 2173.3 2730
 76.09999999999999 133.4 144.2 511 952 1257.2 1488.3 1643.5 1709.9 3778.9
 66.7 75.3 155.7 639.5 713.5 1092.6 1573.2 1728.2 2329 3000
 152.9 167.8 198.7 538.7 931.7 1308.6 1365.8 1716.5 1782.9 2350.5
 76.5 223 237.1 282 467.5 1018.7 2141.3 2296.6 2803.6 2965.8
 68.09999999999999 76.8 172.2 396.2 464.1 865.9 1806 2135.6 2201.9 2821.6
 84.2 172 204.1 803.7 837.6 1038.8 1421.7 2347.1 2413.4 2565.7
 86.2 241.3 306.6 354.2 495.6 1405.8 1576.1 1913.6 1980 2621.3
 67.09999999999999 76 139.8 613.9 647.6 1214 1774.8 2140.6 2207 0
 40.1 67 74.2 149.2 826.8 936.1 1445 1600.5 1667 0
 66 74.8 82.59999999999999 840.3 873.3 1344.6 1512.6 1806.1 2185 2792.3
 207.5 396.3 411.8 778.1 914.1 1226.4 1283.3 1667.7 1734.3 1895.5
 79.5 89.8 183.6 225.9 626.3 1188 1245 1733 1799.5 3407.3
 136.7 184.3 197.6 666.7 700.2 1018.8 1606.6 1761.4 1828 1989.8
 102.9 132.3 144 291.2 648.7 1652.8 1710.2 2167 2233.6 2395.5
 220.6 238 252.7 605.7 791.2 1396.4 1571.4 1715.4 1782.9 2742.3
 78.59999999999999 88.90000000000001 229.3 691.5 759.5 1017.1 1498.5 1654.4 2200.9 2744.8
 77.59999999999999 87.90000000000001 168.8 308.4 705.7 1099.8 1157.4 0 0 0
 99.7 112 122.7 622.1 826.9 1127.3 1194.7 1890.1 1957.4 2116.4
 40.1 63.3 70.40000000000001 475.3 857.5 1211.6 1965.7 2331.2 2397.9 2558.9
 79.90000000000001 106.8 243.2 530.8 825.7 1096.1 1154.6 1309.6 1376.2 2756.2
 76.3 217.7 296.6 387.9 774.4 1441.3 1865.6 2020.7 2087.3 2248.5
 87.90000000000001 144.7 157.1 451.5 645.9 1729.2 1787.7 1942.9 2009.6 2661.3
 64.59999999999999 73.90000000000001 181.6 348.7 383 1423.2 1481.8 1635.7 1702.3 2967.4
 53.8 61.5 139 623.7 659 1500.3 1559 2363.9 2430.7 0
 74.90000000000001 102.3 112.4 625.6 875.6 1314.4 1373.1 2064.8 2131.6 2268
 93.3 165.4 338.4 433.6 913.2 1167.1 1226 1927.3 1978.3 2137.5
 76.8 87.7 134.1 513.5 706.3 1437.3 1496.3 2043.4 2598.7 2738.1
 137.2 279.3 294.3 370.9 405.2 975.4 1757.6 1911.8 1979.4 2670.7
 80.5 91.90000000000001 230.1 714.8 793.6 1039.7 1276.7 1431.1 2466.5 3000.5
 66.59999999999999 76.3 104.4 753.5 788.7 968.1 1472.2 1626.6 1694.1 2858.4
 83 154.9 167.6 839.7 875.3 1409.3 1581.9 1736.4 1803.9 0
 94.40000000000001 199.6 252 801 871.1 1659.8 1854.3 2007.5 2075.1 2207.2
 119.1 134 201.3 649.7 927.2 1202.7 1261.7 2026.4 2093.9 2256.6
 62.1 136.6 148.7 477.8 512.7 1316.7 1700.4 1851.5 1919 2081.7
 40.1 81.7 147.3 1022.3 1057.7 1224 1283.2 1434.4 1807.7 2604.9
 68.8 79.5 217.4 540.5 884.4 1443.5 1815.2 0 0 0
 53.2 61.8 69 426.1 506.8 1104 1163.4 0 0 0
 77.09999999999999 137.1 421.8 607.3 1005.6 1536.1 1595.5 1720.1 1787.5 1946.8
 112.1 127.1 274.2 772.1 808.3 1290.2 1717.3 0 0 0
 130.9 197.4 321.8 541.1 577.2 1393 1642.7 2111.9 2179.1 2338
 52.8 61.2 68.40000000000001 339.8 613.9 1558.8 1618.2 0 0 0
 78.09999999999999 138.9 309.7 902.3 938.7 1055.3 1638.4 1785.9 1854.7 2017
# name: prtB
# type: matrix
# rows: 100
# columns: 10
 244.3 523 674.2 960.2 1595.9 2322.2 2381.9 2533.8 2601.8 2692.5
 334.9 674.5 1062.6 1200.5 1291.1 2125.8 2190 2704.1 2770.7 2929.3
 539.8 1066.7 1127.2 1548.9 1654.9 2188.8 2254 0 0 0
 531.4 639.8 921.4 1594.4 1645.4 1876.3 2163.8 1924.9 3359.1 3517.2
 576.2 728.4 914.6 1187.8 1846.3 3215.5 3280.9 0 0 0
 164 552.9 613.7 1198.5 1247.5 2038.1 2656.6 2665.6 2732.3 2890.8
 378.4 439.4 827.5 1425.4 1768.9 1900 1964.5 3329.5 3398.3 3558.7
 253.5 947.9 1023.9 1461.7 1957.4 2091 2609.8 2815.1 2884 3044.5
 569 598.8 624.4 1450 1723.6 2052.9 2118.4 2976.9 3045.8 3206.3
 95.5 685.4 1003.3 1303.8 1882.7 2259.9 2325.4 2533.6 3345.7 3506.3
 525.3 833.6 939.4 1102.3 1155.3 2637.8 2703.6 0 0 0
 581.2 695.8 746 1308.4 1783.8 1914.4 2666.3 3264.4 3333.2 3510
 40.1 721.5 746.2 1042.9 1393.9 1956.6 2647.3 3223.7 3292.4 3464.9
 324.7 350.7 396 1428.5 1469.8 2032.2 2094.7 0 0 0
 375.6 632.7 655.3 1639.8 1680.6 2158 2370.4 2390.9 2457.8 2941
 254.4 344 888.2 1324 1484 2044.9 2107.3 3836.3 3904.9 4070.9
 563.2 868.6 891.1 1312 1354 2380.6 2443.2 3020.3 3089 3726.6
 265.9 713.6 1065.6 1182.9 1225.2 2228.7 2718.9 2891.2 2959.8 4059.5
 134.4 652.3 713.7 1310.8 1352.8 2436.3 2950.5 3120.5 3189.1 3354
 397.1 844.6 1038.1 1260.9 1527.6 1647.5 2507.3 2678.6 2747.1 2911
 223 494.1 1005.9 1433.5 1473.7 1911.5 2096.1 3154.2 3222.7 3386.3
 585.4 677.2 695.3 1477.1 1600.6 2002.3 2062 2226.7 2953.4 3119.9
 172.4 277.1 294.6 1263.2 1589.4 2134.8 2369.4 3182.2 3983.2 4671
 319.2 391.3 858.6 1704.2 1788.8 2528.5 2588.2 2751.3 2819.5 2982
 385.1 465.6 702.6 1141.9 1565.4 2238 2628.9 2791.3 2859.4 3955.4
 345.3 719.1 736 1194.6 1341.1 1919.8 1979.9 3041.4 3108.5 3273.4
 301.2 646.8 663.8 1020 1058.8 1586.1 1646.3 1808.1 1875.2 3876.8
 226.1 343.4 462.8 1902 1940.2 2058.7 2382.3 2943.7 3010.9 3175.4
 401.8 660.2 717 1090.1 1754.8 2236.2 2295.7 2454.8 2521.8 2685.4
 228.9 248.3 386 1477.3 1513.9 2065.5 2124.9 2768.9 2835.9 4028.8
 240.7 373.2 1068.7 1510.2 1585.3 2248.2 2307.6 2468.9 2536 3987.6
 492.9 545.4 784.2 1220.3 1400.3 1575.5 1944.1 3131.9 3199 0
 252.7 432.3 603 1656.8 1854.3 2067.7 2297.7 2457.8 2830.2 2878.5
 271.7 291.1 360.3 1538.5 1574.3 1765.3 2671.6 0 0 0
 362.9 748.5 1044.2 1279 1479.5 1751.6 1810.6 1880.1 1947.5 3024.8
 399.2 419.8 435.4 1321.6 1357.2 2338.8 2397.6 0 0 0
 172.4 669.4 685.1 1664.6 1812.8 2064.8 2123.7 2285.4 2731.5 3413.9
 172 188.3 325.3 1313.7 1348.5 2018.8 2077.5 2238.2 2305.3 3377.1
 43.8 68.09999999999999 75.5 1212.3 1375.3 1801.6 1860.1 3136.1 3203.1 3368.9
 106.4 319.1 432.8 1073.8 1719.6 1878.4 1936.4 2097 2920.2 3610
 105.6 428.8 1013.4 1483 1516.2 2099.9 2158 2531.2 2598 2762.8
 307.8 326.7 1026.5 1238.4 1313.3 1781.3 1839 1997.2 3156.9 3321
 311.1 330.1 604.8 930.6 1033.6 1304 1986.3 3806.5 3873.1 4037.1
 78.5 542.7 613.4 1129.7 1462.9 2460.7 2844.1 3001.2 3067.8 0
 288.5 495.8 925 972.4 1471.9 1781 1838 2932.4 3301.7 3386.4
 368.2 386.1 399.6 1309 1341 1447.2 1504.2 2884.1 2950.6 3115.6
 264.5 281.6 294.5 1050.9 1083 1534.5 1591.4 3342.4 3408.8 3573.7
 41.6 717.9 731.9 896.7 1552.4 1875.7 2278.7 2718.1 2784.6 3463.5
 127.5 582.8 633.2 1026.7 1205.7 1529.3 2180.6 3007.9 3873.8 4466.1
 286.1 387.4 434.9 1142.9 1236.4 1868.4 1925 3030.4 3096.7 3258.9
 215.4 511.2 842.9 1180 1535.6 2029.9 2087 2242.4 2308.8 3194.8
 445.2 463.9 478.8 1024.2 1057.4 1576.9 1921.6 2974.8 3041.3 3203.5
 572.3 607.3 622.5 1223.2 1316.9 1477.4 1534.6 2603 2669.4 3303.6
 206.7 678.7 712.9 1023.1 1621.7 2032.9 2090 2245.1 2912.2 3074.3
 281.2 505.2 739.8 1346.1 1453.3 2282 2339.2 2494.3 2560.7 2722.9
 201.7 454.6 874.1 923.2 997.2 1849.5 2625.2 2780.1 2846.5 0
 325.8 344 482.4 582.4 1467.7 2240.6 2297.5 2918.9 2985.3 4336.4
 206.7 384.5 609 1333.8 1367.5 1791.1 1847.9 2002.8 2722.2 2805.4
 188.4 266.6 281.1 777.8 1627.6 1894.3 2052.1 2206.8 2273.2 3062.2
 512.1 531.3 600.5 1155.8 1221.4 1855.7 1912.6 2067.4 2133.8 3304.7
 262.3 344.1 486.8 1126.3 1562 1671.2 2784.4 0 0 0
 117.4 367.5 432.1 1337.9 1371.3 1911.7 2177 2257.2 2324.2 2483.1
 234.6 334.4 387.7 825.2 1609.8 1935.1 2609.3 2764.9 3144.5 3307.9
 255 332.9 545.8 1051.1 1794.5 1946 2002.7 2643 2709.5 3505.7
 331.1 529.8 565.5 1080.9 1150.4 2021.1 2323.3 2791.1 2857.6 3580.2
 365.9 384.9 400.6 1159.6 1192.6 2019.3 2076.1 2633.3 2699.8 3792.7
 92.3 359.5 858.4 1142 1175 1751.4 1808.2 2939.5 3006 3167.2
 40.1 714.7 730.6 1014.7 1048 1733.2 1790.2 2346.1 2412.6 0
 85.2 574.3 610.9 1052.6 1086.1 2006.3 2364.9 2919 2985.5 3065.7
 161 380.2 664.5 1124.2 1218.5 1386.8 1444 2996.2 3062.8 3224.6
 142.2 554.9 1002.3 1267.2 1557 2034.1 2091.4 2580.1 2646.7 2808.6
 331.8 399.1 414.8 1497.3 1531 2176.3 2443.8 2598.6 2665.2 2827.1
 42.3 384.2 570.3 1147.3 1217.8 2225.2 2282.7 0 0 0
 203.1 393.4 884.1 1018.6 1397.8 2089 2384 2742.3 3470.3 3632.2
 213.1 341.5 547.9 1152.9 1257 1460.7 2635.8 3270.4 3865.8 4027.7
 549.4 712.5 882.8 1511 1545.8 1932.9 0 0 0 0
 355.4 421 514.1 1296.4 1720.5 1880.8 1939.5 2797.1 2863.7 3024.9
 248 620 636.2 916.1 950.8 1111.3 2232.9 2534.3 2601 3607.8
 40.8 693.2 709.5 1153.9 1188.8 1769.4 1827.8 2586.7 2653.3 2814.4
 279.7 770.7 908.2 1058 1359.6 1741 1799.7 1953.6 2020.4 0
 118.8 594.3 1039.4 1251.8 1588.8 1854.1 1912.7 2066.8 2133.6 2204.3
 374 502.7 719.8 853.3 1698.2 1812.2 2132.2 2703.8 2770.6 4256.3
 279.5 298.8 368 1085.9 1789.5 2180.8 2239.5 2714.1 3110.8 3272.5
 158.8 247.4 614.9 1352.7 1467.4 1683.3 2067.3 3020.8 0 0
 236.4 255.5 614.7 1202.9 1646.7 2430.6 2489.5 2643.7 2711.3 0
 265.3 655.6 707.8 1626 1661.1 1775.9 1941.8 2096.1 2163.6 3146
 155.4 172 268.6 1097.7 1133.3 2727.5 2786.4 2940.8 3681.4 3844.2
 256 275.8 344.8 459.4 1654.2 2039.2 2098.1 2985.3 3052.9 3215.6
 40.1 50.3 56.1 1054.7 1164.2 2004.3 2223.2 2374.4 2441.9 3816.5
 368.4 390.7 426.4 1195.5 1231 1346.8 1406.2 2505.2 3061.9 3224.4
 298.5 553.9 757.4 1040.5 1122.1 1290.2 1855.7 2404.5 2472 2634.5
 388 410.5 427 1163.6 1237.3 2201.5 2260.9 2611.7 2679.2 2841.7
 41.1 628.6 645.3 1208.3 1244.4 1868.7 1928.1 2833.4 2901 0
 108.3 565.1 964 1097.7 1134 1722.8 2216.8 2275.2 2342.2 3215.9
 356.9 472.1 488.9 1371.2 1534.1 2407.1 2466.8 2614.7 2682.4 2845.4
 358.1 380 396.7 1347.3 1821.3 1937.5 1997.2 2678.4 0 0
 236.6 289.1 305.3 970.8 1007.2 1123.6 1183.2 2867.2 2840.8 2999.2
 262.6 283.7 673.3 1347.9 1652.7 2199.5 2712.2 2859.7 2928.4 3090.7
 241.4 319.4 728.2 1006.2 1391.3 1715.9 2288.6 2882.6 2951.4 3113.6
 218.7 239.1 700.4 787.7 896.7 1754.9 2451.7 3496.1 3564.9 3727.1
# name: collectedA
# type: matrix
# rows: 100
# columns: 10
 13 14 14 31 31 31 31 31 49 0
 15 15 26 37 37 37 37 0 0 0
 31 32 32 46 47 47 47 47 47 49
 10 15 15 39 42 46 46 46 46 46
 15 15 16 36 39 46 46 46 48 48
 10 19 19 39 39 40 48 49 49 49
 12 27 27 27 31 48 49 49 49 49
 14 14 15 29 48 48 48 48 48 48
 9 13 13 43 43 43 43 43 43 0
 11 12 31 31 32 42 42 45 45 45
 7 7 15 34 40 46 46 46 46 48
 5 8 24 28 30 43 49 49 49 49
 14 14 22 26 39 42 42 44 44 0
 4 7 13 33 39 49 49 49 49 49
 12 13 13 13 13 48 48 48 48 48
 2 2 2 31 37 46 48 48 48 48
 11 18 19 31 40 43 43 45 45 49
 12 16 24 25 29 44 44 44 44 44
 4 5 5 14 41 47 49 0 0 0
 3 8 8 35 37 45 45 45 45 45
 4 11 12 33 34 41 41 42 42 44
 13 16 30 30 48 48 48 0 0 0
 10 10 10 32 32 39 47 48 48 48
 3 3 5 27 37 40 44 44 44 44
 4 4 8 36 43 43 48 48 48 48
 13 17 22 34 35 35 35 39 39 39
 12 24 24 26 34 42 46 48 48 0
 10 10 10 25 32 39 39 39 40 43
 6 6 9 31 31 31 31 49 49 0
 9 10 13 23 23 45 45 47 47 47
 10 19 35 37 37 44 45 45 48 49
 9 9 14 14 41 41 41 48 48 48
 12 12 12 21 32 35 41 49 49 49
 3 3 3 34 34 43 43 43 43 49
 9 12 12 35 37 37 37 47 47 47
 12 16 22 28 32 45 45 49 49 49
 5 10 10 21 21 47 47 47 47 0
 10 10 15 15 34 44 44 46 48 48
 5 5 5 9 27 39 39 39 39 48
 13 13 14 14 26 31 34 41 46 46
 13 13 13 13 34 39 39 46 46 46
 10 13 13 20 30 45 47 49 49 49
 4 4 6 37 37 43 43 48 49 49
 3 3 6 25 34 39 42 42 42 48
 9 9 9 20 32 33 33 41 41 41
 13 14 14 14 29 42 46 47 48 48
 3 6 6 20 23 40 40 48 48 48
 8 8 8 33 37 43 43 48 48 0
 7 8 8 29 33 41 41 47 47 47
 8 9 9 11 33 40 40 48 49 49
 5 7 7 24 24 27 48 48 48 48
 6 7 8 10 10 38 38 48 48 49
 7 11 11 21 33 42 42 45 45 0
 10 10 12 34 38 45 45 45 45 45
 12 18 18 22 22 39 39 46 46 47
 8 8 8 22 22 30 30 47 47 47
 9 9 9 28 35 36 46 47 47 47
 4 8 8 25 26 28 38 48 48 49
 5 8 8 24 37 41 43 43 43 49
 4 4 8 32 33 39 43 43 45 47
 11 11 12 25 38 42 42 43 43 44
 5 14 14 14 19 29 45 45 47 47
 4 4 9 18 19 27 47 48 48 49
 6 11 12 38 38 39 43 48 48 48
 7 17 20 20 24 46 47 48 48 49
 4 4 7 30 30 38 47 48 48 0
 2 3 3 5 33 33 39 39 39 0
 5 5 5 37 37 45 46 47 48 49
 15 26 26 39 42 45 45 46 46 46
 5 5 10 10 27 38 38 41 41 48
 10 12 12 31 31 36 46 46 46 46
 8 9 9 13 25 45 45 47 47 47
 16 16 16 30 35 46 47 47 47 49
 5 5 13 35 36 38 45 45 48 49
 5 5 9 13 26 34 34 0 0 0
 7 7 7 29 35 38 38 46 46 46
 2 3 3 21 32 38 46 47 47 47
 5 6 14 25 33 36 36 36 36 47
 5 14 18 20 33 45 49 49 49 49
 6 9 9 20 25 46 46 46 46 49
 4 4 10 15 15 46 46 46 46 49
 3 3 7 30 30 45 45 49 49 0
 5 6 6 31 38 44 44 49 49 49
 6 10 19 21 38 40 40 46 46 46
 5 5 7 21 25 43 43 45 47 47
 9 17 17 18 18 32 44 44 44 48
 5 5 12 36 37 40 42 42 47 48
 4 4 5 35 35 36 42 42 42 49
 5 9 9 36 36 46 47 47 47 0
 6 12 14 36 37 48 49 49 49 49
 8 8 11 29 37 40 40 46 46 46
 4 8 8 22 22 44 48 48 48 48
 2 4 7 44 44 45 45 45 46 49
 4 4 11 24 35 44 48 0 0 0
 3 3 3 19 20 34 34 0 0 0
 5 8 25 30 41 47 47 47 47 47
 8 8 15 34 34 42 47 0 0 0
 9 12 18 25 25 43 45 47 47 47
 3 3 3 14 25 42 42 0 0 0
 5 8 17 38 38 38 48 48 48 48
# name: collectedB
# type: matrix
# rows: 100
# columns: 10
 18 37 47 59 85 98 98 98 98 98
 26 47 68 70 71 91 91 95 95 95
 36 68 70 84 85 91 91 0 0 0
 36 40 54 75 75 76 77 76 92 92
 45 51 58 64 83 98 98 0 0 0
 14 40 42 67 67 84 94 94 94 94
 29 31 54 76 86 86 86 99 99 99
 18 64 67 81 94 94 99 99 99 99
 45 45 45 86 91 94 94 97 97 97
 5 47 62 71 86 91 91 91 95 95
 44 62 66 68 68 91 91 0 0 0
 45 50 51 76 90 90 97 99 99 99
 2 58 58 65 75 82 94 96 96 96
 25 25 26 83 83 91 91 0 0 0
 29 44 44 87 87 96 97 97 97 99
 19 23 53 70 73 86 86 99 99 99
 45 63 63 78 78 96 96 98 98 99
 18 50 71 73 73 91 96 96 96 99
 9 44 46 73 73 90 97 97 97 97
 28 60 69 75 82 82 94 94 94 94
 17 34 66 83 83 89 90 96 96 96
 46 50 50 84 86 92 92 92 99 99
 13 18 18 69 80 87 89 94 98 99
 25 28 55 84 85 98 98 98 98 98
 30 34 47 67 79 92 95 95 95 99
 27 53 53 74 77 88 88 98 98 98
 24 46 46 63 63 73 73 73 73 99
 16 22 28 93 93 93 95 98 98 98
 30 46 48 63 87 96 96 96 96 96
 18 18 25 77 77 87 87 93 93 98
 17 24 68 84 85 95 95 95 95 98
 45 47 61 80 85 86 90 99 99 0
 21 32 42 90 95 96 98 98 99 99
 20 20 23 85 85 86 98 0 0 0
 29 54 70 77 82 86 86 86 86 95
 33 33 33 77 77 96 96 0 0 0
 12 46 46 87 90 92 92 92 94 95
 12 12 19 77 77 89 89 89 89 96
 2 3 3 79 83 89 89 99 99 99
 7 20 26 59 86 87 87 87 92 96
 7 29 66 85 85 97 97 98 98 98
 23 23 68 75 76 84 84 84 96 96
 24 24 41 59 61 65 82 99 99 99
 5 39 42 66 77 93 98 98 98 0
 22 35 62 62 83 89 89 98 99 99
 28 28 28 74 74 74 74 99 99 99
 23 23 23 64 64 70 70 98 98 98
 2 54 54 59 82 87 93 95 95 97
 9 43 45 67 72 77 87 93 98 99
 23 29 31 67 69 79 79 95 95 95
 16 38 60 75 85 95 95 95 95 97
 40 40 40 69 69 84 88 97 97 97
 47 48 48 80 82 83 83 95 95 97
 15 49 50 62 84 90 90 90 97 97
 23 37 50 76 78 98 98 98 98 98
 16 35 61 61 62 89 98 98 98 0
 28 28 35 37 75 89 89 93 93 99
 17 29 43 84 84 89 89 89 96 96
 14 18 18 47 91 95 96 96 96 99
 42 42 45 73 74 89 89 89 89 96
 21 25 34 67 82 82 98 0 0 0
 8 26 29 79 79 93 96 96 96 96
 19 25 27 48 83 88 97 97 98 98
 21 25 37 61 91 92 92 95 95 99
 26 39 40 69 70 92 94 96 96 98
 30 30 30 66 66 85 85 87 87 99
 6 25 57 69 69 88 88 99 99 99
 2 54 54 65 65 85 85 89 89 0
 5 44 45 64 64 90 94 97 97 97
 12 27 45 65 67 68 68 98 98 98
 10 40 67 77 88 97 97 99 99 99
 26 29 29 84 84 95 97 97 97 97
 2 29 39 68 69 90 90 0 0 0
 16 28 60 64 77 91 94 95 99 99
 16 23 37 68 70 72 94 97 99 99
 46 56 66 93 93 98 0 0 0 0
 31 34 39 74 89 90 90 98 98 98
 19 45 45 58 58 59 92 93 93 97
 2 52 52 73 73 85 85 94 94 94
 22 58 65 69 78 85 85 85 85 0
 8 43 74 81 92 95 95 95 95 95
 33 40 52 55 88 88 91 94 94 99
 24 24 27 65 90 96 96 98 99 99
 12 17 44 81 83 85 88 96 0 0
 20 20 42 71 85 97 97 97 97 0
 21 50 52 94 94 94 95 95 95 97
 11 11 16 61 61 95 95 95 98 98
 20 20 23 26 85 93 93 99 99 99
 2 2 2 64 66 88 90 90 90 97
 33 33 34 74 74 74 74 95 99 99
 24 41 52 64 65 66 76 83 83 83
 31 31 31 69 70 94 94 95 95 95
 2 47 47 73 73 85 85 95 95 0
 7 41 66 70 70 84 90 90 90 98
 30 36 36 80 84 96 96 96 96 96
 29 29 29 76 91 91 91 98 0 0
 19 21 21 54 54 54 54 95 95 95
 20 20 44 73 81 87 96 96 96 96
 20 24 50 59 73 78 90 97 97 97
 18 18 49 50 52 82 94 99 99 99
# name: avgRateA
# type: matrix
# rows: 100
# columns: 10
 0.04984662576687116 0.04048582995951417 0.03378378378378379 0.02586998247517316 0.01786228752520887 0.005295072166709369 0.002839998167743117 0.0006070337589096891 0.0004769478452664386 0
 0.05030181086519115 0.03938041480703597 0.03742622714840938 0.02444503171247358 0.01794809604656803 0.005969378700611458 0.003284976117335796 0 0 0
 0.04592592592592593 0.04112053456694937 0.03724828308695146 0.02311325494925133 0.01777609682299546 0.006923677503940603 0.003964571910586251 0.0009036098251226603 0.0004604119217299733 9.742029081746161e-05
 0.06257822277847308 0.04749841671944268 0.03847140292382662 0.02726700692162484 0.01945615416685969 0.006964210016350754 0.00394142696792878 0.0008856850196005946 0.0004509525392059118 9.160301087148516e-05
 0.06864988558352403 0.0529287226534933 0.0421274354923644 0.02799595613966871 0.019870586437051 0.006854520258087589 0.00390625 0.0008845898675999731 0.0004673065521246384 9.545081419544509e-05
 0.05720823798627002 0.04699480583724957 0.03930492345883327 0.02387073081160485 0.01784243755146857 0.006156498183833036 0.003881014561890054 0.0009255324172451245 0.0004756755077593354 9.73822072770345e-05
 0.05665722379603399 0.05177372962607862 0.0448654037886341 0.02478656017625998 0.01670888805045006 0.007137864886165926 0.004078676843936506 0.0009419454056132256 0.0004799818194641444 9.756169433204386e-05
 0.06631927996210327 0.05048683736025964 0.03942181340341656 0.0232409039910242 0.01893117728258726 0.0071996400179991 0.004091199659066695 0.0009241592557437461 0.0004705508680193043 9.55854078519828e-05
 0.06360424028268551 0.04567814476458187 0.03599114064230344 0.02626114571882252 0.01970127371025383 0.006811018009598783 0.003779090206004359 0.0008337324261807492 0.0004230443055285004 0
 0.05860415556739478 0.0436205016357688 0.04181278661990828 0.02550390785684903 0.01744059298016132 0.006483882919599852 0.003638789496027655 0.0008616282476204701 0.0004399016184469322 8.958509558829238e-05
 0.05392912172573189 0.03745318352059925 0.03588516746411483 0.02546053616893814 0.01894926334738737 0.007015617374328941 0.003959066693060445 0.0008881337606672587 0.0004515882653807527 9.54984991813988e-05
 0.05268703898840885 0.03942828979793001 0.0411663807890223 0.02385008517887564 0.01671588566334206 0.006740551471164547 0.00414765657403567 0.0009425469542268421 0.0004801313796232243 9.756587090083962e-05
 0.0692383778437191 0.05301022340022718 0.04329856327494588 0.02344877344877345 0.01780984564800438 0.006340579710144928 0.003594013400535679 0.0008432220280256339 0.0004303199526648052 0
 0.04938271604938271 0.0370174510840825 0.03318866479448557 0.02462135342833694 0.0184484389782403 0.007235676314235086 0.004140541819472376 0.0009421699905398442 0.0004800335435684322 9.758347469660501e-05
 0.06493506493506493 0.04914933837429111 0.03886397608370702 0.01646611779607346 0.00978547233722243 0.007126102318952463 0.004068555154350811 0.0009234232067794653 0.0004703613551110641 9.557629118591461e-05
 0.03992015968063872 0.02070393374741201 0.01296176279974076 0.02365870411356178 0.0180013622652525 0.006912511646079403 0.003988930717259605 0.000919254943867995 0.0004692774788849576 9.553145641884811e-05
 0.06444053895723492 0.05164992826398852 0.04302536231884058 0.0246070804889665 0.01856234628056986 0.006536146409679576 0.003693777273820568 0.0008638413296245746 0.0004404786142738563 9.741229215894665e-05
 0.0664819944598338 0.05128205128205128 0.0439802089059923 0.02415925782759954 0.01673591874422899 0.006377273715486629 0.003678314663099816 0.000843794467009554 0.0004304689861770538 8.758282548564677e-05
 0.04813477737665463 0.03170577045022194 0.02240143369175627 0.01552450654247062 0.01770217175424205 0.006968227846224555 0.004071289103070084 0 0 0
 0.0430416068866571 0.03831417624521073 0.02878733357322778 0.02438344712275324 0.01788822278089344 0.006717821634371361 0.00382610765816704 0.0008680672771430169 0.0004415803867655414 8.962968598936634e-05
 0.04938271604938271 0.04347826086956522 0.03435442313197824 0.02435064935064935 0.01748701332098956 0.006055503862229902 0.003464827772707298 0.000804582287695638 0.0004106788227598204 8.746042167452121e-05
 0.0673226307612636 0.05188067444876784 0.0449034575662326 0.02645969306756042 0.01989472375347122 0.007345627056392991 0.004139215618640267 0 0 0
 0.05841121495327103 0.04342162396873643 0.03373819163292847 0.02411272699871901 0.0171333725973122 0.00607864835798563 0.003872264698128131 0.0009156303829051807 0.0004683392883974795 9.549414839711083e-05
 0.04347826086956522 0.02544529262086514 0.02267573696145125 0.02263771275257818 0.01807346619773349 0.006353845665088795 0.003754522493002935 0.0008479541179735438 0.0004315498229174533 8.762812376835186e-05
 0.04860267314702309 0.03009781790820166 0.02955301071296638 0.02610966057441253 0.01936675224068819 0.006783297313498761 0.004065109503887261 0.000923526254119793 0.0004703894726836013 9.557827043951269e-05
 0.06966773847802787 0.05523066926575698 0.0472204335694355 0.02713487629688747 0.01912777352716144 0.005885221368398042 0.003179996910860144 0.0007546074590044986 0.000383288993021192 7.770261654595532e-05
 0.06349206349206349 0.05465725347301298 0.04736530491415038 0.02575277337559429 0.01904868620090761 0.006761651774933591 0.003907809672678464 0.0009169299656533317 0.0004686721930929435 0
 0.06246096189881324 0.04606172270842929 0.03551136363636363 0.0232709671413944 0.01727302169923351 0.006085857403679603 0.003400826662481034 0.0007553323559203531 0.0003920892081366352 8.552970635662745e-05
 0.05361930294906166 0.03642987249544627 0.03166783954961295 0.02529579763361893 0.01757568885361152 0.005270137023562613 0.002833223660159392 0.0009269593840449481 0.0004760549231365607 0
 0.06716417910447761 0.04833252779120348 0.03946569520340013 0.02184442967043404 0.01444088654486093 0.006915204229031565 0.003890377798910694 0.000904397488468932 0.0004606185813535718 9.359967419347451e-05
 0.06480881399870382 0.05241379310344828 0.04943502824858757 0.03021394741139964 0.02096554850407978 0.006922375003933168 0.003887957699020235 0.0008697635402855144 0.0004684997369569185 9.738805243372743e-05
 0.06661732050333087 0.04712041884816754 0.04085205719288007 0.01756366829757872 0.01967559266724253 0.006609918101502547 0.003640302589054232 0.0009223479134760795 0.0004700849678579403 9.556588242250753e-05
 0.06410256410256411 0.04889975550122249 0.03873466752743705 0.02086852827188711 0.01734323342908244 0.005703298135836267 0.003522215731418164 0.0009272488149192442 0.0004761368009048543 9.740069353269333e-05
 0.04580152671755725 0.02652519893899204 0.01757469244288225 0.02748140963465891 0.01915061394615298 0.006597014467406146 0.003714100626214641 0.0008311025638547696 0.0004223732070011797 9.735438466267104e-05
 0.06676557863501482 0.049079754601227 0.03877221324717286 0.02726493729064423 0.0193605776777772 0.006135986733001658 0.003336489472023085 0.000903036893860502 0.0004602707959159291 9.357369695142868e-05
 0.0683371298405467 0.05403579871664978 0.04572853876532945 0.02568807339449541 0.01783524690669936 0.00683526999316473 0.003865016447792217 0.0009363886356817579 0.0004785357197616697 9.750091232996537e-05
 0.05636978579481398 0.04593477262287552 0.03567606136282554 0.02202181208053691 0.01410058416705835 0.007227878079537416 0.004065146129029468 0.0009087165249133336 0.0004617422024513599 0
 0.06195786864931846 0.04601932811780948 0.0409165302782324 0.01835086860778077 0.01785245471252297 0.006781541876021085 0.003810447554385478 0.0008842599801233735 0.0004680378876670066 9.548786040947979e-05
 0.05117707267144319 0.03342245989304813 0.02390057361376673 0.01172485669619593 0.01422325238371174 0.006035937040533639 0.003385387279624309 0.0007548294569292375 0.0003833500270802391 9.537902531776615e-05
 0.06889242183359831 0.05299633102323685 0.0426179604261796 0.01803426510369702 0.01628358489384355 0.005147705949751748 0.002990614747249074 0.0007860655501979543 0.0004471250346278899 9.144283878329339e-05
 0.0654252642174132 0.05086071987480438 0.04067584480600751 0.01694031795673703 0.01858228124829207 0.006331168831168832 0.003476338613208304 0.0008842344836070615 0.0004505859086113824 9.158677877153856e-05
 0.06357279084551812 0.04911220249338875 0.03952569169960474 0.02129471890971039 0.01716247139588101 0.006981940048408118 0.004007947674963971 0.00093928572113182 0.0004792911967901184 9.753176948107525e-05
 0.05134788189987163 0.03147128245476003 0.02660753880266075 0.02648342996206428 0.01916204878554042 0.00681749718580058 0.003783346237770113 0.0009213440874662653 0.0004782634157768364 9.748917621447141e-05
 0.04608294930875576 0.02657218777679362 0.0267022696929239 0.02271075581395349 0.01788814647235229 0.006288902505885768 0.003659142192523153 0.0008133781336845061 0.0004129655449080366 9.539360195111714e-05
 0.06276150627615062 0.0455005055611729 0.03472222222222222 0.02176041780002176 0.01820871742346648 0.005576302404569189 0.003006614552014432 0.0007906083441961634 0.000402253798600353 8.165861798166585e-05
 0.0676378772112383 0.05279034690799397 0.04263093788063338 0.01812532366649405 0.01693035203456127 0.006550626988583192 0.00387032721092442 0.0008988987533995586 0.0004677095289970164 9.546685579711543e-05
 0.04724409448818898 0.03665241295051924 0.02682163611980331 0.02048760499897562 0.01439389198322799 0.006374197249533886 0.00352951557398747 0.0009155867194146349 0.000468328778510734 9.549266656109422e-05
 0.06339144215530904 0.04476776720761053 0.03352891869237217 0.02906976744186046 0.02055327185868237 0.0069019758912377 0.003809625062017152 0.0009234161009139895 0.0004703701126830401 0
 0.07454739084132055 0.0494743351886209 0.0362154821186057 0.02701695546860443 0.01901688468852648 0.006681224130626079 0.003662774596424774 0.0009013708508173707 0.0004598411884644435 9.355643025288502e-05
 0.06595218466611706 0.04724409448818898 0.03587086488640893 0.01493145106556264 0.0181139532330662 0.006449636401747852 0.003552744939558927 0.0009219493081538733 0.0004785305790805963 9.750093173084252e-05
 0.05643340857787811 0.04112808460634548 0.03046127067014795 0.02300834052343975 0.01523712780140943 0.004665065570088291 0.004136968119489429 0.0009273803244671911 0.0004713960787702848 9.561989180609243e-05
 0.06018054162487462 0.04196642685851319 0.03258655804480651 0.0137854976564654 0.007973210014351778 0.005995487606696013 0.003334825228830442 0.0009155902123406301 0.0004683310632285963 9.740110011560913e-05
 0.05927180355630822 0.04768097095795405 0.03759398496240601 0.02202181208053691 0.01848118279569893 0.006764047477171339 0.003727998153753295 0.0008687191604698032 0.0004417533484903815 0
 0.06622516556291391 0.0488997555012225 0.03963011889035667 0.02817368246602586 0.02025694333386641 0.007108218680398693 0.003951666725209877 0.0008730608348789743 0.0004428732831279058 8.968137999316029e-05
 0.06589785831960461 0.05449591280653951 0.0456968773800457 0.02344416027280477 0.01496089765385923 0.006430762127757807 0.003506721215663355 0.0008856764931831791 0.0004509622652422794 9.350918896893982e-05
 0.05878030859662013 0.04232804232804233 0.03203844613536243 0.02245356195141866 0.01454737816570786 0.004991099206415227 0.002710541295096631 0.0009036758457060015 0.0004604403377084962 9.358101906145804e-05
 0.06488824801730354 0.04692387904066736 0.03562945368171021 0.02697235333782873 0.01929118668356942 0.005988820867713601 0.003977655950054476 0.000906134142556108 0.000461077685703943 9.360733594716881e-05
 0.05291005291005291 0.0425531914893617 0.0321285140562249 0.02492273950752667 0.01652787489670078 0.004827752681126935 0.003369481365881341 0.0009211849509085186 0.0004697900527828699 9.74678256718318e-05
 0.05807200929152149 0.04362050163576881 0.03276003276003276 0.02373887240356083 0.01895491803278689 0.006552451575784696 0.003742938467832491 0.0008326314056948115 0.000422771038020881 9.726489140374874e-05
 0.05215123859191655 0.03192338387869114 0.03128666405944466 0.02808249232119351 0.01925882696235775 0.006401208022847388 0.00371548059309439 0.0008312680510823883 0.000439758035356546 9.343936381709742e-05
 0.06752608962553713 0.0505050505050505 0.04017408771342484 0.02406854722248965 0.01967179168607962 0.006657578543575436 0.003695296415562477 0.0008314561116858256 0.000422467821215548 8.758824764780766e-05
 0.05780346820809248 0.05128205128205128 0.04153070305547315 0.01790281329923274 0.01294718909710392 0.004818316247694685 0.003706357638803094 0.0008604765893002605 0.0004571824333000011 9.344571738277235e-05
 0.05121638924455826 0.03154574132492113 0.03306392358559883 0.02008480249944209 0.01297725565193634 0.004602874239247175 0.003981026596645773 0.0009206760831370504 0.0004696585875605053 9.745006976629484e-05
 0.06369426751592357 0.04954954954954955 0.03946070371588293 0.02914781007900591 0.02067914671310405 0.006458236735775319 0.003764763564092911 0.0009169562401737633 0.000468688667693876 9.550990049659179e-05
 0.07276507276507277 0.05835907998626845 0.04918839153959665 0.02341372044017794 0.01604707140946777 0.007180992225795373 0.004060089321965083 0.0009246132034765456 0.0004706805255932536 9.748890466838552e-05
 0.05188067444876784 0.03174603174603174 0.02919099249374479 0.0269323996768112 0.01820830298616169 0.006115223688445446 0.003991575228453986 0.0009205877953073038 0.0004696351521911415 0
 0.03992015968063872 0.02564102564102564 0.01722158438576349 0.007701786814540973 0.01806437486314868 0.005559205538990246 0.003407601572739187 0.0007558066297807191 0.0003836052996547552 0
 0.06578947368421052 0.04006410256410257 0.02738225629791895 0.02760575990449899 0.01975124112528693 0.007092645714465845 0.003995622187863731 0.0009072290714799995 0.0004697362626608602 9.7455748626222e-05
 0.06896551724137931 0.05825677795205019 0.05080109417741305 0.03051404428448478 0.02194242725040489 0.007227290247976359 0.003988194942968813 0.0008903047745496704 0.0004521582199907013 9.165254520114247e-05
 0.05586592178770949 0.03576537911301859 0.03526093088857545 0.01377600220416035 0.01660210293303819 0.006140917905623788 0.003379279679857715 0.0007925308797092765 0.0004027524693146823 9.535022634753211e-05
 0.0681663258350375 0.05121638924455826 0.04032258064516129 0.02657066940944544 0.01823314904128926 0.00598125872266897 0.003963262281805179 0.0008886931188105422 0.0004517421534352045 9.16353280484982e-05
 0.07085916740478299 0.04936917169500823 0.03688524590163934 0.01643073811931244 0.01516346212167162 0.006764069264069264 0.003842803709586514 0.0009009527095673511 0.000459731438587705 9.355179335802172e-05
 0.06938421509106678 0.05555555555555555 0.04536433229373405 0.02713213349009677 0.01953997320232247 0.007191545244199863 0.004061738424045492 0.0009088201966918945 0.0004617671534216455 9.746544104206072e-05
 0.05643340857787811 0.03599712023038157 0.03947767992711813 0.02937473772555602 0.02046035805626599 0.006315334629638862 0.003913553941818498 0.0008711745756411844 0.0004696631830052377 9.746495637548116e-05
 0.05707762557077626 0.03625815808556925 0.03348214285714286 0.01608114794656111 0.01524300873541654 0.005573953244368668 0.003047304927671322 0 0 0
 0.06381039197812215 0.04320987654320987 0.03143242029636282 0.02584439889492915 0.01915813673435875 0.006201752811189267 0.003394463451454706 0.0008864889449047121 0.0004511688214881902 9.161222377918746e-05
 0.03992015968063872 0.0264783759929391 0.0176056338028169 0.02153183635804368 0.01722745625841184 0.006117586451155901 0.00384432168615292 0.0008981257834714282 0.0004589937879585422 9.352137630036996e-05
 0.05561735261401557 0.03826530612244897 0.04079254079254079 0.02425300737291424 0.01807525880484198 0.005905414937419006 0.003227368081329676 0.000701623088077085 0.0003551129357778256 9.348467507710496e-05
 0.05793742757821553 0.05229734777736272 0.0453857791225416 0.02252505912828021 0.01859783588818755 0.00698616738857063 0.004129584681769148 0.0009419327306245399 0.0004799813492961416 9.756126698238024e-05
 0.06128702757916241 0.04622496147919877 0.03500583430571762 0.0210194429847609 0.01518925815663163 0.006835879450751947 0.003902372812338285 0.000885587828172859 0.0004509379509379509 9.748114684778797e-05
 0.05361930294906166 0.03228410008071025 0.03551136363636363 0.0176740897843761 0.01084598698481562 0.007161539419603936 0.004006340469264401 0.0008908565198109061 0.0004523004887795064 9.742182097686649e-05
 0.04702194357366771 0.02690582959641256 0.02928870292887029 0.02669751713090682 0.01808318264014467 0.006922757411196406 0.003893070334804049 0.0009357591776013627 0.0004783722067700406 0
 0.05889281507656065 0.03939592908732764 0.02824858757062147 0.0275408670931059 0.02026018340797612 0.006968199670594198 0.003868778081613632 0.0009411348934404818 0.0004797731554190867 9.755747927401308e-05
 0.05808325266214908 0.04642525533890436 0.04333941605839416 0.02249357326478149 0.01986201128998536 0.006486030711355418 0.003563156957063959 0.0008858538764773057 0.0004510763564405368 9.160837420029374e-05
 0.0576036866359447 0.03631082062454612 0.0299017513882956 0.02072027627035027 0.01465158530152963 0.006679819178848275 0.003740333846541931 0.0008646629543803825 0.000458095472944589 9.348804079102022e-05
 0.06114130434782609 0.0516246583662314 0.04311437991377124 0.02066827419910438 0.01280956447480786 0.005355290022425277 0.003742260325236443 0.0008475914917224985 0.0004314596869563853 9.548994998117057e-05
 0.05524861878453038 0.03523608174770965 0.03635262041805513 0.02963450773789924 0.02062890276538805 0.006622845505571469 0.003724493867886881 0.0008166265158629701 0.0004586864975382198 9.542734052948258e-05
 0.05221932114882507 0.03167062549485353 0.02446183953033268 0.02792181890706023 0.01956728350198468 0.00603207050820194 0.003661024040724534 0.0008135341083859871 0.0004130033109098758 9.744293821083628e-05
 0.05376344086021505 0.04392386530014641 0.0336322869955157 0.02687168769127416 0.01919692849144137 0.00717707081896619 0.004058056104784189 0.0009084513031444012 0.000461671900585341 0
 0.05747126436781609 0.04807692307692308 0.03977272727272727 0.02767102229054573 0.01977446421890866 0.007207423646355746 0.004133521169533419 0.0009421718021439216 0.0004800387165919994 9.756929012566924e-05
 0.06196746707978312 0.04347826086956522 0.03650846332558911 0.02522397147081847 0.01919883769198838 0.006448804552856014 0.003551861619471305 0.0008841665000845724 0.0004505656067600513 9.158665112613752e-05
 0.05547850208044383 0.04287245444801715 0.03216726980297548 0.02249948864798527 0.01454353143385998 0.006965662450330078 0.004102423848757307 0.0009257205673895645 0.0004709622347158037 9.560197075495881e-05
 0.03992015968063872 0.03037205770690965 0.02830570157703194 0.02890363266110491 0.02138309763327988 0.007230077120822622 0.003988230289279636 0.0008749008445709486 0.0004518322287999828 9.74920857317547e-05
 0.05076142131979695 0.03088803088803089 0.03465658475110271 0.02306583373378183 0.01857355126300149 0.00682858694808722 0.004062563477554336 0 0 0
 0.04746835443037974 0.02683363148479428 0.01775147928994083 0.02051614296512256 0.01327316166710911 0.005570117955439056 0.003045667090671301 0 0 0
 0.0574052812858783 0.04275788348476751 0.04791107704101188 0.0270929287455974 0.02044276027124053 0.007190832453603831 0.004053296537449872 0.000908737608782659 0.000461746285152892 9.363542112431038e-05
 0.06552006552006552 0.04517221908526257 0.04008551576696954 0.02672745853313419 0.01880218990211801 0.006677053193857111 0.004011162981232878 0 0 0
 0.06387508871540098 0.04850444624090541 0.04267425320056899 0.02401306310632985 0.01585087496829825 0.006726106679180353 0.003865082841608905 0.0009019053229684582 0.0004599766488450182 9.356250174185509e-05
 0.04777070063694268 0.02697841726618705 0.01781472684085511 0.01667063586568231 0.01549042691616581 0.006403610416539611 0.003615017816873526 0 0 0
 0.05675368898978434 0.04235044997353097 0.04149377593360996 0.02709833844398488 0.0196007633981534 0.006275494195167869 0.004124278251306021 0.0009268932276932524 0.0004712595491420622 9.561429194628867e-05
# name: avgRateB
# type: matrix
# rows: 100
# columns: 10
 0.07078254030672433 0.06457242582897033 0.06070782743477137 0.04040542391453225 0.03274394237066142 0.01338395564174702 0.00791477883038952 0.001865465662107062 0.0009551489350089374 0.0001949501932095665
 0.07538416932444188 0.06487232574189096 0.05848959229313608 0.04116436342252279 0.03098948103531055 0.01277049594431502 0.007465135356849877 0.001802516312772631 0.0009243879821777997 0.00018889334942307
 0.06547835576573299 0.06089370466553237 0.05704041720990873 0.04099760847283909 0.03201627179931447 0.01265858001335411 0.007426146564387139 0 0 0
 0.06649427410417437 0.05798782255726298 0.05286861170941844 0.03580977845683728 0.02835110002268088 0.01105245553568053 0.006330258636281425 0.001463652313244705 0.0008901006297461955 0.0001827147116324924
 0.07676560900716478 0.06551901336073998 0.05716538537354622 0.03791918473752814 0.02916066472262235 0.011928671413791 0.007379017988238749 0 0 0
 0.08045977011494253 0.06634599436059048 0.05884825556956704 0.03944657050338534 0.02981090100111235 0.01193503928617098 0.007426955106426686 0.001784846275367603 0.0009149994694949885 0.0001869193073327251
 0.07466529351184346 0.06334286881896199 0.05822102425876011 0.03947231744053183 0.03105926541225757 0.01246376811594203 0.007187930962430524 0.001856383427558856 0.0009574625501579813 0.0001966007140776239
 0.06831119544592031 0.0641346828339513 0.05961384464810036 0.04129071723505123 0.0317846757286806 0.01325624030461148 0.007851036495424195 0.001874463931716498 0.0009622487461607248 0.0001968016746033403
 0.07772020725388601 0.06935881627620222 0.06212037548315848 0.0441025641025641 0.03341166103686297 0.01332785095492634 0.007756799577501981 0.001830986713076831 0.0009413290012790429 0.0001927638823281823
 0.04739336492890995 0.06391079684525429 0.05619505121000635 0.03936134826477437 0.02983314253997988 0.01253460791470957 0.007383127525273014 0.001732224709519241 0.0009192448258611631 0.0001886768844798963
 0.08219689893517654 0.07016749660479855 0.06349817202232057 0.04243899394620233 0.03155013223217185 0.01191442561994292 0.007163323782234957 0 0 0
 0.07611637347767253 0.06704210244033253 0.06028368794326241 0.042026100420261 0.03232990875781306 0.01301631377993752 0.007658116419159503 0.00185865230810823 0.0009580657523429063 0.0001966197294989176
 0.03992015968063872 0.07517822423849643 0.06854171590640511 0.04212845939464644 0.03132962947491541 0.01178736739211684 0.007432416405082508 0.001803707746736886 0.0009294004205536903 0.0001906786351938338
 0.07469375560203168 0.06239081607187422 0.05241935483870968 0.04303863106040964 0.03360595999676087 0.01294047382042604 0.007523956774454926 0 0 0
 0.07520746887966805 0.06444997802841658 0.05825499801403416 0.04065800542106739 0.03245542042826233 0.01341156747694887 0.007841298583715968 0.001851466571484743 0.0009467312395932765 0.0001968421743305875
 0.07186081694402421 0.0583756345177665 0.05363286784051811 0.03837719298245614 0.02938808373590982 0.01220741245439964 0.007103152643446516 0.001838907948726045 0.0009527943340496936 0.0001964009428038794
 0.07850662944870899 0.06858262573481384 0.06356573504187267 0.04304635761589404 0.03313508920985556 0.01300707259572392 0.007715057220007714 0.001848348651365609 0.0009506348883004006 0.0001965351839668582
 0.06524102935846322 0.06547930853850183 0.06091283459162664 0.04337750311961495 0.03280603990652526 0.01258870889648208 0.00754782253182272 0.00181504673745349 0.000932402743595073 0.0001964053846817687
 0.06232686980609418 0.06265128862309555 0.05653189136045225 0.04031367351446875 0.0310268616116967 0.01210279305568629 0.007490058298907378 0.001826037029018929 0.0009400217658648055 0.0001927073193021214
 0.06877916973716532 0.0670690811535882 0.06062736139179335 0.04259185643704923 0.03244184206361767 0.01233546446032343 0.007515610883244186 0.001784405811847695 0.0009148676702310819 0.0001869117995032918
 0.07296137339055794 0.06248851314096673 0.05967989872502034 0.04292733385053012 0.03355297732142135 0.01287708890978803 0.007440414679111449 0.001806066124595987 0.0009300279880297648 0.0001907084082343918
 0.07725898555592879 0.06875687568756875 0.0628693574751666 0.04248647008244399 0.03306929170191494 0.01313854019393628 0.007627259161001492 0.001761551084024072 0.0009616001025706777 0.0001967721809453373
 0.0712719298245614 0.05502904310608376 0.04561581348200709 0.03913339382940108 0.0308951880744574 0.0121937545551382 0.007195175190389186 0.001767508677715476 0.0009424599358357888 0.0001961674041107969
 0.07594167679222358 0.06344890097439383 0.05737533903609431 0.03810906451320207 0.03047905909351692 0.01301720130172013 0.00778506855626698 0.001857774121206491 0.0009531265956360418 0.000194837986250005
 0.0759301442672741 0.06594259115593483 0.05855968103663095 0.04080638284913819 0.03079441802447961 0.01271069356175739 0.007522428715089992 0.001799538939181266 0.0009235908434231583 0.0001964459553365238
 0.07599211933577259 0.06891171499154856 0.06339712918660287 0.04366812227074236 0.03289052154969886 0.01271713055290615 0.007345637275770249 0.001847613373704314 0.0009504551031195294 0.0001947251732358595
 0.07712082262210797 0.06601607347876005 0.06022518984027233 0.04144736842105263 0.03060034971828249 0.01108394953007091 0.006268085142920928 0.001409046075806679 0.0007165630104284458 0.0001964765990416705
 0.06776789495976282 0.05592272496187087 0.04975124378109453 0.03871773522064946 0.03163050132644038 0.01317523056653491 0.007672241829062452 0.001851022879020545 0.0009513556332388126 0.0001947630985139575
 0.07285089849441476 0.06477048718670797 0.0587515299877601 0.039620149676121 0.03158124001742413 0.01326663165749979 0.007807607537594443 0.001830147098073007 0.0009363862124933429 0.000190974315148202
 0.07534533277521975 0.06034193764666443 0.051440329218107 0.0389419916047135 0.03062969887425912 0.01231335361970137 0.007175316909830184 0.001762401717678405 0.0009043534407731153 0.0001944333339682177
 0.067810131631432 0.05671077504725898 0.05818430735004706 0.04178688687692766 0.03287819595404788 0.01310670235368781 0.007718807891059182 0.001810596372327226 0.000926503862058204 0.000194449228512765
 0.08948101014118115 0.07893852872018811 0.06898891653472065 0.04650351682846016 0.03541224013664959 0.01307885331913923 0.007535101012215236 0.001863287403612519 0.0009593116212366398 0
 0.07993909402360107 0.0663487455940286 0.05974395448079658 0.04172848664688427 0.03328311670111761 0.01358291947875546 0.007968969807362352 0.001868168318152877 0.0009627521875869152 0.0001968666387606549
 0.07099751508697195 0.05863383172090296 0.04996741255702802 0.04169732646553839 0.03301868469098396 0.01271192703945132 0.007733829982007007 0 0 0
 0.07776883883078574 0.06762680025046963 0.061178115714036 0.04328274311410905 0.03307118370639242 0.01273772142899461 0.007281594499856062 0.001657668354532856 0.0008435714460874469 0.0001888574877421551
 0.08064516129032258 0.07024265644955301 0.06163615988046321 0.04227053140096618 0.03266587476667233 0.0130811576824549 0.007743434213073498 0 0 0
 0.06578947368421052 0.06394217403391715 0.05859126225958476 0.04019218331331424 0.03199658703071672 0.01302230777941343 0.007588442472182584 0.001759573418200874 0.0009150065948613619 0.000188711515514371
 0.06593406593406594 0.05035669324381032 0.04467434751939807 0.04245465071401004 0.03278688524590164 0.01268023023878726 0.007369074725729663 0.001703734049029255 0.0008699451543566169 0.0001907118937273865
 0.03717472118959108 0.02540220152413209 0.0170940170940171 0.04613677509782164 0.03494295457415905 0.01308515643378029 0.007504152578814681 0.001863140125075043 0.0009592735101949456 0.0001966748442345167
 0.06013745704467353 0.0541858574911948 0.0487987987987988 0.03748888041682552 0.03162229739667598 0.01264829030006978 0.00728862973760933 0.001669961802023149 0.000893896436268099 0.0001906236969083219
 0.06055363321799308 0.06056808688387635 0.05927788755164361 0.04286434694906707 0.0337810984818377 0.01366216425583459 0.00797828590228656 0.001865557992202729 0.0009551843115850211 0.0001949229338367914
 0.0723725613593455 0.06105654366870188 0.06036395916555704 0.04314312011044639 0.03285349932996152 0.01238700544143453 0.007095193850831996 0.001615471602317048 0.0009306212187454257 0.0001907331504149439
 0.0747430706944877 0.06314127861089186 0.05817253121452895 0.04124143715923389 0.02999606608969316 0.01031091370558376 0.006841143638987844 0.001839926402943882 0.0009530860251595456 0.0001964141131674633
 0.05649717514124294 0.06580057364602665 0.05887300252312868 0.04049825121187949 0.03126395712371594 0.01246531826772287 0.007629962395185338 0.001849014739288922 0.0009508304242450115 0
 0.07370184254606366 0.06412605349945036 0.06048780487804878 0.04210812279271937 0.03357741008940491 0.01312490783070344 0.007518161851664132 0.001851418035078704 0.000958357897304691 0.0001966680069227138
 0.074034902168165 0.06420545746388442 0.05604483586869495 0.04090657822001106 0.03161042289619821 0.01147785084998139 0.006432433372159732 0.001872018243668702 0.0009616262556993353 0.000196773862706702
 0.08378870673952642 0.06936067551266585 0.05830164765525982 0.04126636146753498 0.03072491598655785 0.01071237279057311 0.006038959918560312 0.001837187678094724 0.0009476949737353107 0.0001946090512669744
 0.03875968992248062 0.07032165646568564 0.06491164803461955 0.04224242858165676 0.03212662592070208 0.01265325712291112 0.007574091719807471 0.001802037630339485 0.0009242629732469649 0.0001926654067275979
 0.06545454545454546 0.0679519595448799 0.0613747954173486 0.04388550468330386 0.03264269846307295 0.01179299465486346 0.00714250529530565 0.00175445546795855 0.0009434525356730956 0.0001962470818158049
 0.07767646065518405 0.06630086877000457 0.05795475789867265 0.04078154482926532 0.03085315685923806 0.01150195096383437 0.006624737945492663 0.001791425295679459 0.0009214649935448952 0.000188769637258278
 0.0709849157054126 0.06771204561653599 0.06363347120585428 0.04464285714285714 0.03352263764000631 0.01351370574261369 0.007859683957971373 0.001818446319464649 0.0009285613749745867 0.0001927682877486015
 0.08787346221441125 0.07783615489394824 0.0691085003455425 0.0452696496522766 0.03353747448235637 0.0127719746385075 0.007381559522211784 0.001831059296118154 0.0009413701108196422 0.0001927649549337395
 0.08071440838055985 0.0730260155180283 0.06643598615916955 0.04642525533890436 0.03539211877940351 0.01281378330811746 0.007195741508158064 0.001805980647491588 0.0009253000407132018 0.000192726616698152
 0.0692201199815413 0.06724303554274735 0.06150818058801821 0.04070645394261704 0.03204027920814739 0.01279699697137738 0.007444168734491315 0.001722649588191046 0.0009425510289353449 0.0001928144610050643
 0.07898351648351648 0.06664265129682996 0.05953798523457966 0.04116786739613239 0.03179391024334569 0.01345784125240319 0.007942168049792531 0.001866869355339532 0.0009555316997641397 0.0001949384044371163
 0.07557864903164856 0.06936187078874356 0.06262190740170413 0.04286115795390669 0.03104346084518326 0.01299364917147237 0.007762253271235307 0.001856760407805215 0.0009528763740137001 0
 0.08338296605122096 0.07106598984771574 0.06009615384615385 0.03418329637841833 0.03039267333954695 0.01229179902218048 0.007237243342142712 0.001757406144118642 0.0009030415020396114 0.0001962975506031292
 0.07844946931241348 0.0667433831990794 0.06064880112834979 0.04580652197622424 0.035480464625132 0.01310538793420801 0.007511879742401607 0.001711446306737329 0.0009345594233768358 0.0001909287370422036
 0.07056451612903225 0.05685407454200884 0.0472316977171346 0.03678196900923462 0.03463236413457147 0.0137794990064256 0.00796541681532679 0.001838840917275144 0.0009386623279607952 0.0001967947502316811
 0.08044435931813829 0.07225184930328575 0.06423982869379015 0.04408745017514193 0.03331232556045736 0.01298189827442858 0.007471081040243104 0.001709322916066483 0.0008714059400511877 0.0001907393274888949
 0.07712082262210797 0.06343567622430855 0.05794137695978187 0.04119781098198364 0.03200624512099922 0.01229164168365511 0.007665592440787209 0 0 0
 0.06279434850863422 0.06227544910179641 0.05450103364029318 0.04298384025246205 0.03331505925020031 0.01345544511480533 0.007883715200788372 0.001837067428029056 0.0009381944838073496 0.0001910512015229965
 0.0776778413736713 0.06503642039542144 0.05536190280910396 0.03622094778146695 0.03180320331059851 0.01268907441853758 0.00769273472754237 0.001838343292605501 0.0009501233706111329 0.0001947118255048252
 0.07924528301886792 0.06529119874640898 0.05729327965314339 0.03932692927599768 0.03256396493111469 0.01324503311258278 0.007664942054704357 0.001804608399977205 0.0009249387836568185 0.0001966214086553538
 0.07622398123717385 0.06726457399103139 0.06010518407212622 0.04364602441647163 0.03255208333333333 0.01310335987238467 0.007627826961933898 0.001818488343679143 0.0009333291852036213 0.0001946065393357403
 0.07980845969672785 0.06898137502874224 0.05992808629644426 0.03976861894432394 0.03010124965794034 0.01210946960523129 0.007038696267834814 0.001652945948667478 0.0008471292057043928 0.0001965093976153287
 0.05865102639296188 0.06105006105006105 0.05947412353923205 0.04202192448233861 0.03172413793103449 0.01303433361969369 0.007452448298639927 0.001870059218541921 0.0009611090616080617 0.0001967536834674438
 0.03992015968063872 0.07061592781482934 0.06501324343847821 0.04291278801082723 0.03173828125 0.01262401235668033 0.007209377279435463 0.00170022217509996 0.0008690336931197919 0
 0.05252100840336135 0.07047893640877784 0.06330004220002813 0.04122117737987892 0.03067925794544845 0.01284558183349271 0.007602164190571699 0.001832990041384002 0.0009418801675964092 0.0001928177572034826
 0.07017543859649122 0.06276150627615062 0.05886200130804448 0.04001970200714198 0.03020058598151905 0.01064695935366694 0.005941978329255505 0.001849189187149267 0.0009508765529366561 0.0001947440566299819
 0.0657030223390276 0.06612663250123987 0.06078200127007167 0.04357175192394749 0.03441533046538913 0.01378996602266104 0.008022230676348479 0.001882841607376175 0.0009644732855513134 0.0001968940069839697
 0.07606787595084845 0.06457359162769984 0.05633255633255634 0.04205677664847544 0.03318846305807981 0.013238019592269 0.007795046529195262 0.001844155547866293 0.0009448186922150836 0.0001929092525044891
 0.03824091778202677 0.06678949792722248 0.05818290317768164 0.0412796697626419 0.0311119127062855 0.01245640259093174 0.007327379159305364 0 0 0
 0.07508212106992022 0.06314839873703203 0.0609694136774718 0.04214408007375214 0.0321127700392026 0.0128367893920158 0.007590439276485788 0.001801210792855071 0.0009567962980681412 0.0001965720222019164
 0.07171671896010758 0.05874840357598978 0.05710757832998919 0.04113981487083308 0.0310146211785556 0.01114430324887396 0.007439180740435905 0.001820898660419295 0.0009531530109044555 0.0001964177762452341
 0.08223096174472649 0.07344262295081967 0.06715506715506715 0.04624564893088016 0.03653075654018383 0.01413549885329372 0 0 0 0
 0.0848385331143952 0.07218683651804671 0.06350757205666829 0.04119349810732576 0.03271457452674141 0.01307987443320544 0.007538004104024457 0.001856162554382722 0.0009527170420663461 0.0001948213696777237
 0.07364341085271318 0.06716417910447761 0.06112469437652811 0.04095755949438599 0.02973139224933361 0.009654247050545709 0.007520702368203779 0.001770271993726004 0.0009064239139969396 0.0001926102018276921
 0.03937007874015748 0.06996770721205597 0.06423718344657196 0.044138097829373 0.0333516081871345 0.01255650426921145 0.007186459020274269 0.001787524221904018 0.000915703635440848 0.0001869477087370608
 0.07594062823610633 0.07067137809187279 0.06447133505256893 0.04428754813863928 0.03305645024580438 0.01260940513276962 0.007203572972194208 0.001636075267161467 0.0008331666999933348 0
 0.06211180124223602 0.06673909669408661 0.06494646305072845 0.04623815504052974 0.03553770086526576 0.01386031718241636 0.007974682481721188 0.001824579194419476 0.0009301542293623253 0.0001891660425846613
 0.0859375 0.07237199203908087 0.06343010490363504 0.0406413951082539 0.03261433548291454 0.01291800005871818 0.007500700614892599 0.001783552609109779 0.0009146584723646646 0.0001963287320356731
 0.08290155440414508 0.06880733944954129 0.0576923076923077 0.04098619080648212 0.03226384656748521 0.01336898395721925 0.007843457657584051 0.001859085140408354 0.000960132207295453 0.0001967125165789905
 0.07109004739336493 0.05716207128446537 0.06154706952021262 0.0437199762508771 0.03363864796952257 0.01271826792153577 0.007292434927448559 0.001810610175629187 0 0
 0.08116883116883117 0.06546644844517185 0.05876591576885406 0.04169358153737741 0.03211546454074886 0.01305412752671386 0.007766523880059249 0.001842575654826693 0.0009443946284391298 0
 0.07628042135851798 0.07086167800453515 0.06437236939836594 0.04421448730009407 0.035323738303709 0.01387269587803834 0.00795524962735936 0.001823553010686021 0.0009298810926788014 0.000192786984294817
 0.06650544135429262 0.04954954954954955 0.04340748779164406 0.03817988358265006 0.02859419678432475 0.01229375606599806 0.007429769129700307 0.001794457205029013 0.0009452032862210581 0.0001945045710558939
 0.07518796992481203 0.06138735420503376 0.05170863309352518 0.02710027100271003 0.03202471554517369 0.01321172860552336 0.007687157487539366 0.001868442756764612 0.0009606716550431866 0.0001967347594152487
 0.03992015968063872 0.01994017946161515 0.0128122998078155 0.04116549816684891 0.03049625727751594 0.01256371086332681 0.007363047319850775 0.001718396773996456 0.0008785467665086259 0.000192530415339712
 0.0872093023255814 0.07488087134104833 0.06458966565349544 0.04364494249483928 0.03316898251904975 0.01165941891977059 0.006487699672108152 0.001809344598249316 0.0009605877632762447 0.0001967313190695841
 0.07779578606158834 0.06789203510514986 0.06064847212502916 0.041544952937358 0.03063003628481221 0.01049251216177546 0.006410418617205225 0.001583833449417512 0.0008099773596689828 0.0001651299303967396
 0.07788944723618091 0.06731813246471227 0.05882352941176471 0.04147631642221688 0.03128771286818934 0.0130528362146775 0.007666647635981046 0.001805682006093702 0.0009252117273995123 0.0001889262565137299
 0.03913894324853229 0.06926024167403477 0.06306185428686435 0.04273254112275362 0.03252539654250579 0.01237497634195699 0.007126030130532104 0.001798104986618313 0.0009232174614435234 0
 0.0591715976331361 0.06665582832059827 0.06203007518796992 0.0438129811604181 0.03280224929709466 0.01249479383590171 0.007366904590400105 0.001721657688540647 0.0008794026315635193 0.0001947474235213951
 0.08176614881439084 0.06895230798697567 0.06113092205807438 0.04275331338178709 0.03314786314667929 0.01296053786232128 0.007700452401578593 0.001824585144455827 0.0009349216613557923 0.0001909135491743585
 0.07878293941863623 0.06744186046511629 0.05838534326555265 0.04114112488496725 0.03225463438840251 0.01311711711711712 0.007585103190744506 0.001860345037055036 0 0
 0.07704785077047852 0.06192863462105573 0.05181347150259067 0.03671471308131629 0.02690314866480669 0.008818342151675485 0.004828671578796766 0.001796955390109558 0.000923757885975216 0.0001888670995898204
 0.07336757153338223 0.05993407252022775 0.05689900426742532 0.03950430218085394 0.03053492667847853 0.01208417251198 0.007551800632463302 0.001816128354871481 0.0009326871883756087 0.0001908204623937592
 0.07955449482895784 0.06497022198159177 0.06037189084762135 0.03917142477758598 0.03052732823150587 0.01161422891943001 0.007323861139592793 0.00183425171984736 0.0009421921411462108 0.000192799399578942
 0.07870572802798426 0.06226219301279833 0.06121939030484758 0.03882891977945174 0.02741603838245374 0.01213933588950244 0.007549169992852382 0.001850602193430923 0.0009559223250348332 0.0001965349888858471
