# Created by Octave 3.0.1, Thu Sep 10 02:23:37 2009 PDT <jwawerla@marvin2>
# name: prtA
# type: matrix
# rows: 100
# columns: 10
 178.8 407.3 445.2 508.6 1197.3 1303.2 1679.5 1827.9 1895.2 2054.4
 243.6 621.8 643.7 954.6 1158 1293.8 1358.8 2114.2 2182.7 2233.4
 231.6 454.6 727.4 941.9 994.7 1739.2 1804.3 1961.4 2030.1 2834.2
 295.3 633.6 820.3 1099.2 1392.2 2374.8 2440.4 2597.9 2666.7 2648.6
 318.7 489.8 533.1 1407 1576.5 1906.6 1974 2133.1 2678.5 2049
 48.6 52.7 57.3 417.6 456.8 1107.3 1170.4 2156.7 2410.3 2543.5
 64.8 71.8 78.90000000000001 550.6 950.7 1471.8 1847.4 3177.4 1695.5 3151.3
 40.1 40.1 174.3 211.6 487.4 1081.9 1143 1742.3 2851.1 3017.9
 40.1 91.90000000000001 98.40000000000001 384.3 460.1 1113.9 1173 2013.7 2358.5 2312.8
 42.1 47.6 51.5 118.2 432.6 1140.4 1200.1 1570.9 1654.6 3173.8
 40.1 84.40000000000001 91.2 335.9 411.5 1022 1169.6 1869.7 1953.5 2163.5
 67.8 134.2 143.6 224.2 254.6 653.7 1315.5 2097.7 2181.6 3045.5
 41.6 59.7 65.09999999999999 123.3 249.1 1183.2 1315.9 2041.9 2414.5 2622.4
 70.8 81 178.7 229.5 261.1 1056.9 1435.2 2004.4 2604.6 2812.5
 53.2 61.3 67 179.5 659.1 813.8 874.2 2414.4 2865.9 3320
 71.2 81.7 145.2 230.9 423.8 1400.7 1461.1 2117.4 2199.8 2366.3
 40.1 40.1 40.1 70.8 134.5 1161.9 1221.9 2280.1 2360.6 2560.8
 61.2 69.5 75.90000000000001 170 293.9 1053 1113.2 1966.4 2564.9 2725.4
 40.1 48.2 105.7 197 447.5 1180.2 1240.6 1772 1875 2196.2
 40.1 74.5 81.5 168.7 197.5 1357.9 1418.5 1684.7 1765.3 2412.4
 68.59999999999999 141.6 180.6 276.2 423.2 1213.9 1370.6 1740.1 2142.3 2694.3
 40.6 46.6 51.3 66.59999999999999 285.5 669 1557.7 2064.5 2027.1 2187.4
 89.5 127.3 138.2 265.7 298.9 1159.6 1220.4 1686.5 1766 1958.3
 59.7 69.09999999999999 76.40000000000001 117.6 315.7 1053.3 1114 1312.6 2133.1 2981.1
 40.1 63.1 69.90000000000001 168.8 198.3 1271.6 1332.3 1897.3 1981.5 2140.6
 74.2 85.59999999999999 150.9 303.5 383.3 1172.1 1232.8 2370.2 2450.6 2991.7
 84.09999999999999 95.8 105.2 149.2 283.3 1326.2 1673.6 2130 2208.8 2394.3
 81.5 91 99 124.3 149.1 1077.2 1137.2 1862.1 1940.9 2126.4
 40.1 40.1 40.1 47.7 60 1254.3 1620.6 2099.8 2178.4 2363.5
 101.4 160.6 172 261.5 586.4 1436.8 1497 2149.6 2234.2 2410.1
 61.8 69.7 76.5 134.9 495.7 764.9 1440.8 2028.3 2579.4 2738.1
 82.09999999999999 90.5 98.7 255.7 284.2 1245.5 1468.9 1942.3 2017.6 2662
 68.90000000000001 76.3 148.9 195.7 323.9 1041.5 1311.2 1665.7 1741 2323
 63.1 70 76.8 96.09999999999999 562.2 809.6 1013.7 1596 2151.1 2709.9
 57.6 64.2 108 132.1 580.6 1102.3 1227.9 1982.4 2049.6 1982.1
 87.2 96.2 102.1 236.2 262.3 817.4 1276.2 1641.4 1717.6 2713.5
 66.59999999999999 73.40000000000001 91.59999999999999 140.4 427.7 846.3 902.1 1793 1868.8 2052.2
 40.3 55.9 60 74.2 131.9 1133.2 1321.1 1734 1810.1 2301.2
 58.1 64.8 69.8 178.4 224 716.5 971.2 1521.7 2093 2271.6
 40.1 40.1 40.1 95.8 113.3 916.4 1421.9 1581.2 1657 3217
 40.1 43.5 46.9 57.6 69.3 832.2 1144.7 1748.8 1823.8 2000.6
 58.7 65.2 70.3 221.5 246.8 772 827.8 2216.2 2291.1 2903.8
 76.2 84.3 90.09999999999999 194.2 432.1 715.3 771 1971.6 2046.3 2217.6
 40.1 43.3 46.2 56.3 66.90000000000001 766.7 821.7 1604.7 1680.3 1856.6
 84.09999999999999 91 96.7 177.5 356 817.7 872.2 1650.8 1718.4 1877.8
 63.6 69.3 73.7 88.7 121.6 751.9 1101.1 1257.6 1332.1 2294.5
 48.9 53.5 56.9 127.6 431.1 545.3 599.2 2020 2087.2 2246.3
 49 53.6 57.2 69.5 180.7 387.8 1368.7 1527.4 1601.9 2113.7
 40.1 40.1 59.7 72.7 173 476 822.9 2038.8 2195 2809.4
 69.40000000000001 87.40000000000001 92.5 177.5 217 303.5 749.1 1803.4 1879.9 2117.1
 49.6 54.7 58.1 101.4 242.9 832.8 1044 1201.3 1279.4 2670.6
 58.2 64.2 68.2 128 145.8 932.8 986.9 1666.8 1744.2 1915.6
 81.09999999999999 145.2 152.2 174.7 213.3 712.6 766.7 1665.5 1743 1914.3
 40.1 45.3 48.1 58.1 68.40000000000001 705.7 1203.5 1724 1801.4 1972.6
 40.1 43.3 46.2 55.8 121.3 606.7 1230.1 1752.6 2396.8 2569.7
 40.1 66.90000000000001 71.09999999999999 85.3 152.4 795.1 980.5 1314.4 1487.2 2972.6
 84 92.5 97.90000000000001 168.8 253.6 786.5 1014.9 1668.8 2274.8 2448
 40.1 43.9 46.7 71.90000000000001 140.6 703 757.4 1831.5 2121.6 2346.4
 71 78.5 83.3 127.7 201.7 850.9 955.7 1111.8 1987.7 2226.3
 56.8 63 67.09999999999999 146.3 457.9 749 803.6 1589.4 1668.8 2490.9
 50 55.6 59.2 72.2 384.9 811.7 1058.1 1636.5 1715.8 2932.7
 40.1 40.1 72.59999999999999 120.9 139.1 1080.4 1135.4 1613.5 1693.1 1867.1
 65.7 72.8 77.5 151 209.1 945.3 1305.2 1460.2 1539.5 1713.2
 40.1 40.1 40.1 40.1 77 847.9 902.9 1510 1589.1 1929.3
 68.59999999999999 75.59999999999999 80.40000000000001 275.9 299.4 792.2 847 1850.7 1930.9 2101.3
 40.4 44.8 47.7 59.3 141.4 670.5 1452.6 1607.2 2338.2 2769.3
 48.5 53.9 69.7 86.09999999999999 155.3 767.2 822.2 1812.5 1892.6 2121
 56.1 62.4 66.40000000000001 98.5 113.5 885.5 1141.7 1416 2034.2 2203.6
 64.3 71.5 76 147.8 201.5 765.2 980.4 1661.9 1742.3 1911.7
 40.1 44 59.2 73.40000000000001 105.9 799.4 918.9 1515.3 1595.9 2767.1
 40.1 40.1 40.1 136 154.3 579.9 634.9 1919.1 1999.5 2235.6
 40.1 45.4 48.2 60.2 202.9 731.9 787 937.8 1018 2915.4
 40.1 74.3 78.7 142 161 920.1 1475.3 1836.9 1917.2 2637.6
 49.6 55.7 59.2 149.1 297.8 873.1 928.3 1802.7 1882.6 2579.8
 57.6 64.5 68.8 215.4 302.3 791.6 1400.3 1915.8 1995.7 2164.2
 49 66.2 70.5 119.6 137 711.6 767 1674.9 1755.1 1923.7
 40.1 86.09999999999999 91.3 142.7 161.6 777.2 883.7 1757 1836.3 2004.1
 48.7 55 58.5 73.2 204.9 913.9 969.5 1822.7 2101.4 2269.4
 81 90.3 95.90000000000001 131.7 149.5 1079.1 1134.7 1286.9 1364.5 2147.9
 40.1 77 81.90000000000001 167.6 325.5 781.6 1191.6 1644.8 1991 2158.5
 85.2 95.09999999999999 100.9 140.3 158.6 1073.4 1182.9 1982 2059.7 2494
 67.3 75.59999999999999 80.59999999999999 201.4 222.9 895 1119.9 1272.6 1993.9 2159.8
 40.1 40.1 84.90000000000001 197 257.1 933.7 1061.3 1905.7 1983.7 2149.7
 56.9 64.40000000000001 68.8 163 183.3 503 558.8 1609.8 1688.1 1852.3
 57 64.59999999999999 69 133.5 425.5 1019.9 1076.1 1720.1 1787.5 1946.8
 40.1 54.9 58.9 74.2 143.9 857.8 1377.8 1837.9 1916.4 2080.8
 63.5 71.90000000000001 76.90000000000001 174.5 474.3 869.5 926 1498.8 2346.1 2510.5
 55.1 62.6 67 160.2 180.9 856.8 913.3 1596.4 1978.1 2749.3
 56.4 64.2 68.8 135 196.1 1114 1240.4 1570.6 1716.8 3770.3
 40.1 46.8 50.1 145.9 165.8 1046.9 1103.7 1766.7 1843.5 2008
 56.1 63.9 68.7 139.3 201.3 872.7 1332 1488.5 2440.7 3024.9
 58.1 66.2 71 152.5 231.5 600.1 1453.2 1847.7 1922.9 2085.4
 40.1 40.1 40.1 82.8 327.7 1135.2 1192.3 1349.3 1424.7 2527.5
 49.4 56.5 74 94.09999999999999 199.2 803.2 1175.5 1332.7 1741.2 1903.9
 49.1 56.3 60.8 144.5 423.1 617.3 793.5 2045.8 2119.5 2676.5
 63.9 73.3 104.7 130.8 288.6 837.8 1261 1786.2 2087.9 2540
 57.2 65.8 71 202.3 425.4 818.5 1364.4 1712.6 2179.1 2338
 40.1 103.8 111.3 409.4 548.1 962.3 1222.6 1380.7 1682.6 1845.4
 40.1 40.1 64.2 104.2 121.5 1312 1675.6 2062.2 1931.9 2093
 81.5 93.2 113.4 142.4 245.3 1151.3 1209.2 1367.3 1438 1600.8
# name: prtB
# type: matrix
# rows: 100
# columns: 10
 282 336.9 752.7 1606.9 2496.5 3159.4 3920.4 4067.2 4134.5 4049.5
 644.3 713.4 1345.8 1923.2 2579.4 3732.3 3795 4670.9 4739.3 4867.7
 536.2 1188.4 1354.5 2908.5 3005.2 3752.5 3816.8 4651.7 4368.3 4720.1
 563 1349.5 1959.6 2328.5 3370.4 4004.4 4302.2 4024.9 4323.4 4480.9
 774.1 1432 1587.5 3114.1 3443 3725.3 3790.6 3948.1 4016.9 4682.3
 289.4 755.5 793.6 2680 3394.3 3663.3 3819.6 4247.1 4315.2 4305.7
 348.2 1070.1 1084.7 2802.9 3345.2 3467.3 4072.8 4054.4 4273.6 4431.2
 411.6 1043.2 1057.5 2772.7 3316.2 3932.8 4414.6 4894.4 4962.4 5122.6
 342.5 1242.9 1540.2 2875 3029.8 3839.2 3902.1 4228.6 4296.7 4457
 667.3 883.2 899 3282.4 3410 3660.8 4439.3 3683 4461.4 4798.9
 1010.4 1028.5 1127.5 2877 3567 3971.6 4032.7 4188.9 4255.6 4619.7
 479.3 498.1 508.5 2980.4 3140.6 3434.8 3494.4 3956.5 4023.6 4232.4
 315.5 355.8 1761 2573.2 2631.7 3651.2 3711.1 3864.5 3931.6 4703.3
 232.4 351.9 389.7 2790.5 3388.9 3890.6 4065.3 4389.1 4535.5 4542.7
 40.1 40.1 40.1 2174.5 2653.9 3645.6 3704.3 4984.8 5066.7 5092
 42 1568.9 1580.7 2519.9 2551.3 2748.8 2980.4 3790.2 3872.2 4071.3
 243.1 260.5 284.9 1958.8 3163.8 4024.8 4167.9 4320 4401.7 4933.2
 306.8 594.8 804.4 1818 2932.2 3950.8 4010.7 4163.4 4244.9 4445
 367 436.6 487.2 2580.9 3177.6 4148.9 4352 4506.1 4585.4 4583.4
 719.3 793 834.3 2129.2 2773.6 3806.9 3866.8 4223.9 4302.2 4472.4
 277.4 319.5 333.9 2128 3289.9 3570.5 4131.2 4285.6 4207.5 4365
 580 612.9 641.6 2287.9 2834.5 3239 3791.1 5306.4 5384.8 6087
 42.8 1183.7 1942.9 2484.2 2558.7 3882.6 3942.9 4537.2 4618.6 4791
 287.7 719.3 735.3 3096.6 3225.2 3644.5 3704.8 4541 4619.9 4806
 42.2 47.5 1016.6 2597.1 2796.2 3099.2 3782.3 3943.7 5054.9 5237.3
 326.7 1195.1 1361.2 2338.3 3096.9 3208.4 3268.2 3695.5 4914.2 4714.4
 42.5 1215.7 1268.6 1891.7 2801.1 4070.9 4129.5 4431.6 4741 4918.9
 334.3 350.5 936.8 2550.9 3348.4 3529.8 3754.6 4308.1 4388.1 5719.6
 649.4 666.7 1441.6 2413.5 3007.5 3319.5 3378.2 3401.6 3467.6 4349.1
 707.5 724.9 1727.2 2112.4 2143.7 3580.3 3718 4790.4 4571.1 5269
 399.4 646.2 1038.2 2455.4 2486.6 3013 3878.9 4660.2 4597.5 5243.8
 609.1 1420.8 1822.1 2558.9 2631.8 3069.1 3593.9 4473.4 4536.6 4718.8
 787.2 1163.4 1174.3 2015.7 2084.9 3456.9 3858.2 3899 4235 4392.6
 352.4 1181 1306.8 2309.7 2360.9 3484.5 3868.1 4405.1 4474.7 4231.8
 40.1 882.7 894 2303.1 2770.4 3720.9 3777.1 4294.7 4372.4 4405.3
 673.1 709.4 720.8 2197.8 2401.4 3368.1 3424.2 4039.7 4116.9 4406.3
 289.5 304.6 373.1 2426.8 3151.9 3861.5 4073.6 4814.8 4891.1 4932.3
 249.9 511.1 570.1 2268.3 2854.9 3185.7 3241.7 4812.3 4888.5 5457.8
 40.1 40.1 375.3 1873.4 3067.8 3737.8 3793.8 4489.9 4566.1 4751.6
 111.4 121.2 387.8 2965.4 3117.2 3654.4 3710.4 4157.7 4225.9 4590.6
 131.5 173.7 206 2471.1 2811.6 3683.4 3940 4074.3 4315 4472.4
 282.1 297.7 308.6 2365.5 2432.5 3353.5 3409.5 4852.5 4927.9 5105.8
 40.1 328.9 339.4 1979.8 2815.5 3716.3 3771.8 4112.4 4174.4 4348.2
 59.8 1320.9 1331.9 2588.6 2700 3305.2 3360.6 4226.4 4291.8 4449.2
 100.8 386.8 1286.2 2478.2 2692.6 3495.4 3550.8 4594.5 4668.5 4838.9
 662.6 720.9 743.8 2375.2 2771.1 3312.8 3367.9 4308.3 4370.1 4863.2
 509.3 840.7 1344.6 2380.8 2589.7 3476.3 3531.2 3690.5 3661.3 4264.1
 235.1 389.4 1211.2 1431.6 1475.8 3020.1 4108 4394.9 4665.3 4720.1
 308.2 320.9 392 1737.9 2271.8 3631.4 3686.2 4886.7 4962.4 5138.8
 335.6 917.9 1126.1 1223 2509.5 3718.1 3772.8 3725.4 3790.8 6025.9
 287.5 782.3 792.4 834.7 2693.5 3493.1 3917.1 4602.5 4677.3 5212.6
 325.9 369 595.1 1823.2 2329.8 3852.8 3907.3 4419.6 4494.2 4665.1
 234.4 363.6 372.9 1346.7 2858.9 3663.4 3717.6 4404.2 4700.7 5241.8
 294.5 307.8 1371 1836.5 1861.7 3362.5 3416.6 4128.1 4324.3 4489.2
 40.1 40.1 40.1 2129.2 2774.1 3358.5 3412.8 4145.5 4222.1 5017.9
 288 491.9 691.3 1787.2 3002 3607.2 3781.9 4017.2 4093.5 5405.8
 299.3 709.8 719.1 1166.4 2489 3560.8 3959.4 4116.9 4676.5 4838.2
 40.1 40.1 40.1 1919.9 1961.5 3142.2 3794.6 4133.9 4112.2 4269.8
 302.8 317 349.7 1982.8 2059 3451.3 3505.4 3962.7 4040.5 5336.6
 288.3 445.5 730.3 2247.9 2838.7 3364.8 3820.7 4180.2 4467.3 4638.7
 600.3 677.2 686.7 1853.5 1897.1 3442.6 3930.8 4087 4164.1 4751
 180.8 627.4 637 1000.4 1823.2 3213.9 3906.7 4368 5276.5 5337.3
 273 287.5 949.3 2511.2 2885 3401.1 3455.3 4044 4121 5114.4
 226.3 713.2 925.7 2481.3 2573.6 3000.1 3564.4 4383.7 4181.3 4497.1
 344.6 962.1 1160.5 2312.4 2463.4 3575.1 3630.2 3871.5 4225.1 4269.8
 651.3 850.4 860.1 2119.2 2145.5 2930.4 3824.2 4120.4 4092.5 4250.2
 57.2 63.5 67.7 82.90000000000001 3103.8 3637.3 3966.8 4334.4 4413.4 5188.1
 77.7 571.1 592.8 1849.3 2800.6 3634 4068.1 4386.4 4694.1 4742.8
 136.4 1278 1432.6 1794.5 2282.7 3517 4083.1 4238 4316.8 5195.9
 301.4 458.2 674.2 1201 2961.1 3475 4067.6 4472.6 4149.1 4306.7
 578.8 787 1047.6 1844.2 2372.1 3732.1 3786.9 3941.4 3916.1 4848.2
 257.3 710.8 1451.6 1919.2 2295.9 3315.4 3689.3 4367.3 5682.4 5852.8
 306.8 495.3 1137.1 2105.5 2131.2 3566.5 3949.9 4101.1 4181 4351.5
 134.1 792.7 1307.5 2491 2638.5 3252 3307.1 4109.5 4189.1 5010.5
 316.2 331.6 486.9 2268.1 2869.7 3158.6 3581.5 4062.8 4684 4845.7
 118.3 349.6 695.6 2304.7 2330.2 3570.7 4255.9 4773.9 4750.2 5243.5
 245.5 358.3 367.4 441 2881.6 3747.1 4117.7 4268.5 5096.5 6055.8
 364.3 400.4 560.1 693.6 2485.1 3970.7 4076 4226.8 4307.5 4477.1
 428.3 454.5 463.9 2373.2 2512.9 3340.2 3456.3 3607 4555.4 4724.8
 294.8 310.5 1160.4 2420.1 2649.7 3327.5 3432.7 4081.4 4161.8 4250.2
 239.5 254.7 263.1 2277.8 2374.6 3877 4250.8 4401.8 4482.2 5398.8
 167.6 242.5 435.9 1064.9 1911.5 3601.6 3729 4594.7 5216.4 5385.3
 40.1 46.1 49.1 2355.3 2837.5 2968.8 3397.7 3700.3 3780.7 4605.6
 236.2 409.7 419.2 2123.4 2936.6 3872.9 4055.7 4355.4 4435.6 4485.4
 311.6 328.1 957.8 1436 2698.1 3575.5 3630.7 4427.2 4507.1 4675.6
 115.4 365.3 374.9 1849.9 1930 3767.3 3822.7 3972.4 4315.5 5430.9
 282 328.5 338 2383.8 2463.2 3072.9 3688.9 5087 5166.7 5614.6
 89.8 420 1254.1 1335.8 3025.7 3320.9 3376.2 4583.8 4663.3 4831.5
 356.6 536.9 1290.2 2708.5 2769.6 3452.8 3572.1 4303.9 4383.3 4551
 291.7 309.2 767.9 1576.2 2941.9 3243.2 3832.3 4084.2 4162 4329.8
 213.7 855 1073.8 1232.8 2737.1 3487.8 3543.4 4201.1 4272.6 4032.1
 272.6 289.6 363.5 2460.3 2484.8 3650.4 4101.2 4159.5 4224.9 5116.2
 272 1096 1210.8 2016.8 2752.1 3489.2 3544.8 4859 4930.3 5094.7
 405.9 810.3 820.1 2445 2775.5 3027.6 3083.1 4195.5 4260.9 4418.3
 301.7 318.5 327.9 691.6 3062.4 3488.8 4262.8 4415.1 4492.6 4660.1
 40.1 40.1 48.8 2805.4 2928.5 3704.1 3760.3 4323.6 4402 4566.2
 662.6 907 1087.1 2794.2 3023.5 3308.5 3364.7 3796.3 3865.7 4026.9
 800.9 907.7 1547.4 2297.2 2444.1 3164.9 3466.7 3922.5 3991.9 5185
 411.5 904 996.8 2477.9 2503.9 3080.6 3552.3 4331.9 5190.2 5634.1
 329.7 552.8 603.9 2687.9 2885.8 3793.4 4529.3 4687.6 4622.5 4779.7
# name: collectedA
# type: matrix
# rows: 100
# columns: 10
 9 21 22 22 44 44 48 48 48 48
 12 29 29 37 40 40 40 46 46 46
 15 23 36 39 39 46 46 46 46 48
 13 27 32 36 39 48 48 48 48 48
 20 24 24 46 47 48 48 48 49 47
 3 3 3 19 19 34 34 47 47 47
 4 4 4 24 36 44 48 48 42 48
 2 2 12 12 21 35 35 41 49 49
 3 7 7 24 26 42 42 47 48 46
 3 3 3 6 20 39 39 42 42 48
 3 6 6 19 21 39 40 46 46 46
 6 11 11 14 14 26 34 41 41 46
 3 4 4 6 10 42 43 48 49 49
 6 6 13 14 14 35 42 46 48 48
 4 4 4 9 30 31 31 46 49 49
 6 6 10 13 20 45 45 49 49 49
 2 2 2 3 5 38 38 47 47 47
 5 5 5 9 13 34 34 43 48 48
 3 3 7 11 21 42 42 45 45 49
 3 5 5 9 9 46 46 47 47 47
 6 12 14 17 22 39 40 42 44 47
 3 3 3 3 13 25 42 45 48 48
 8 10 10 15 15 42 42 46 46 46
 5 5 5 6 15 37 37 37 45 49
 3 4 4 8 8 43 43 48 48 48
 6 6 10 17 19 39 39 48 48 49
 8 8 8 9 13 40 45 47 47 47
 7 7 7 7 7 38 38 46 46 46
 2 2 2 2 2 41 46 48 48 48
 9 13 13 16 30 48 48 49 49 49
 5 5 5 7 21 25 43 45 47 47
 7 7 7 15 15 41 44 46 46 48
 6 6 11 12 17 39 42 43 43 44
 5 5 5 5 31 36 38 45 48 49
 5 5 8 8 32 42 43 48 48 46
 8 8 8 16 16 35 45 47 47 49
 6 6 7 9 25 35 35 47 47 47
 4 5 5 5 7 43 45 47 47 48
 5 5 5 11 12 31 34 42 45 45
 2 2 2 5 5 27 39 39 39 48
 3 3 3 3 3 33 39 47 47 47
 5 5 5 14 14 27 27 45 45 47
 7 7 7 13 24 29 29 44 44 44
 3 3 3 3 3 34 34 43 43 43
 8 8 8 13 22 35 35 39 39 39
 7 7 7 7 8 33 41 41 41 47
 4 4 4 8 26 27 27 49 49 49
 4 4 4 4 10 15 46 46 46 47
 3 3 4 4 9 19 27 48 48 49
 6 7 7 12 13 13 23 48 48 48
 4 4 4 6 14 33 36 36 36 47
 5 5 5 8 8 38 38 48 48 48
 8 13 13 13 14 29 29 48 48 48
 3 3 3 3 3 27 40 44 44 44
 3 3 3 3 6 23 40 44 48 48
 3 5 5 5 8 37 40 42 42 48
 8 8 8 12 16 32 36 45 49 49
 3 3 3 4 7 31 31 47 48 42
 7 7 7 9 12 36 37 37 47 47
 5 5 5 10 27 37 37 45 45 48
 4 4 4 4 21 35 39 43 43 47
 3 3 5 7 7 40 40 46 46 46
 6 6 6 10 12 39 45 45 45 45
 2 2 2 2 3 33 33 39 39 48
 6 6 6 18 18 35 35 46 46 46
 3 3 3 3 7 30 45 45 49 49
 4 4 5 5 8 30 30 49 49 49
 5 5 5 6 6 38 42 44 49 49
 6 6 6 10 12 32 36 46 46 46
 3 3 4 4 5 35 36 42 42 49
 3 3 3 8 8 23 23 47 47 47
 3 3 3 3 11 31 31 31 31 47
 4 6 6 9 9 33 43 46 46 49
 4 4 4 9 17 32 32 44 44 48
 5 5 5 14 18 33 45 49 49 49
 4 5 5 7 7 27 27 48 48 48
 4 7 7 9 9 32 33 41 41 41
 4 4 4 4 11 34 34 41 42 42
 8 8 8 9 9 41 41 41 41 48
 3 6 6 11 19 31 40 43 45 45
 8 8 8 9 9 39 40 48 48 49
 6 6 6 13 13 35 39 39 46 46
 3 3 6 12 14 38 39 49 49 49
 5 5 5 10 10 21 21 47 47 47
 5 5 5 8 25 41 41 47 47 47
 4 4 4 4 7 33 43 49 49 49
 6 6 6 11 26 38 38 43 48 48
 5 5 5 10 10 32 32 39 40 43
 5 5 5 8 10 40 41 43 43 49
 3 3 3 8 8 37 37 45 45 45
 5 5 5 8 10 30 38 38 48 49
 6 6 6 10 13 23 45 47 47 47
 2 2 2 4 16 45 45 45 45 49
 4 4 5 5 10 31 38 38 41 41
 4 4 4 8 23 26 28 48 48 49
 6 6 8 8 15 34 42 47 48 49
 5 5 5 12 22 31 43 45 47 47
 3 8 8 26 31 42 45 45 46 46
 3 3 4 5 5 41 47 49 48 48
 8 8 9 9 13 43 43 43 43 43
# name: collectedB
# type: matrix
# rows: 100
# columns: 10
 38 41 82 178 245 274 298 298 298 295
 86 89 162 206 251 291 291 298 298 299
 66 131 144 267 269 297 297 295 294 295
 63 150 208 230 277 295 298 295 298 298
 90 155 166 276 289 292 292 292 292 294
 35 85 87 257 289 294 295 298 298 298
 43 129 129 262 286 286 297 297 298 298
 46 110 110 251 272 287 293 295 295 295
 37 133 159 265 270 297 297 298 298 298
 69 88 88 279 282 284 298 284 298 299
 106 106 113 258 293 298 298 298 298 294
 58 58 58 277 284 291 291 295 295 295
 42 44 198 260 261 298 298 298 298 299
 24 35 37 247 280 292 294 295 298 298
 2 2 2 207 237 272 272 296 296 296
 3 201 201 278 278 280 284 297 297 297
 27 27 28 184 268 297 298 298 298 299
 36 66 84 190 260 298 298 298 298 298
 42 46 49 234 266 292 294 294 294 294
 90 95 97 217 257 296 296 298 298 291
 34 36 36 191 273 277 294 294 294 294
 67 68 69 223 251 260 269 294 294 297
 3 130 200 239 241 293 293 294 294 294
 34 79 79 275 279 286 286 295 295 295
 3 3 103 242 249 256 281 281 292 292
 39 135 149 230 279 279 279 281 297 299
 3 142 145 190 253 291 291 292 293 293
 37 37 104 233 287 290 292 295 295 299
 81 81 161 246 279 286 286 286 286 298
 88 88 187 212 212 290 291 299 295 298
 46 69 108 233 233 250 284 296 296 298
 74 162 199 254 256 270 284 294 294 294
 97 135 135 204 206 284 291 291 293 293
 45 137 149 241 242 281 290 298 298 295
 3 100 100 213 239 282 282 290 290 290
 88 90 90 236 247 290 290 295 295 298
 36 36 41 222 267 290 293 298 298 298
 28 58 62 229 265 275 275 296 296 297
 3 3 38 173 258 281 281 295 295 295
 11 11 40 266 273 288 288 299 299 294
 14 17 19 227 249 284 288 289 291 291
 32 32 32 228 230 275 275 298 298 298
 3 35 35 195 255 291 291 288 288 288
 5 149 149 257 262 281 281 295 295 295
 10 42 138 241 254 288 288 298 298 298
 84 88 89 236 265 283 283 299 298 299
 64 99 151 246 258 296 296 296 296 298
 26 43 138 153 154 253 292 294 295 295
 37 37 43 175 217 288 288 299 299 299
 42 109 127 132 244 295 295 295 295 297
 35 85 85 86 248 279 289 294 294 295
 41 44 64 175 211 289 289 295 295 295
 25 37 37 133 250 285 285 296 297 298
 40 40 156 194 194 283 283 297 295 295
 2 2 2 226 269 290 290 299 299 296
 34 54 75 173 271 290 292 293 293 299
 38 81 81 118 232 285 294 294 299 299
 2 2 2 204 205 276 295 297 297 297
 35 35 37 204 207 278 278 284 284 298
 36 52 83 221 264 281 292 294 295 295
 81 88 88 201 202 287 298 298 298 293
 21 71 71 106 178 267 284 292 299 299
 35 35 106 248 270 285 285 290 290 299
 25 76 97 251 255 270 284 296 298 295
 43 111 130 232 239 283 283 284 297 297
 78 96 96 215 215 261 293 294 294 294
 5 5 5 5 269 287 292 294 294 298
 7 59 60 175 246 283 294 296 297 297
 14 147 161 189 224 285 295 295 295 298
 40 56 76 129 265 281 297 299 298 298
 68 89 116 188 228 293 293 293 293 299
 33 78 166 204 227 271 280 290 299 299
 37 55 117 209 209 285 295 295 295 295
 14 92 150 249 256 282 282 292 292 296
 38 38 52 224 267 275 288 296 298 298
 12 37 69 218 218 277 292 296 296 299
 30 40 40 43 248 281 289 289 296 299
 44 46 60 69 228 294 295 295 295 295
 55 56 56 239 245 282 283 283 295 295
 36 36 136 245 258 288 289 298 298 294
 27 27 27 211 215 284 296 296 296 299
 19 25 44 106 182 283 284 295 298 298
 3 3 3 247 279 280 293 295 295 295
 32 49 49 198 255 296 298 299 299 299
 35 35 102 142 248 285 285 298 298 298
 12 41 41 187 190 289 289 289 291 296
 35 38 38 220 223 246 274 297 297 298
 9 47 137 140 275 281 281 299 299 299
 46 62 140 265 267 289 290 298 298 298
 34 34 83 148 255 265 287 288 288 288
 26 101 124 133 256 284 284 298 298 297
 34 34 40 224 224 283 293 293 293 298
 36 136 146 216 262 289 289 298 298 298
 46 88 88 240 261 265 265 294 294 294
 37 37 37 66 261 277 298 298 298 298
 3 3 3 261 266 293 293 299 299 299
 84 110 126 264 276 284 284 297 297 297
 111 120 189 241 247 283 288 281 281 292
 51 103 110 255 255 279 287 297 297 298
 36 56 59 234 244 280 298 298 298 298
# name: avgRateA
# type: matrix
# rows: 100
# columns: 10
 0.04766949152542373 0.04592171441067133 0.04035216434336023 0.02181241324608368 0.02002457561552815 0.006980581292042137 0.004109764972815617 0.0009261420972101899 0.0004710722389278396 9.560716926293245e-05
 0.04731861198738171 0.04316760940756178 0.03899421809869571 0.02543654612952015 0.01853568118628359 0.006355460929803934 0.003521498749867944 0.0008826768903676925 0.0004501740509890618 9.159088184895708e-05
 0.06208609271523179 0.04558065794688862 0.04350978970268311 0.02704764546778556 0.01955181230260189 0.006825735992402659 0.003896885033420025 0.000885272529223616 0.0004508473479884857 9.545890076689294e-05
 0.04258106780216181 0.03949678174370977 0.03477127023796588 0.02251125562781391 0.0163029847002759 0.006508651082063242 0.003858396836114595 0.0009125839624775894 0.0004675323157362611 9.549414839711083e-05
 0.06084575600851841 0.0444609114486847 0.03790870320644448 0.02412165705296277 0.01824180089268387 0.006949874033533142 0.004008685485217972 0.0009207202334025791 0.0004772177232818944 9.361636015608038e-05
 0.05119453924914676 0.02921129503407984 0.01907183725365543 0.02070619006102877 0.01304228445908841 0.005567108214759386 0.003043758504619351 0.0009011306313474588 0.0004589382122696643 9.352424218003019e-05
 0.053475935828877 0.03284072249589491 0.02235885969815539 0.02284408909194746 0.01845491362075152 0.006798726783893198 0.004051521852895994 0.0009026390910424353 0.0004129976252636547 9.539873990189432e-05
 0.03992015968063872 0.02219755826859046 0.04374772147283995 0.01686340640809443 0.01411859620814845 0.00575478057843766 0.00314098537198241 0.0007923884326750067 0.0004764168783804937 9.741204040651435e-05
 0.05988023952095808 0.04933051444679352 0.03528225806451613 0.02714011082211919 0.01780699952058078 0.006869592240632003 0.003759062024523405 0.0009036080878691576 0.0004689400489456176 9.157640418480278e-05
 0.05758157389635316 0.03073770491803279 0.0198019801980198 0.009705596894208994 0.01396063102052213 0.006351377760406489 0.003482111766859225 0.000814412779299954 0.0004131637918992352 9.539447403660525e-05
 0.05988023952095808 0.04464285714285714 0.03138075313807531 0.02272999162579256 0.01487778958554729 0.006476253736300232 0.003581148832545481 0.0008868375949735588 0.0004511860799285949 9.160363108828101e-05
 0.07712082262210797 0.05971769815418024 0.0451559934318555 0.01933167633250483 0.01115893511876295 0.004598758335249482 0.003004728027926296 0.0007869829186317247 0.0004012464083553203 9.144302056175834e-05
 0.05813953488372093 0.03646308113035551 0.02422774076317383 0.009626183218353923 0.008005764150188137 0.006792599301332644 0.003799962884083458 0.0009223337349328137 0.0004784478760331789 9.748869131180782e-05
 0.07425742574257425 0.04580152671755725 0.04664513814137065 0.01919122686771762 0.0111014193957656 0.005778533573280061 0.003672869735553379 0.0008845405388774796 0.0004678152831354539 9.546302050963332e-05
 0.06329113924050632 0.03593890386343217 0.02395209580838323 0.01324503311258278 0.01808209270086191 0.005332140768516289 0.002850784425520958 0.0008776214170151714 0.0004763483331210829 9.73535722800604e-05
 0.07389162561576354 0.04555808656036447 0.04078303425774878 0.0177862908742646 0.01404691670178396 0.007030481041136126 0.003926324698327386 0.0009401850437665731 0.0004794529930586948 9.753838981635513e-05
 0.03992015968063872 0.02219755826859046 0.01427551748750892 0.005255781359495446 0.004407227853680035 0.006166929031629855 0.003386235842415277 0.0008990036361827923 0.0004591610443862189 9.352102272998611e-05
 0.07022471910112359 0.04184100418410042 0.02842524161455372 0.01343283582089552 0.01004714429244918 0.005617049396993226 0.003059424828132311 0.0008274577419255519 0.0004679963613282907 9.54795600142742e-05
 0.05988023952095808 0.03054989816700611 0.03403014098201264 0.0157819225251076 0.01450777202072539 0.006795896572926442 0.003736455349358575 0.0008691957042416751 0.0004417177914110429 9.757142726289048e-05
 0.05988023952095808 0.04016064257028112 0.02754820936639119 0.01345895020188425 0.007515657620041753 0.007235093348432659 0.004028550159828349 0.0009093600233724874 0.0004618470146503769 9.354864649041305e-05
 0.07633587786259542 0.06263048016701461 0.04989308624376336 0.0219015717598557 0.01545812254075323 0.006276251629411481 0.003517844265034387 0.0008117494941061188 0.0004307715804323967 9.349618644969717e-05
 0.05928853754940711 0.03105590062111802 0.01982815598149372 0.005294740557712672 0.01011279657720731 0.004409948844593403 0.003633941009024286 0.0008643125354128052 0.0004704632396686762 9.558184852905509e-05
 0.08040201005025126 0.05640157924421883 0.04198152812762385 0.01958991772234556 0.01154823312033259 0.006818624586012078 0.003743182061245588 0.000889980942799377 0.0004520173731894739 9.164107855174424e-05
 0.07173601147776183 0.04198152812762385 0.02834467120181406 0.009715025906735751 0.01140077525271718 0.006112368460178745 0.003329134425049487 0.0007210704583279741 0.0004406015287893934 9.74191674398899e-05
 0.05988023952095808 0.03536693191865606 0.02354326074161271 0.01196172248803828 0.006676124509722107 0.006856304611263473 0.00379446361285882 0.0009249036077021347 0.0004706736025651711 9.559075685176622e-05
 0.07125890736342043 0.04424778761061947 0.03985651654045436 0.02115743621655258 0.01373527072941517 0.006318756987087053 0.003471974930560502 0.0009165517794470901 0.0004685184859825125 9.741711443747482e-05
 0.08501594048884166 0.05486968449931413 0.03898635477582846 0.01386321626617375 0.01013013325021429 0.006322911068255825 0.00385485197368421 0.0009015921734126223 0.0004598429880793043 9.355201681229266e-05
 0.07650273224043716 0.04964539007092199 0.03517587939698492 0.01121255806503284 0.00609172395788008 0.006252879615612454 0.003411988650648278 0.0008869675543412242 0.0004512418469917374 9.161039929388296e-05
 0.03992015968063872 0.02219755826859046 0.01427551748750892 0.003651634106262552 0.001886792452830189 0.006555489823001775 0.003958487513553517 0.0009213087190353897 0.0004697666042921009 9.554834298272068e-05
 0.0807899461400359 0.0617283950617284 0.04779411764705882 0.02101116217990807 0.018910741301059 0.007457121551081283 0.004175002174480299 0.000939604522374093 0.0004792916656070082 9.752988644137529e-05
 0.06963788300835655 0.04177109440267335 0.028328611898017 0.01102535832414554 0.0140402487129772 0.004336588665891863 0.003758478428081953 0.0008649139026260708 0.0004581816622050822 9.348804079102022e-05
 0.07600434310532031 0.0498220640569395 0.03522898842476095 0.01984914648670107 0.01168042361002959 0.006564726603154271 0.003836462084419604 0.0008855980578449549 0.0004509025893571305 9.549160270718693e-05
 0.07604562737642585 0.04750593824228028 0.0441944556046605 0.0172488141440276 0.01284084900672256 0.006455350492427377 0.003713133884998939 0.0008322736360873849 0.0004226418061548442 8.759304272350659e-05
 0.06839945280437756 0.04166666666666666 0.02828054298642534 0.008387854386847844 0.01984381001152221 0.006196640044064995 0.003450248327083541 0.0008721606326071789 0.0004698921499621639 9.74717227570016e-05
 0.07396449704142012 0.04378283712784588 0.03846153846153846 0.01265622528081 0.02024547640136657 0.00688265080379529 0.00382974554458091 0.0009233894548924251 0.0004703595114532541 9.163673366042335e-05
 0.08230452674897119 0.05471956224350206 0.03958436417615042 0.02173322466720999 0.01267527529113523 0.006016433458245952 0.003990706088930668 0.000910122498615452 0.0004620635956805902 9.747102474868886e-05
 0.0783289817232376 0.0486223662884927 0.03653444676409186 0.01405371642723298 0.01751068151572459 0.005986692437952209 0.003210390658680437 0.0009074585368679165 0.0004613777721932525 9.361576346045292e-05
 0.07952286282306163 0.04721435316336166 0.03125 0.008707767328456984 0.006184291898577612 0.007011021978738668 0.003974878766197631 0.0009084934472493911 0.0004616437858326433 9.556019376421955e-05
 0.07342143906020558 0.04355400696864112 0.02944640753828033 0.01621462264150943 0.009803921568627451 0.005422898626782122 0.00309902289631034 0.0008151904925497413 0.0004407745878757603 8.959296125841079e-05
 0.03992015968063872 0.02219755826859046 0.01427551748750892 0.008392077878482713 0.004491152429713464 0.004563585964437834 0.003414493210411578 0.0007560894279311067 0.0003836430349115162 9.538628464459667e-05
 0.05988023952095808 0.03208556149732621 0.02042205582028591 0.005380200860832137 0.002805573739829796 0.005658242172764994 0.003499421249562572 0.0009082336208762328 0.0004615816734398048 9.362538610511621e-05
 0.07278020378457059 0.04340277777777778 0.02935995302407516 0.0194040194040194 0.01122874558870709 0.004677754677754678 0.002493581336929016 0.0008618015098762453 0.0004399209706416296 9.345723774606595e-05
 0.08120649651972157 0.05212211466865227 0.03682272488164124 0.01872659176029962 0.01675860624258083 0.005074099347365842 0.002692414817565685 0.0008466162288634562 0.0004311768285572333 8.761142580427289e-05
 0.05988023952095808 0.03215434083601286 0.02051983584131327 0.005392773683264426 0.002811884900178086 0.005895919676764875 0.003141835386307142 0.0008332574358537111 0.0004228941102652136 8.5681846168806e-05
 0.08501594048884166 0.05673758865248227 0.04067107269954245 0.01918819188191882 0.01622418879056047 0.006016123210203345 0.003219219661154136 0.0007550705894197185 0.0003834114575140781 7.77081592371689e-05
 0.09510869565217392 0.0586756077116513 0.04029936672423719 0.01189060642092747 0.007132667617689016 0.005737234652897304 0.00369332768824711 0.0007998813834436259 0.0004046101876897844 9.3570604495968e-05
 0.06791171477079797 0.03864734299516908 0.02549394518801784 0.01274697259400892 0.01816784291803508 0.00486898815212883 0.002547362065061514 0.0009419454056132256 0.0004799818194641444 9.756169433204386e-05
 0.06779661016949153 0.03861003861003861 0.02544529262086514 0.007023705004389816 0.008469551960701278 0.002784067708526671 0.004046197014610289 0.000892728917042195 0.0004527474387782118 9.36042971940419e-05
 0.05988023952095808 0.03329633740288569 0.0250469630557295 0.006984459577440195 0.007672634271099744 0.003469685902118335 0.002494710290217964 0.0009223886792162771 0.0004696902979597828 9.745243426236661e-05
 0.07556675062972291 0.05094614264919942 0.03636363636363636 0.01771217712177122 0.01068200493015612 0.002451211464127463 0.002139714022569331 0.0009265801086415177 0.0004711429830614282 9.559523067427898e-05
 0.06711409395973154 0.03820439350525311 0.02530044275774826 0.009976720984369804 0.01126397940300909 0.005657660128926073 0.003259688518652662 0.0007031071476700787 0.0003554523427271489 9.350059462399433e-05
 0.07331378299120234 0.04378283712784588 0.02972651605231867 0.01273885350318471 0.00698202129516495 0.006405070118662351 0.003458664409433052 0.0009290298605681017 0.0004717713638713559 9.563360851904185e-05
 0.08781558726673985 0.06659836065573771 0.05154639175257732 0.01926782273603083 0.01153877853787192 0.0050764975667822 0.002693490113033705 0.0009290532366859897 0.0004717769281424766 9.563385621808345e-05
 0.05988023952095808 0.03147953830010494 0.02025658338960162 0.005375380756136893 0.00280793710220891 0.00473210999526789 0.003570312848663364 0.0008506689351171603 0.0004322140952874912 8.765418670262082e-05
 0.05988023952095808 0.03215434083601286 0.02051983584131327 0.005397625044980209 0.005350931953981985 0.004102234826190094 0.003561856083204958 0.000850198830590154 0.0004687646488952779 9.550914032421771e-05
 0.05988023952095808 0.0427715996578272 0.02922267679719462 0.0085426277122843 0.006942034015966677 0.006384704319166191 0.003642821365147307 0.0008184837004817361 0.0004138452928053981 9.543263390490855e-05
 0.0851063829787234 0.05614035087719298 0.0404244567963618 0.01794258373205742 0.01276324186343331 0.00553011319450445 0.003268300211531653 0.0008709317808813055 0.000479101401322711 9.752252969461516e-05
 0.05988023952095808 0.03194888178913738 0.02044989775051125 0.006994229760447631 0.006137120813606874 0.005435735577766088 0.002881737222748992 0.0009067844843386743 0.0004700278883213737 8.360764603866973e-05
 0.08641975308641975 0.05447470817120623 0.03818876159301691 0.01433805958260315 0.009985853374386285 0.006152899553914783 0.003377237419790611 0.0007239032865209207 0.0004608398855940471 9.358331094966553e-05
 0.07485029940119761 0.04424778761061947 0.02992220227408737 0.01547269070091289 0.01851978873722477 0.00643590189598191 0.003424784331148876 0.000872272210958065 0.0004426136631887069 9.552411794920066e-05
 0.06666666666666667 0.03787878787878788 0.02512562814070352 0.006990562740300594 0.01516354971478085 0.006022334256757919 0.003526826489179877 0.0008327442797246134 0.0004227465152906432 9.345186741685319e-05
 0.05988023952095808 0.03329633740288569 0.02896871378910777 0.0112739571589628 0.006145202352734616 0.006578514571409776 0.003592147565421988 0.0008912396950410261 0.0004523414076274594 9.165773169829224e-05
 0.07926023778071334 0.0488599348534202 0.03380281690140845 0.01536098310291859 0.009924737407989414 0.006559803542293912 0.003980469164632204 0.0008744622057434678 0.0004431772856868509 8.969267701148784e-05
 0.03992015968063872 0.02219755826859046 0.01427551748750892 0.003703017959637104 0.002785515320334262 0.005643051351767302 0.00302671766227334 0.0007571345369831101 0.0003838994537799823 9.563099823022884e-05
 0.07633587786259542 0.04777070063694268 0.03325942350332594 0.02319886583322593 0.01385254732953671 0.006042609025931425 0.003226698626348299 0.0008871625648255473 0.000451286116378841 9.161497888971807e-05
 0.05952380952380953 0.03164556962025317 0.02031144211238998 0.005363847666726265 0.006132819344664447 0.005290538753196367 0.003929238775474565 0.0008719713528344882 0.0004788045910520217 9.746020689807432e-05
 0.06837606837606838 0.03849855630413859 0.02946375957572187 0.008530967411704487 0.006924608326841514 0.005201831044527674 0.002772079614126518 0.0009457177322074789 0.0004808985147105874 9.758604001824261e-05
 0.07564296520423601 0.04448398576512455 0.03004807692307692 0.0100250626566416 0.005388414907947912 0.006456545748024806 0.003769622230000808 0.0008557647424926093 0.0004802311381870001 9.75699895420901e-05
 0.08075370121130553 0.04938271604938271 0.03409090909090909 0.01543686322939179 0.009987515605493134 0.005550544647193506 0.003278569086736367 0.0008904047276619714 0.0004521226667767487 9.164958696918203e-05
 0.05988023952095808 0.03191489361702127 0.02512562814070352 0.006975933031042902 0.004521204448865178 0.006035107080042764 0.003297035415655423 0.0008152917676884343 0.0004134025093532318 9.746063336284335e-05
 0.05988023952095808 0.03329633740288569 0.02141327623126339 0.01257861635220126 0.006930607294464178 0.004121937669133856 0.002162690763429839 0.0009052545209759029 0.0004607865724831985 9.358157804823075e-05
 0.05988023952095808 0.03144654088050314 0.02024291497975709 0.00535523027490182 0.009144567295702052 0.005408328826392645 0.002873829609715398 0.0006085853727487249 0.0003068760022966204 9.345508210724905e-05
 0.07984031936127745 0.04827031375703942 0.03357582540570789 0.01401869158878505 0.007751937984496124 0.005574230165030996 0.003747178722996349 0.0008873987449095142 0.0004513467795426091 9.748574320743215e-05
 0.06711409395973154 0.03784295175023652 0.02512562814070352 0.01386535202588199 0.01309909076899368 0.005448570601556247 0.002928177301135584 0.0008493765768965711 0.0004318696224870586 9.550722094282341e-05
 0.07396449704142012 0.04366812227074236 0.02962085308056872 0.01956947162426614 0.0138217000691085 0.005697907314041024 0.003947264545669851 0.0009438359805685359 0.0004804124095427552 9.757764492172082e-05
 0.06779661016949153 0.04302925989672977 0.02932551319648094 0.01129761136216914 0.006156552330694811 0.004727221794243294 0.002507662301476735 0.0009288842358669295 0.0004717208277521225 9.563206519237883e-05
 0.07984031936127745 0.05143277002204262 0.03659174072138003 0.01400342305896997 0.007747933884297521 0.005539015440005539 0.003032057112930345 0.0007921633788666268 0.0004026069289634443 8.167263972545245e-05
 0.06814310051107325 0.0380952380952381 0.02523659305993691 0.006978367062107466 0.009129388330981824 0.005749167216219416 0.003099503167874561 0.000791159086655076 0.0004113557698523233 8.362046344053609e-05
 0.08791208791208792 0.05702066999287241 0.0408371618172537 0.01424726927338927 0.0078294910830796 0.006744419404188119 0.003682182726072548 0.0007994244144216165 0.0004044808586832668 9.558936719639771e-05
 0.05988023952095808 0.04724409448818898 0.03298515667949423 0.0164769322947873 0.01433421350433799 0.005361837553618375 0.003574109153293541 0.0008326104467439122 0.0004412154013589434 8.961314007429924e-05
 0.08403361344537814 0.05513439007580979 0.03982080637132902 0.01405591129158207 0.007767995857068877 0.006421444331017223 0.003576889715547846 0.0009233965603478127 0.0004703129638829039 9.751360215246351e-05
 0.0776196636481242 0.04777070063694268 0.03322259136212625 0.01853435985172512 0.01063046855834492 0.005937234944868533 0.003507225784404536 0.0007606401859862773 0.0004510073641658962 9.160430603963122e-05
 0.05988023952095808 0.03329633740288569 0.03244997295835587 0.01721664275466284 0.01113674329806698 0.006404098623118797 0.003525806189145941 0.0009440196356084208 0.0004804689376831788 9.758046255927266e-05
 0.07473841554559042 0.0437062937062937 0.02962085308056872 0.01508295625942685 0.008450942280064228 0.003816100308922406 0.001988862370723946 0.0009106797546202465 0.0004621976416119486 9.365305290022583e-05
 0.07462686567164178 0.04363001745200698 0.02958579881656805 0.01262825572217837 0.0175377060680463 0.006810744364524328 0.00370166394308466 0.000908737608782659 0.000461746285152892 9.363542112431038e-05
 0.07984031936127745 0.03813155386081982 0.02517306482064191 0.006966213862765586 0.006119416032870005 0.005633514288640787 0.003779289493575208 0.0009452543409358789 0.0004807862130138035 9.759385341960896e-05
 0.08163265306122448 0.04922067268252666 0.03391746749576031 0.01630837657524092 0.01763548802821678 0.00647414600902973 0.003477942522423577 0.0008349709119435792 0.000468996864560545 9.552039211120961e-05
 0.07680491551459294 0.04440497335701599 0.02994011976047904 0.01514692517418964 0.008468117537471419 0.005463734462505122 0.002932201992064729 0.0007558666883736075 0.0003922410792121053 8.552970635662745e-05
 0.0753012048192771 0.04378283712784588 0.02962085308056872 0.01259842519685039 0.008360504974500461 0.006542361792607131 0.00364755702644034 0.0008338084102182252 0.0004227423591776383 9.726655183920132e-05
 0.05988023952095808 0.03099173553719008 0.01998667554963358 0.01238581823811736 0.00686224052153028 0.006118837751575188 0.003332222592469177 0.0008692846946009694 0.00044185441388012 8.964000573696036e-05
 0.07564296520423601 0.04389815627743635 0.02963841138114997 0.01251368684498671 0.008324315325064514 0.005108382856267134 0.003353335686551359 0.0007380288802353923 0.0004685637642069998 9.741068483886185e-05
 0.0881057268722467 0.05163511187607573 0.03508771929824561 0.01532567049808429 0.01055623223710922 0.004107069516615774 0.003929032934027171 0.0009065011562711557 0.0004611328759287658 9.360957319213025e-05
 0.03992015968063872 0.02219755826859046 0.01427551748750892 0.006863417982155113 0.01205091511636665 0.00733472421436954 0.004020621320014653 0.0008763507973818533 0.0004436789066174216 9.75071016014049e-05
 0.06734006734006734 0.03755868544600939 0.02873563218390805 0.008416091567076249 0.008338892595063376 0.005341880341880342 0.003400295288801396 0.00074026887344714 0.0004029832555542887 8.168894483585403e-05
 0.06768189509306261 0.03762935089369709 0.02487562189054726 0.01241272304111714 0.01616190007729604 0.004628558204119416 0.002594153888914625 0.0009222646207763162 0.0004700375540420781 9.74781991996841e-05
 0.08119079837618402 0.04866180048661801 0.03908158280410357 0.01268230818008878 0.01164054012106162 0.005824111822947 0.003729686528727467 0.0009075776944436935 0.0004701830481379282 9.750467624467704e-05
 0.0744047619047619 0.04317789291882556 0.02923976608187134 0.01708671507902606 0.01543426406622702 0.005327833634098136 0.00378374573228679 0.0008701941112997607 0.0004599766488450182 9.356250174185509e-05
 0.05988023952095808 0.05201560468140442 0.03786086133459536 0.02859027930503629 0.02002454621794458 0.007044261442731832 0.004009766007876963 0.0008758152380173879 0.0004523881175343667 9.166169501603481e-05
 0.05988023952095808 0.03329633740288569 0.0243605359317905 0.008275405494869248 0.004458314757021846 0.006495564005069708 0.004025489054095721 0.0009411818939652954 0.0004709026320513991 9.559981915700876e-05
 0.08743169398907104 0.0558659217877095 0.04217432052483599 0.01400996264009963 0.01043925158596322 0.0069903922748037 0.003836134603718374 0.0008371084327967403 0.0004239042567873972 8.572554110758994e-05
# name: avgRateB
# type: matrix
# rows: 100
# columns: 10
 0.1301369863013699 0.1059705350219695 0.09616512255189398 0.08448431344629551 0.07007007007007007 0.03358090055641346 0.02140743082095342 0.00551165956439394 0.002861683687922831 0.0005852599794266238
 0.131438178205716 0.1165837044799581 0.1120486927652511 0.08501155496863652 0.07012348438285745 0.03332455366856384 0.02109459949256977 0.005450797407761716 0.002845159362340592 0.0005922343615961172
 0.1208348590259978 0.10578165374677 0.09900309384668271 0.0783335778201555 0.06716268850494357 0.0339331619537275 0.02149557060969255 0.005397819281010472 0.002816947291466853 0.0005844823695351146
 0.1099476439790576 0.1071811361200429 0.1009904835890464 0.08131518472688705 0.06338092623100861 0.03276176091688508 0.02083595530757506 0.005460445091059863 0.002856501992841491 0.0005907062090953295
 0.1147812778982273 0.1045883940620783 0.09837037037037037 0.07636756038847846 0.06504613999549853 0.03346589802069843 0.02117384305251403 0.005412609526563494 0.002807236131820887 0.0005825447018847303
 0.1169004676018704 0.1055245189323402 0.09735899731423456 0.08081761006289308 0.06576701636210545 0.03393625985478975 0.0213464933862051 0.005493381213004935 0.002856726536497078 0.0005909114253517261
 0.1200446677833613 0.1151682885456656 0.1088883261585211 0.07932423022192618 0.0658197551320998 0.03377700093300108 0.02110454209538969 0.005494464835425053 0.002857866228844118 0.0005907644094972714
 0.1091081593927894 0.1006220270764727 0.09503239740820735 0.07669508357014086 0.06301839581113017 0.03212878380798854 0.02032661329485383 0.005373954355999883 0.002810530247021791 0.000584016632793702
 0.1049645390070922 0.1028695181375203 0.09693939763443482 0.07851851851851852 0.06700084371432825 0.03360032582134129 0.02136367886866013 0.005495255271203756 0.002857233258578651 0.0005907341953823616
 0.1018750922781633 0.09429918559794256 0.08808808808808809 0.07376269035532995 0.06394557823129252 0.03279142804359875 0.02063811957643376 0.005290315369856379 0.002852728376223179 0.0005923150783410978
 0.1038808310466484 0.09828465461288827 0.09205702647657842 0.07639917086171158 0.06415590102912196 0.03321592581033483 0.02123611279368903 0.005499281218109243 0.00285835964686789 0.0005826169687786663
 0.1185366850602902 0.1058201058201058 0.09531635168447 0.07958855303988047 0.06858909336811089 0.03449992886612605 0.02156450082997392 0.005467367231010166 0.002835894931534767 0.0005850476883278424
 0.1290322580645161 0.1084277969443075 0.1063944116066631 0.08460236886632826 0.07186716964506981 0.03444608840392084 0.02173421534377256 0.005532400746317148 0.002867270397068841 0.0005924272736080782
 0.099009900990099 0.08708633988554368 0.07555646314069839 0.07506457985108646 0.06379730684226116 0.03284367759206352 0.02090250474572174 0.005423880887898494 0.002850706219418284 0.0005906338551722183
 0.03992015968063872 0.02219755826859046 0.01427551748750892 0.07739764441951767 0.06486220203070692 0.03146109003423707 0.01984778500178776 0.005383305931821157 0.002817257989448607 0.0005860318516230707
 0.0576923076923077 0.1241583791463339 0.1195930267150592 0.09205602834530945 0.07828119280263565 0.03613462729712988 0.02187914085852516 0.005521451862978759 0.002859282849501599 0.0005892023608564899
 0.1066772026866851 0.08695652173913043 0.07274616783580151 0.07483325199284203 0.06436428262644699 0.03290931654995125 0.02103346296910622 0.0054860088365243 0.002854359651231733 0.0005921575368781454
 0.1136363636363636 0.1023573200992556 0.09287925696594428 0.08196721311475409 0.06612074665581609 0.03329311346471824 0.02126945834255248 0.005501870266637619 0.002858653037222924 0.0005907482480746166
 0.1114058355437666 0.09453349773941636 0.08344686648501362 0.07595183225680807 0.06367292225201072 0.03191640525090448 0.02048494983277592 0.005393891692856396 0.002811099828465541 0.0005826588825553912
 0.1234060057589469 0.1126927639383155 0.103821042491705 0.0825346112886049 0.06810472758108968 0.03361001033280723 0.02134594859664811 0.005495731586993927 0.00285708259269699 0.0005768402790717589
 0.1183020180932498 0.09742895805142084 0.08296842590458632 0.07267884322678843 0.06363784703606146 0.03232016801820197 0.02080502717391304 0.005415800875370264 0.00282129405273133 0.0005829111853518781
 0.1135593220338983 0.1025795745964701 0.09304207119741099 0.07998852182646436 0.06545833876646238 0.03155722781891006 0.01950533314963998 0.005315840481390942 0.002789776134698742 0.0005868556196859434
 0.05681818181818182 0.1053740779768177 0.09790004405501981 0.08008846592051472 0.0677213589232023 0.03298583748001711 0.02101427966922233 0.005390815810125933 0.002810207745085482 0.0005824192586634865
 0.1142089351696339 0.1026907578317951 0.09457679875493835 0.07646110215203247 0.06603237716557796 0.03308462027878998 0.0208686007822077 0.005408775049962414 0.002819731236600303 0.0005843829114550936
 0.05747126436781609 0.03076923076923077 0.09224431309331901 0.07813761260534048 0.06559190769717085 0.03160806005531411 0.0203884692685546 0.005209134708965088 0.002779499099994384 0.0005779462442697718
 0.1158301158301158 0.1084250261023211 0.1019709827539009 0.0810344220131769 0.06810027093656179 0.03398957165830126 0.02102772041422348 0.005233213211535417 0.002830884665755446 0.0005924142445707909
 0.05714285714285714 0.112190882515604 0.1059476837644308 0.07944140151356777 0.06655968009260477 0.03208060942133636 0.02059520860610779 0.005364530897493368 0.002797376385560573 0.000580291211123212
 0.1074644205634621 0.09238451935081149 0.1003086419753086 0.07637090694549149 0.06600128783000644 0.03399845248423176 0.021229261483431 0.005431970553195564 0.002825992617932504 0.0005912367248570156
 0.1228389444949955 0.1130179991628296 0.1044369486248054 0.08443452891711001 0.06961946350592639 0.03437706592944288 0.02137806281861536 0.005355644774688399 0.002764150323386258 0.0005908605765331989
 0.1226480836236934 0.1135630403923087 0.1023423817863398 0.08115143163374675 0.06743646022203137 0.033798352038973 0.02121300481119697 0.00545716037846046 0.002821047115311974 0.00058978484727937
 0.1123595505617978 0.09910945130709566 0.0948866631523458 0.07883873587331663 0.06682728159238227 0.03119930113565456 0.02046271678591243 0.005415274733718501 0.002829895551996941 0.0005898142639256533
 0.1195283476013568 0.1101441392439489 0.1035325945580355 0.08303638562882082 0.07048846302109146 0.03346098077852548 0.02089172349362582 0.005397129608212449 0.002812412112121496 0.0005825025737103512
 0.1216758655293527 0.1112576232075161 0.1059405163619242 0.08109075008943833 0.06677688093617297 0.03358204543035864 0.02099839806035416 0.005398986994192842 0.002810956012855567 0.0005808967062561981
 0.1241721854304636 0.1112916328188465 0.1059141313619562 0.08577428195180981 0.0720045225981136 0.03311921739642879 0.02091130003389073 0.005477427667626748 0.00285236521377903 0.000585048384493005
 0.05988023952095808 0.1072156105929023 0.1006036217303823 0.07598729977524883 0.06338849989391046 0.03233611209852194 0.02046874886587163 0.005341221150499036 0.002778512327013655 0.0005749344822506821
 0.1288244766505636 0.118514616802739 0.1096491228070176 0.08747868633701535 0.07261715764097136 0.03465541759778205 0.02160277707423906 0.005458949624072673 0.002833353663046057 0.0005907935725624363
 0.1202003338898164 0.1015228426395939 0.08666243923060664 0.07585075850758508 0.06430790722319903 0.0327258364836653 0.02081912232833106 0.005436487955807556 0.002841041804309422 0.0005901781288303403
 0.1077337437475952 0.1033683835323472 0.09252350395463363 0.08272224831123794 0.06874367687877765 0.03359517206836312 0.0207677261982978 0.005400247754609823 0.002822044361393289 0.0005875861446791404
 0.05988023952095808 0.03329633740288569 0.07994950557542604 0.07289121092104155 0.06342494714587738 0.03215912472247019 0.02037147124070235 0.005413847336845911 0.002821182008318183 0.0005844458937822089
 0.09060955518945633 0.06425233644859814 0.08200082000820008 0.07675881572112887 0.06630719906732731 0.03327787021630615 0.02100595168631112 0.005520913923597199 0.002868768703364519 0.0005826505685995737
 0.0989399293286219 0.07599463567277605 0.06209150326797386 0.07640267914240517 0.06532689684122153 0.03270608287076491 0.02065997130559541 0.005344498218192376 0.002789627570339836 0.0005768402790717589
 0.109551523450873 0.09203336209375899 0.07831620166421928 0.07956726574768801 0.06700655498907501 0.03292033279463698 0.02050784891308401 0.005432751469850964 0.002840045402605027 0.0005899754071325255
 0.05988023952095808 0.09237265769332278 0.07965407373691398 0.07863537382046938 0.06683265627047569 0.03338572559457569 0.0211301354942709 0.005322255157782689 0.002764594756485278 0.0005710340594057836
 0.07163323782234958 0.1086877233933912 0.104057545918011 0.08320922100628117 0.07081081081081081 0.03383422434137649 0.02103198958130623 0.005440154611038165 0.002828602056921062 0.0005847962490573877
 0.09025270758122744 0.09615384615384615 0.09955273409320443 0.08092136189644752 0.06878622109083031 0.03390069920192104 0.02125335773533666 0.005458425299251756 0.002847083888658001 0.0005902873173996695
 0.1248884924174844 0.1141522895317162 0.1054752310974165 0.08208124652198108 0.07027127363368779 0.03404388413049755 0.02117011647304363 0.005505604115761311 0.002855223862006456 0.0005922396403619832
 0.1232428268823416 0.1111485348602223 0.104527204762564 0.08539294640377672 0.07187230130651587 0.03492089708953199 0.02187536951637696 0.005513079595086654 0.002855453288739385 0.000590960173448794
 0.1060791513667891 0.09786071916249432 0.1052471018913972 0.07920894595154276 0.06220211648759996 0.03154574132492113 0.02069747660901616 0.00540491847581299 0.002818508139755965 0.0005844823695351146
 0.1162790697674419 0.09975734699379887 0.08739837398373984 0.0781983109164842 0.06632434745400086 0.03336654540399008 0.02104309450395288 0.005447585662829065 0.002848639131727171 0.0005919165187865197
 0.1215277777777778 0.1126149395598719 0.1035804583639181 0.07661056297156123 0.06952557344351047 0.03383764811140042 0.02141902881040892 0.005490885130683066 0.002842255768333995 0.0005869264794549053
 0.1176470588235294 0.1021266370299171 0.09524876736889287 0.06443395519592418 0.06714498443211046 0.0328501960414925 0.02076582046547053 0.005384368847580239 0.002808631861922308 0.0005839125944206459
 0.1220601369455195 0.1050119331742243 0.0920730830096389 0.0753271349862259 0.06336716919935131 0.03264503885776252 0.02078045343093196 0.005420841020514667 0.002823123197268365 0.0005845460682737919
 0.102291325695581 0.08945841392649903 0.07824064284203849 0.07202036064330969 0.06478530151079323 0.0328970150287416 0.02077622907797282 0.005440756412188765 0.002836657252530308 0.0005898165987058078
 0.1313628899835796 0.111794298490777 0.106050305914344 0.08303017333618661 0.06779187196421708 0.03384155455904335 0.02109327251315534 0.005486983655439596 0.002827720866567041 0.0005847498816624816
 0.03992015968063872 0.02219755826859046 0.01427551748750892 0.08595770576601248 0.07127527092551866 0.03469522043428845 0.0216211380174162 0.005522157889390623 0.002868873300384467 0.000586117838595424
 0.1140939597315436 0.09964938180476103 0.09478074055351952 0.07563833508219658 0.06771614192903548 0.03369272237196765 0.02118720931076267 0.005424198218345268 0.002814777099434643 0.0005916038161809777
 0.1228580666020045 0.1066070018425902 0.0988890245391283 0.07081132981277004 0.06649469762109488 0.03329128118867396 0.02106107712365861 0.005432683690307464 0.002856419540202433 0.0005922689685526967
 0.03992015968063872 0.02219755826859046 0.01427551748750892 0.08430100417372619 0.06922167820361304 0.03389747242759942 0.02138517970800168 0.005486395770487624 0.002852691615391856 0.0005889704281319246
 0.1118925831202046 0.09536784741144415 0.08227707360462531 0.08216529724504591 0.06766917293233082 0.0328943476151598 0.02058435884905297 0.005262894554942581 0.002729706220173875 0.0005897059504496608
 0.1206838752933289 0.1049445005045409 0.09996386848127184 0.0804250518577823 0.0687732826217209 0.03359315225707728 0.02112772869680986 0.005426336558373723 0.002823850142580501 0.0005845766486002758
 0.132721612321809 0.121012101210121 0.1118596669632643 0.08540471637985979 0.06972489731110421 0.03399426716888163 0.02139144916300572 0.005509641873278237 0.002860870491848919 0.0005804842387632713
 0.110062893081761 0.1048125184529082 0.09633649932157395 0.0706478272460677 0.06304902238594504 0.03250587418887495 0.02042181106948449 0.0053708063566804 0.002840140012253447 0.0005916840098682603
 0.1236749116607774 0.1037037037037037 0.1010197274373392 0.08235919234856535 0.0694980694980695 0.03392412898310936 0.02118124456533857 0.005365998075642069 0.002785221040904332 0.0005919451118400109
 0.105797714769361 0.09958071278825995 0.09456956225017062 0.08419146010129809 0.07135661517797179 0.03374957813027337 0.02093715903394179 0.005442807311749661 0.002860398171264901 0.0005847407249714617
 0.1212633953750705 0.1096729572176662 0.103133677112257 0.08249182193144645 0.06900733383380493 0.03300253058273372 0.02076271808190635 0.005271804200736939 0.002849601487549544 0.0005889704281319246
 0.1179494934220475 0.1066192803198578 0.09998958441828976 0.08208613317043373 0.06835161341599109 0.03291132855845859 0.02119471651162454 0.005432332355267145 0.0028244109806182 0.0005830438936861106
 0.0744047619047619 0.04405286343612335 0.02981514609421586 0.00857780065191285 0.06554900336273697 0.03322797633519734 0.02090672165420855 0.005410936717806767 0.002815730547994798 0.0005898792944647746
 0.07981755986316989 0.0949927547898889 0.08660508083140878 0.07449027369854849 0.06472662211229806 0.03277739170720408 0.02089834448148648 0.005442537104864451 0.002836836077677729 0.000588418497500113
 0.09562841530054644 0.1106927710843374 0.1050502414198095 0.08237088690346481 0.06823651262680111 0.03346248679112364 0.02094709261455219 0.005438991113241639 0.00282792416945305 0.0005898701869908287
 0.1284521515735389 0.1101928374655647 0.09816584861792818 0.07583774250440917 0.0669006084168539 0.03315634218289085 0.02111234325684552 0.005488998138513675 0.0028612825266853 0.0005909102536214569
 0.1154891304347826 0.1063321385902031 0.1010805158591844 0.08019793532975003 0.06761365321313129 0.03355435691299916 0.02125205811313638 0.005431820457014464 0.002819582336134632 0.0005922572369278528
 0.1234567901234568 0.1025236593059937 0.1069863366847126 0.08432539682539683 0.068873448830365 0.03259013396829978 0.02045393117252161 0.005334088689340835 0.002829231735842487 0.0005910810417576022
 0.1167929292929293 0.1008619108747479 0.09457602457359955 0.0802149299558626 0.06674757281553398 0.03326912974960602 0.02114710499716844 0.005452754195386046 0.002831610370413031 0.0005849095323400445
 0.09715475364330327 0.1091728966417468 0.1065719360568384 0.08324974924774323 0.07035866428473272 0.03417353368880272 0.02119169465924206 0.005396464576460695 0.002802596432832225 0.0005861264270742886
 0.1164929491109749 0.09958071278825995 0.08860112455273471 0.08092193201112677 0.06899759671292349 0.03370676341529184 0.02120531605492766 0.005475114126534326 0.002846662336173627 0.0005902793665470459
 0.09353078721745907 0.09259259259259259 0.08672699849170437 0.07772667308446536 0.0654615338418113 0.03231941381684109 0.02048274749402002 0.005404033672971981 0.002825770261059167 0.0005917938578131139
 0.1174168297455969 0.09796718099436688 0.08557980316645272 0.04569606801275239 0.06389117889530091 0.03212493283488242 0.0204707565679962 0.005325372914305721 0.002816459158963429 0.0005908439346016784
 0.117552765161635 0.1021314387211368 0.0908953188910771 0.05780831099195711 0.06542136524059568 0.03277336216794675 0.02095765842568912 0.005440114482137983 0.002828176305634782 0.0005847639070237281
 0.1254848277435546 0.1110009910802775 0.09930838801205888 0.08318251426980371 0.06974294742235759 0.03381213879763075 0.02103104122232709 0.005279161303561102 0.002821470722698206 0.0005844769268322064
 0.1181102362204724 0.09986130374479889 0.1079022532529356 0.08390123625903223 0.07069074170479765 0.03458420894626239 0.02151466198158226 0.005510212383555159 0.002860933662820727 0.0005830438936861106
 0.1082164328657315 0.08861174926156876 0.07435968052877995 0.0759593923248614 0.06371125466721982 0.03199279035710263 0.02077076374659668 0.005440996437617873 0.002833018447161335 0.000591612010159106
 0.106981981981982 0.08547008547008547 0.08210487031162531 0.06773595756917375 0.06251073329898678 0.0329008556547619 0.02068613883021342 0.0054034549141217 0.002832258089043153 0.0005896491251328442
 0.05988023952095808 0.03121748178980229 0.02012072434607646 0.08650579623857388 0.07270358306188925 0.03513703443429374 0.02186942534912709 0.005493451619450915 0.00284253237837093 0.0005846149943639151
 0.1299756295694557 0.1065912551664129 0.0943759630200308 0.07547457497903484 0.06477671086724585 0.03336000631135255 0.0212013631480467 0.005500833403856839 0.002863008399434675 0.0005926831579268696
 0.1088308457711443 0.09256810367627612 0.09642654566080545 0.07334710743801653 0.06706146399502447 0.03323421374846948 0.02090868407345184 0.005475203574683247 0.002851480904168233 0.000590478319142039
 0.09569377990430622 0.09872381411028172 0.08633396504527269 0.07957785437678198 0.06484641638225255 0.03296339808150742 0.02090763743696962 0.005354588641602004 0.002789614199232137 0.0005856389073165096
 0.1198630136986301 0.1003963011889036 0.0867579908675799 0.07628823080657465 0.06439131439131439 0.03047232097511427 0.02001621751930396 0.005391471672082342 0.002824087852904009 0.000589381714847633
 0.09018036072144289 0.1 0.1011742116534968 0.07626103061335658 0.06831110117495094 0.03377038541503924 0.02100746101284371 0.00547781576218585 0.002856779788139682 0.0005922768290013598
 0.1254773595199127 0.1056398023513375 0.1007049345417926 0.08259311204612747 0.07082979626485569 0.03418985424947946 0.02136736393041607 0.00548763532637619 0.002854862798934312 0.0005906241390860389
 0.1126947298641034 0.09465478841870824 0.09563313745823251 0.07128407667854736 0.06468961668231056 0.03214770962732919 0.02074853784258583 0.005325030230640372 0.002764923868589313 0.0005710548930481601
 0.116227089852481 0.1116022099447514 0.1056398023513375 0.07675438596491228 0.0685023146289904 0.03345978934470652 0.02096962358048939 0.005498043397643222 0.002857893636487438 0.0005892481847882307
 0.1203113941967445 0.1001177856301531 0.08629989212513485 0.07566800662095058 0.06427915518824609 0.03271525016184223 0.02077837347176127 0.005409946546773881 0.002811228410869188 0.0005899632599390001
 0.1276595744680851 0.118673647469459 0.1113823619163869 0.08582326764144946 0.06982756323125716 0.03404325495924233 0.02133660150020672 0.005432107767184965 0.002839980444161505 0.000589988372477478
 0.110603510459245 0.1022898988724864 0.09564177806760135 0.08149405772495756 0.06912991656734208 0.03301111166475659 0.02025513830819912 0.005424804642451864 0.002819849051753821 0.0005828495913015051
 0.1187038819377607 0.1004070556309362 0.08646880112175742 0.05538771399798591 0.06424773532886963 0.0326312317406465 0.02089351319516505 0.005476421066946491 0.002851876592218013 0.0005904964549406621
 0.05988023952095808 0.03329633740288569 0.02016129032258064 0.07896169903793791 0.06771032200585465 0.03366229707838835 0.0212931404111829 0.005504053486882313 0.002863929809773759 0.0005925882470922547
 0.1248884924174844 0.1149425287356322 0.1061410159211524 0.08014085362151661 0.06859699266807506 0.03418186194860685 0.02125000935299707 0.005520825781698741 0.002859461785748327 0.0005892542640085281
 0.1368849426563078 0.1253001983919808 0.1147262352798349 0.08615758615758616 0.07171684910426526 0.03466055922301559 0.02138608567800575 0.005211182715934907 0.0027021335315539 0.0005780060769816998
 0.1209964412811388 0.1079664570230608 0.100291757840992 0.08563081366063333 0.07277604954479294 0.03452713907383115 0.02117721715133225 0.005466401874405276 0.00282345693800373 0.0005893589850842734
 0.1059758610538711 0.09289980092899802 0.08381872425060378 0.0734025534050629 0.06279273251325337 0.0318420633657061 0.02051027922886856 0.005449132893014139 0.002848335683050969 0.0005903565456376316
