# Created by Octave 3.0.1, Wed Sep 09 22:13:14 2009 PDT <jwawerla@marvin2>
# name: prtA
# type: matrix
# rows: 100
# columns: 10
 383.3 400 457 630.9 710.2 1603.9 1775.4 2132.3 2199.5 3259.1
 382.5 517.5 542.2 1068.6 1391.5 1828.4 1892 1715.4 1782.9 2742.3
 480.9 524.1 704 1383.1 1433.2 1573.6 2028.3 2669.4 2738.1 2898.5
 295.3 633.6 820.3 1099.2 1392.2 2374.8 2440.4 2597.9 2666.7 2827.2
 190.3 402.6 469.2 787.2 1139.8 1772 2024.7 2397.9 2466.5 2783.6
 142.9 162.5 470 601.5 650.1 1129.1 1971.8 2122.4 2191.1 2235.6
 77.3 212.8 260.3 931.8 1059.2 1817.3 2081.2 2231.9 2300.6 3108.8
 253.3 372.3 397.5 855.3 905.5 1044.3 1619.5 1770.8 1839.6 2315.2
 167.7 279.4 304.7 1246.6 1460.5 1912.3 1978.2 2596.6 2665.4 2681.7
 80.3 611.2 636.8 1041.9 1092.8 1654.4 1720.6 2913.4 2982.2 3142.6
 102.5 148.5 170.9 951.9 1446.6 1586 1652.3 1803.9 3249.9 3410.4
 236.5 613.2 664.6 784.5 1108 1597 1661.5 2462 1749.6 2550.9
 140 204.6 227.9 882.6 1328.8 1464.8 2401.3 2553.7 3041.9 3213.9
 176.1 477.2 658.9 879 923.9 1476.6 2310 2462.6 2529.7 2715.6
 74.90000000000001 102.8 116.5 793 901.3 1477 1538.8 1691.7 2759.5 2935.3
 83.2 160.8 174.3 696.5 1019.8 1145.5 1205.4 2204.5 2271.6 2431.5
 206.4 283 298 625.9 789.9 1709.1 1889.7 2042.1 2109.3 2272.7
 152.8 165 296.3 463.2 871.6 1231.2 1291.2 2424.3 2841.9 3005
 56.8 62.7 124.1 608.3 912.1 1440 1499.8 1655.6 1722.8 3195.2
 178.6 191.2 260 609.2 838.4 1505.6 1565.5 2406.1 2462.1 2645.8
 88 114.3 124.9 625.5 759.5 1173.2 1232.8 2144.5 2211.6 2370.6
 54.4 60.2 66.90000000000001 738.1 823.7 1645.8 1705.6 1864.7 1932 2831.1
 55.1 61.2 68 729.7 767.3 885.9 1569.5 1728 1795.4 3303.6
 101.6 111.5 178.8 680.3 755.4 873.6 933.3 2846.3 2913.5 3008.1
 55.5 115.5 126.5 579.5 617.9 1306.2 1366.2 2456.8 2524 2639.5
 85 146.1 234.4 723.4 936.6 1233.5 1293.5 1450 2484.8 3015
 170.3 253.2 345.9 513.6 707.5 1064.1 1927.1 2082.2 2149.5 2308.3
 79.3 106.8 116.4 334.9 993.3 1110.6 1168.8 1323.7 1917 2745.1
 142.3 156.8 205.9 717.9 934.3 1352.5 1410.6 1566.1 1634.8 1797.8
 69.59999999999999 78.3 86 204.8 895.3 1310.3 1368.5 1931.8 2000.3 2163.3
 112.6 124.9 269.5 699.4 799.8 1278 1703.7 1836.6 1906.8 2083.1
 80.59999999999999 90 98 225.7 627.1 1188.7 1245.5 1732.2 1800.3 3412.2
 54.8 61.8 138.1 619.5 653.9 1490.9 1547.6 2352.2 2420.3 3151.3
 77.59999999999999 180.3 192.1 654.4 689 998.5 1446.1 2095.4 2163.6 2315.7
 80.3 90.2 230.4 693.5 761.6 1018.6 1499.6 1653.6 2204.9 2751.3
 109.5 183.2 195.5 762.1 796.8 1225 1282.2 1815 1886.4 2908.9
 146.9 161.2 226.2 435 744.2 1440.7 1720.7 2155.4 2226.6 2366.3
 117.2 129.6 140.5 642.1 808.8 1243 1300.2 1992.3 2049.6 2619.1
 87.8 294.3 309 357.8 500 1412.5 1583.4 1919.5 1993.6 2133.1
 66.09999999999999 138.9 150.5 507.9 579.2 1230.2 1287.6 2114.4 2169.7 2721
 40.1 79.5 142.9 592.7 1043.7 1204 1261 1415.5 1794 2593.7
 65.40000000000001 73.5 135.3 505 824.1 1396.4 1758.9 1913.1 1985.6 2150.5
 55.7 124.8 154.3 312.1 917.5 1116.9 1546.3 1833.9 1906.1 2070.6
 96.5 107.2 243.1 526.3 818.3 1084.6 1141.3 1295.3 1367.7 2748.4
 156.3 170.3 299.8 366.3 757.3 1221.3 1578.9 2001.7 2074.3 2924.2
 104.5 133.1 144.1 288.4 644.2 1435.2 1702.5 2156.8 2229 2390.2
 78 135.1 146.2 423.4 918.6 1027.1 1607 1759.2 1831.3 1992.6
 111.6 140.6 151.7 238 822.8 1204.6 1260.9 2058.6 2399.1 2560.2
 65.09999999999999 73.09999999999999 178.8 339.7 371 1405.9 1462 1613.4 1685.1 2949.9
 67 75.3 82.8 838.8 871.2 1341.7 1509.1 1799.3 2183.4 2790.6
 161.5 238.8 252.5 570.5 602.7 1394.2 1605.8 2283.7 2355.3 2516.2
 119.5 132 142.9 263.9 331 1205.6 1261.7 1412.8 1484.3 1645.3
 94.5 165.1 337.3 426.3 903.1 1150.6 1206.7 1904.9 1976.5 2137.4
 75.8 133 144 509.5 950.1 1255 1485.3 1636.3 1707.6 3775.1
 129.2 192.2 293.6 525.3 557.7 1364.9 1611.5 1762.4 2178.3 2338.8
 220.8 237.8 251.2 599.6 783.6 1294.3 1559 1709.1 1780 2746
 80.8 124.2 134.5 337.7 820.9 1164.7 1544 1694.2 1765.2 2519.6
 82.40000000000001 153.2 164.7 203.3 862.3 1390 1560.1 1710.4 1781.5 2697.2
 103.6 202.9 215.5 257.6 287.9 787.1 1739.8 1890.4 1959.7 2117.1
 66.3 75.8 122.8 825.6 920.4 1295 1351.7 2075.7 2434.2 2598.9
 145.9 191.8 224.1 266.2 584.1 693.3 1351.6 2131.3 2200.4 3020.1
 40.1 42.3 46.6 313.1 808.4 1600 1656.9 2124 2193.1 2358.6
 117.8 148.9 216.8 287 561.7 1467.2 1524.1 1912.4 1981.5 2147
 75.8 133.3 414.7 560.8 990 1099.7 1570.8 1721.4 1790.5 1956.1
 76.09999999999999 223.2 236.6 282.1 466.9 1018.6 2141.1 2291.9 2801.6 2967.2
 156.3 281.7 295.9 443.2 774.7 1074 1130.9 1941.1 2008.4 2623.3
 207.8 398.1 413 780.6 916.6 1230.4 1287.4 1668.9 1738.1 1903.9
 74.90000000000001 102.7 112.3 622.7 870.5 1306.8 1363.8 2053.5 2122.8 2286.9
 67.8 77.7 106.7 140.8 392.1 1684.2 1741.2 2292.4 2800.5 2956.5
 137.5 153.4 165.8 567 907.7 1197.8 1565.6 1718.4 1787.7 1952
 128.5 144 156.1 545.7 822.7 1520.5 1577.4 1879.2 1948.5 2112.9
 78.5 89.8 153.3 599.9 670 1326.5 1383.5 1909.8 1979.1 2143.4
 182.5 200.7 214.6 436.5 602.6 1352.4 1624.5 2098.8 2168.1 2749.1
 54.5 187.7 201.4 318.1 717.2 829.2 885.7 1038.4 1107.6 3074.2
 61.8 136.1 148.1 472.9 506.4 1306.9 1688 1840.6 1909.8 2054.4
 180.7 215.9 230.2 735.8 770 1010.6 1683 1835.7 1904.9 2716
 40.7 188.6 202.3 491.2 826 1111.8 1612.2 2020.2 2876.7 3039.9
 64.90000000000001 136 434.3 507.1 541.2 867 923.5 2036.2 2105.2 2268.4
 120.4 135.5 203.5 770.4 844.1 1007.3 1064 2013.3 2082.4 2245.6
 51.6 59.6 66.3 331.5 603.4 1545.1 1602 1708.5 1778.3 2534.3
 66.09999999999999 279.7 295 369.2 403.1 972.3 1752.8 1903.6 1972.6 2663.7
 75.59999999999999 164.2 177.3 447 481.5 1492.9 1550.1 1700.9 1769.9 2089.1
 73.8 161.4 174.6 248.3 593.8 1385.3 1442.6 1593.4 1978.8 2749.3
 93.5 199.1 251.6 798.9 868.5 1656.1 1848.9 1999.7 2068.8 2230.4
 78.3 122.3 133.8 554.9 696.3 810.8 1626.1 1776.8 1846 2007.6
 166.8 202.5 216.9 290.6 710.7 1567.4 1624.6 1775.3 1844.4 2006
 88.40000000000001 147 159.7 575.3 649.6 1733.6 1790.8 1941.7 2010.8 2663
 52.5 61 68 422.6 503.1 1110 1169.7 2304.1 2372.4 2535.8
 40.1 64.8 72.3 681.5 863.9 1220.8 1973.9 2317.6 2384.6 2543.5
 118.2 134.6 202.2 649.7 927.7 1203.8 1261.2 2025.2 2093 2255.2
 100 114.4 125.7 628.5 834.2 1138 1195.5 1908.1 1975.9 2116.4
 152.3 189.2 278.6 743.3 944.7 1328.9 1386.4 1732.5 1800.4 2367.3
 100.8 147.5 160.1 426.1 767.7 935.9 1568.8 1867.4 1935.3 2097.6
 67.40000000000001 97.3 176.1 441.3 477.2 887.2 1828.1 2152.6 2219.1 2838.8
 54.1 63.6 70.8 452.9 708.9 1270.1 1691.8 1841.8 1908.3 2070.5
 136.4 188.6 276.2 678 714.5 1040.1 1628.4 1778.1 1844.6 2006.9
 40.1 69.40000000000001 77.2 686.1 843.9 1414.3 1472 1621.7 1688.3 3289.6
 155.1 206.2 220.9 799.9 836.7 1173.2 1230.9 2024.2 2090.7 2225.8
 120 137.5 150.1 290.1 325.2 1193.2 1250.9 2015.5 2054.1 2213.2
 178.7 216.4 231.6 283.4 729.3 1548.1 1911.6 2275 2615.1 2773.8
# name: prtB
# type: matrix
# rows: 100
# columns: 10
 284.9 361.7 385.8 1515.4 1550.5 1743.9 1805.6 2765.8 2832.3 2990.8
 472.8 674.7 917.5 1281.8 1330.6 2222.9 2287 2308.2 2375.1 2533.9
 722.9 845.6 1042.3 1515.9 1569.6 2502.4 2568.3 2726.1 2794.9 2955.4
 521.2 980.5 1030.8 1945.6 1997.4 2384.1 2760.9 3478.1 3547 4193.5
 552.2 1031.8 1190 1406.6 1773.2 1919.9 1987 3226 3294.9 3455.4
 112.2 430 454 1721.4 1816.2 1953.7 2019.3 2924.2 3515.6 3675.9
 287 566.6 880.4 1467.3 1828.9 2366.1 2431.7 2583.1 2651.9 3498
 414 1037.4 1136.5 1645.2 1799.1 1935.3 2000.7 2153.2 2221.9 2382.3
 541 672 1118.3 1502.5 1741.6 2895.9 2961.1 3114.2 3328.5 3489
 388.3 485.9 1151 1786 1832.1 2305.6 2601.9 2755.1 2635 2793.7
 588.5 729.9 913.3 1170.1 1833.2 2116.7 3268.2 3421.5 2828 2988.6
 275.4 419 445.1 1676.2 1990.6 2126.3 2190.7 3076.4 3143.5 3313.9
 269.4 316.8 341.4 1653.9 1855.5 2090.3 2154.3 2307.3 2374.6 3181.7
 69 944.8 1186.1 1399.1 1444.8 1894.6 3074 3227.1 3294.4 3476.8
 525.3 597.5 1123 1230.9 1798.6 1929.6 1991.6 2144.7 3218.6 3393.2
 157.4 699.5 1047.4 1166.6 1208.1 2214.7 2704 2856.9 2923.8 4028.3
 340.7 404 420.4 1517.5 1558.6 2426.6 2486.4 2639.1 2706.1 2870.7
 322.7 666.6 682.6 1672.5 1825.9 2088.1 2148 2187.7 2254.8 2790.7
 193.5 667 682.9 1374.2 1901.4 2366.9 2426.7 2579.3 2646.4 2810.1
 224.2 271.8 455.3 1830.5 1931.3 2051 2374.7 2927 2994.2 3157.2
 363.4 380.5 396.8 1348 1823.4 1941.7 2001.2 2690.2 2084.1 0
 303.3 320.2 728.2 1008.4 1395.2 1721.7 2293.8 2897.3 2854.6 3013.1
 332.9 350.5 509.6 1350 1484.1 2263.9 2321.8 2942.8 3010.1 2891.9
 322.3 484.2 593.8 1065.5 1854.1 1970.9 2029 2668.2 3451.2 3505.7
 324.9 454.5 911.3 1376 1413.3 2110 2405.4 2762.7 3491.2 3649.7
 230.5 247.3 383.4 1476.2 1513.7 2065.6 2123.9 2761.6 2828.9 4016.7
 293.6 429.7 518.9 1228.1 1265.7 1909.3 2917.1 3072.4 3034.3 3192.6
 246.9 833.8 1011.6 1156.2 1628.1 2041.3 2099.1 2709.8 2773.7 2929.9
 160 174.2 269.8 1102.3 1139.1 2733.3 2791 2945.5 3682.6 3843.7
 371.6 389.3 574.1 1156.3 1229.7 2239.9 2297.7 3391.9 3456.7 3633.8
 262.9 336.6 350.9 1397.1 1433.7 1986 2043.7 2110.3 2177.5 4013.7
 360.1 424.2 515.7 1299.8 1725.1 1885.4 1943.4 2803.3 2872.1 2935.8
 208.4 680 713.2 1026.3 1626.5 2040.5 2098.5 2853.8 2922.2 3085
 424.6 654.6 705.5 1391.9 1655.9 1767.6 1932.5 2004.7 2072 2587.4
 320.3 382.8 665.8 1127.2 1222.9 1393 2847.7 3003.4 3071.8 3236.5
 219.1 235.4 394.7 777.1 884.6 1737.5 1794.7 3485 3553.4 3717.9
 128.4 583.8 959.9 1033 1214.5 1542.3 2193.7 3019.5 3887.1 4482.8
 581.5 600.1 684.6 1252.6 1579.7 1974.3 2032 2186.1 2254.4 3076.5
 245.1 326.8 341.7 916.5 1322.1 1990.4 2047.6 2201 3833.4 3996.9
 56.4 546 741.8 1341.1 1550.3 2119.6 2176.9 2330.4 2866 4088.9
 555.5 833.3 869 1275 1309.3 1843.5 2382.7 2941.2 3015.2 3651.8
 451.3 608 832.5 963.5 997.8 1187 2377.6 3803.7 3197.8 3367.5
 203 455.8 875 925.2 999.6 1853.6 2629.6 2782.4 2856 2881.8
 214.1 425.3 496.2 1342.4 1437.9 1865.9 2047.4 3091 3164.3 3240.3
 42 718.6 733.7 899.5 1555.7 1881.6 2284.4 2719.5 2791.9 3471.7
 236.6 334.7 387.4 823.1 1606.8 1931.2 2605.4 2759.2 3144.6 3309.1
 94.40000000000001 361.5 859.9 1142.3 1174.6 1750.6 1807.4 2937 3009.4 3170.9
 309.9 326.8 602.3 926.5 1028.8 1299.8 1981.3 3795.6 3867.6 4028.7
 281.5 298.3 366.2 1045.4 1777.1 2162.3 2218.6 2690.9 2762.7 3253.7
 249.9 620 635 910.2 942 1098.4 2217.7 2515.5 2587.3 3594
 40.1 49.3 54.6 1043 1149.5 1982.3 2198.3 2349.4 2421 3793.8
 573.4 607.9 623.3 1221.8 1314.4 1474.2 1530.5 2594.7 2666.2 3299
 313 456.2 691.6 1119.1 1151.5 1643.6 2431.3 2736 2807.4 2968.2
 167.1 414.6 667.5 1070.7 1103.2 2202.9 2259.1 2410 2481.4 2642.2
 139.5 184.2 320.3 1302.1 1334.6 2000.3 2056.5 2207.4 2278.7 3343.9
 311.6 380.4 395.4 891.5 1711 1863.5 2540 2690.9 2762.2 2922.6
 234.8 251.9 379.3 1104.3 1560.5 1798 2269.6 2420.5 2491.7 3418.4
 487.6 537.2 552.6 1201.3 1376.9 1542.4 1598.6 2058.7 3157 3429.5
 105.8 118 954.6 1079.1 1111.6 1692 1748.3 2332.7 2403.6 3215.9
 297.2 550 751.6 1027.5 1060.4 1266.8 1829.4 2378 2449.1 2611.1
 142.9 556.9 1003.2 1264.6 1553.7 2029.1 2086 2236.5 2639.9 2725
 129.6 387.4 633.6 1185.2 1638.5 2102.4 2159.3 2460.2 2855.8 3634.4
 326.7 392.9 682.7 1131.7 1200.3 2069.3 2126.1 2773.1 2842.4 3486.6
 165.2 182.3 282.1 1239.7 1516.6 2095.3 2327.2 3127.5 3929.7 4094.3
 369.7 426 440.7 889.4 1422.7 1832 1888.8 2039.5 2108.7 3438.5
 40.6 624.7 639.6 1194.7 1227.6 1845.1 1901.9 2809 2878.1 2646.1
 358 618.9 758.5 1265.9 1298.9 1731.1 1788 1938.5 2007.6 3024.8
 286 495.3 925.4 972.6 1472.7 1784.8 1841.6 2930.2 3302 3467.6
 85.5 575.7 610.9 821.3 1083.6 2003.1 2361.5 2911 2980.1 3145.7
 373.7 502.3 718 815.7 1336.1 1799.9 2118.3 2686.6 2755.8 2921.4
 262.7 345.6 487.9 1128.2 1563.7 1674.2 2787.5 2733.8 2801.4 2962.9
 124.9 140 654.5 1153 1311.3 1422.9 2441.9 2967.9 3034.3 3192.6
 367.7 388.9 404.8 1318.1 1351.8 1463.9 2600.7 2897.9 2967.1 3038.5
 386.8 408.1 424 1156.6 1228 2187.9 2244.6 2599.1 2668.3 2831.8
 214.2 535.2 609.1 1155.6 1259.1 1462.8 2636.9 3000.6 3866.2 4029.6
 156.1 173.9 603.2 1125.1 1201.8 1977 2033.5 2744.8 2814 2977.1
 117.9 420.7 436.8 1344.8 1460.4 1922.7 2187.7 2340.4 2409.7 2572.9
 214.7 643 999.9 1188.7 1775.6 2045.6 2102.2 2255 2324.1 3211.1
 40.1 710.9 727.1 808.5 1037.4 1457.1 1950.7 2734.1 3202.6 3365.8
 338.7 712.6 729 1181.4 1323.7 1896.7 1953.5 3006.2 3075.3 3238.5
 249 268.9 599 1394.2 1844.4 2053.7 2281.2 2433.5 2807.9 2971.1
 298 468.4 484.8 1327.5 1523.8 2232.3 2450.9 2519.5 2586.3 2744.9
 41.3 65 601.5 1273.1 1573.2 1776.8 1834 3370.3 3439.3 3601.9
 366.6 388.2 423.4 1189.9 1224.5 1337.9 1395.2 2494.5 3052.7 3215.3
 41.1 696.7 841.6 1157.9 1192.8 1774.2 1831.5 2586 2655 2816.9
 294.2 640 656.5 1006.2 1041.2 1563.5 1620.8 1771.5 1840.7 3840.4
 220 610.2 693.8 1260.6 1295.9 1842.9 1900.3 3154.1 3223.3 3384.8
 592.7 773 910.7 1060.3 1362.1 1744.2 1801.4 1952.4 2020.2 3714.4
 206.7 387.7 613.5 1341.8 1377.3 1806.3 1863.5 2014.7 2735.5 2805.4
 549.7 715.4 886.2 1515.8 1551.4 2142.1 2199.6 3020.4 3889.6 4483
 40.1 718.2 735.1 1022.7 1633.4 1749.3 1806.7 2358.1 2425.9 3313.1
 443.5 467.3 874.1 1035.8 1482.9 1599.5 1944.6 2993.3 3061.1 3222.6
 233.7 287.4 303.3 967.9 1003.8 1120.6 1178.2 2864.8 2932.7 3094.1
 247.4 284.9 390.4 1066.2 1102.2 1564.5 1622.4 3368.5 3436.3 3597.7
 235.5 257.6 639.2 1207.1 1652 2438.4 2496.3 2646.1 2714 3326.3
 102.6 428.5 1014.6 1489.7 1525.8 2116.6 2174.6 2537.8 2605.7 2669.8
 337.6 586.5 603.1 1417.1 1453.6 1991.3 2049.1 2199.2 2919 3081.3
 259.6 282.7 671.8 1347.2 1652.2 2200.7 2711.1 2860.7 2927.3 3088.1
 158.9 603.4 641.9 1361.2 1523.4 1698.2 2081.1 3029.1 3209.5 3371.5
 379.1 419 435.9 1325.2 1362.2 2348.7 2406.7 2409.6 2477.5 2639.4
# name: collectedA
# type: matrix
# rows: 100
# columns: 10
 22 22 24 30 31 46 47 48 48 49
 19 24 24 38 44 48 48 47 47 49
 21 21 25 43 43 43 45 47 47 47
 13 27 32 36 39 48 48 48 48 48
 12 24 26 34 42 46 47 48 48 49
 8 8 22 23 23 30 47 47 47 47
 4 11 12 34 35 41 42 42 42 44
 17 22 22 35 35 35 39 39 39 46
 10 15 15 41 44 46 46 48 48 48
 4 32 32 39 39 43 43 47 47 47
 5 6 6 27 39 39 39 39 48 48
 15 35 36 37 42 45 45 48 45 48
 8 10 10 30 38 38 48 48 49 49
 11 26 33 38 38 43 48 48 48 48
 4 5 5 35 36 42 42 42 49 49
 5 9 9 26 34 34 34 45 45 45
 14 18 18 29 33 48 49 49 49 49
 10 10 17 21 33 39 39 48 49 49
 3 3 6 25 34 42 42 42 42 48
 13 13 16 30 35 48 48 47 47 47
 7 8 8 30 33 41 41 47 47 47
 3 3 3 32 33 47 47 47 47 49
 3 3 3 34 34 34 43 43 43 49
 6 6 9 30 31 31 31 49 49 49
 3 6 6 23 23 40 40 48 48 48
 5 8 12 36 40 42 42 42 47 48
 12 16 20 25 29 34 44 44 44 44
 5 6 6 15 37 37 37 37 46 48
 10 10 12 34 39 45 45 45 45 45
 4 4 4 8 36 43 43 48 48 48
 8 8 15 32 34 42 47 47 47 47
 5 5 5 10 27 38 38 41 41 48
 3 3 7 30 30 45 45 49 49 48
 5 11 11 31 31 34 42 45 45 45
 5 5 13 35 36 38 45 45 48 49
 7 11 11 33 33 42 42 45 45 49
 10 10 13 20 30 45 47 49 49 49
 8 8 8 33 37 43 43 48 48 49
 7 20 20 20 24 46 47 48 48 48
 4 8 8 25 26 38 38 48 48 49
 2 4 7 26 44 45 45 45 46 49
 4 4 7 23 33 43 49 49 49 49
 3 7 8 13 35 37 44 45 45 45
 6 6 14 25 33 36 36 36 36 47
 11 11 18 19 31 40 43 45 45 49
 8 9 9 13 25 41 45 47 47 47
 5 8 8 20 38 38 48 48 48 48
 8 9 9 11 33 40 40 48 49 49
 4 4 10 15 15 46 46 46 46 49
 5 5 5 37 37 45 46 47 48 49
 12 16 16 28 28 43 45 49 49 49
 9 9 9 13 14 43 43 43 43 43
 6 10 19 21 38 40 40 46 46 46
 5 8 8 24 37 41 43 43 43 49
 9 12 17 25 25 43 45 45 47 47
 16 16 16 30 35 45 47 47 47 49
 5 7 7 15 34 40 46 46 46 48
 5 9 9 9 36 46 47 47 47 48
 7 13 13 13 13 23 48 48 48 48
 4 4 6 35 37 43 43 48 49 49
 11 13 14 14 26 26 34 41 41 46
 2 2 2 13 31 46 46 48 48 48
 9 10 13 14 23 45 45 47 47 47
 5 8 25 29 41 41 47 47 47 47
 5 14 14 14 19 29 45 45 47 47
 11 18 18 22 35 39 39 46 46 47
 15 26 26 39 42 45 45 46 46 46
 5 6 6 31 38 44 44 49 49 49
 4 4 5 5 14 47 47 45 47 47
 10 10 10 26 39 42 46 46 46 46
 9 9 9 28 35 46 46 47 47 47
 5 5 8 27 28 43 43 49 49 49
 14 14 14 22 26 40 42 44 44 47
 3 11 11 14 31 31 31 31 31 49
 4 8 8 22 22 44 48 48 48 48
 14 15 15 36 36 39 46 46 46 48
 2 12 12 21 32 35 41 42 49 49
 4 8 26 27 27 31 31 49 49 49
 9 9 12 35 36 37 37 47 47 47
 3 3 3 14 25 42 42 46 46 48
 4 17 17 18 18 32 44 44 44 48
 5 10 10 21 21 47 47 47 47 41
 5 10 10 11 25 39 39 39 40 43
 6 12 14 36 37 48 49 49 49 49
 5 7 7 24 27 27 48 48 48 48
 13 14 14 15 29 48 48 48 48 48
 6 9 9 24 25 46 46 46 46 49
 3 3 3 19 20 34 34 49 49 49
 2 3 3 28 32 38 46 47 47 47
 8 8 11 29 37 40 40 46 46 46
 7 7 7 29 35 38 38 46 46 46
 11 12 16 33 38 42 42 43 43 44
 7 9 9 20 32 33 40 41 41 41
 4 5 9 19 19 27 47 48 48 49
 3 3 3 20 27 40 44 44 44 44
 10 12 16 31 31 36 46 46 46 46
 2 3 3 29 33 39 39 39 39 49
 11 13 13 34 34 39 39 46 46 46
 9 9 9 14 14 41 41 48 48 48
 13 14 14 14 29 43 46 47 48 48
# name: collectedB
# type: matrix
# rows: 100
# columns: 10
 20 23 23 85 85 86 86 96 96 96
 35 47 59 71 71 91 91 91 91 91
 54 60 69 82 82 94 94 94 94 94
 39 67 68 92 92 94 96 98 98 99
 39 68 74 77 84 84 84 96 96 96
 7 26 26 86 87 87 87 92 96 96
 23 40 56 78 86 98 98 98 98 95
 31 74 78 93 95 95 95 95 95 95
 39 44 66 77 80 98 98 98 95 95
 30 33 66 83 83 86 87 87 87 87
 45 51 58 64 83 84 98 98 97 97
 20 26 26 85 93 93 93 99 99 99
 18 19 19 91 95 96 96 96 96 99
 3 69 79 83 83 89 99 99 99 99
 42 45 73 74 89 89 89 89 96 96
 11 50 71 73 73 91 96 96 96 99
 26 29 29 84 84 97 97 97 97 97
 23 46 46 87 90 92 92 92 92 94
 15 47 47 78 93 98 98 98 98 98
 16 18 28 91 93 93 95 98 98 98
 29 29 29 76 91 91 91 98 85 0
 24 24 50 59 73 78 90 97 97 97
 28 28 36 72 75 89 89 93 93 96
 25 34 39 61 92 92 92 95 99 99
 24 31 61 77 77 91 94 95 99 99
 18 18 25 77 77 87 87 93 93 98
 23 31 35 69 69 79 95 95 95 95
 18 58 67 70 85 94 94 99 99 99
 11 11 16 61 61 95 95 95 98 98
 29 29 39 68 69 90 90 98 98 98
 21 25 25 83 83 91 91 91 91 98
 31 34 39 74 89 90 90 98 98 98
 15 49 50 62 84 90 90 97 97 97
 34 50 52 86 94 94 95 95 95 96
 24 27 45 65 67 68 98 98 98 98
 18 18 28 50 52 82 82 99 99 99
 9 43 66 67 72 77 87 93 98 99
 46 46 50 77 86 92 92 92 92 99
 19 23 23 53 70 86 86 86 99 99
 3 36 48 78 84 91 91 91 96 99
 45 62 63 78 78 87 96 98 98 99
 39 49 62 66 66 68 89 99 96 96
 16 35 61 61 62 89 98 98 98 94
 17 31 34 81 83 89 90 96 96 96
 2 54 54 59 82 87 93 95 95 97
 19 25 27 48 83 88 97 97 98 98
 6 25 57 69 69 88 88 99 99 99
 24 24 41 59 61 65 82 99 99 99
 24 24 27 64 90 96 96 98 98 99
 19 45 45 58 58 59 92 93 93 97
 2 2 2 64 66 88 90 90 90 97
 47 48 48 80 82 83 83 95 95 97
 25 34 47 67 67 79 94 95 95 95
 12 30 46 63 63 96 96 96 96 96
 10 12 19 77 77 89 89 89 89 96
 25 28 28 55 84 85 98 98 98 98
 17 17 24 68 85 88 95 95 95 97
 45 47 47 80 85 86 86 90 99 99
 7 7 66 70 70 84 84 90 90 98
 24 41 52 64 64 66 76 83 83 83
 10 40 67 77 88 97 97 97 99 99
 10 29 44 71 87 96 96 97 99 99
 26 29 47 69 70 91 91 95 95 97
 13 13 18 69 79 87 89 94 98 98
 29 31 31 55 76 86 86 86 86 99
 2 47 47 73 73 85 85 95 95 96
 29 46 54 77 77 86 86 86 86 95
 22 35 62 62 83 89 89 98 99 99
 5 44 45 53 64 90 94 97 97 97
 33 40 52 54 76 88 91 94 94 94
 21 25 34 67 82 82 98 94 94 94
 9 9 44 69 73 73 90 97 97 97
 28 28 28 74 74 74 98 99 99 99
 31 31 31 69 70 94 94 95 95 95
 16 37 40 68 70 72 94 96 99 99
 14 14 42 66 67 84 84 94 94 94
 8 29 29 79 81 93 96 96 96 96
 16 47 69 75 92 95 95 95 95 97
 2 58 58 59 65 75 82 94 96 96
 27 53 53 74 77 88 88 98 98 98
 21 21 42 81 95 96 98 98 99 99
 26 36 36 79 84 94 96 96 96 96
 2 3 39 67 75 76 76 92 92 92
 33 33 34 74 74 74 74 95 99 99
 2 52 60 73 73 85 85 94 94 94
 24 46 46 63 63 73 73 73 73 99
 17 46 50 76 76 90 90 99 99 99
 47 58 65 69 78 85 85 85 85 99
 17 29 43 84 84 89 89 89 96 96
 46 56 66 93 93 87 87 93 98 99
 2 54 54 65 85 85 85 89 89 97
 40 40 64 69 84 84 88 97 97 97
 19 21 21 54 54 54 54 95 95 95
 22 23 28 64 64 70 70 98 98 98
 20 20 43 71 85 97 97 97 97 98
 7 29 66 85 85 97 97 98 98 98
 28 45 45 86 86 94 94 94 97 97
 20 20 44 73 81 87 96 96 96 96
 12 44 45 81 84 85 88 96 99 99
 32 33 33 77 77 96 96 83 83 83
# name: avgRateA
# type: matrix
# rows: 100
# columns: 10
 0.05593694380879735 0.04888888888888889 0.04308797127468582 0.02652754443363693 0.01812653490819787 0.006965580944593347 0.003991371842994718 0.000920734362381863 0.0004696696167789471 9.736535315506467e-05
 0.04840764331210191 0.04229074889867841 0.03737153534724385 0.02422542394491904 0.01839849466861802 0.007029465174857946 0.004036326942482341 0.0009088201966918945 0.0004617671534216455 9.746544104206072e-05
 0.04277856997351803 0.03657899320675841 0.03109452736318408 0.02283468748340502 0.01767220121650501 0.006541316782280637 0.003741177057439539 0.0008923587510015303 0.0004574739069537007 9.345822268310603e-05
 0.04258106780216181 0.03949678174370977 0.03477127023796588 0.02251125562781391 0.0163029847002759 0.006508651082063242 0.003858396836114595 0.0009125839624775894 0.0004675323157362611 9.546022967731261e-05
 0.05991013479780329 0.05302695536897923 0.04567814476458187 0.02641392169049099 0.01962800261706701 0.006792675723567632 0.003908621420908629 0.0009160672469698212 0.0004684457847198841 9.74574349680459e-05
 0.05232177894048397 0.03764705882352941 0.03859649122807018 0.02088061733999092 0.01393854917883765 0.004894682742980209 0.003925892514074742 0.0009017236351357574 0.0004599226351414164 9.358157804823075e-05
 0.04581901489117984 0.04185692541856925 0.03330557868442964 0.0237463332867719 0.016996891996892 0.006014111158376483 0.003476475846770188 0.0008041063028532371 0.0004105547768048281 8.745623213110166e-05
 0.06456513482719331 0.05209566658773384 0.04422110552763819 0.02582454069209769 0.01836788244555235 0.00579057955429082 0.00335642669650157 0.0007533204045523731 0.0003829551569330594 9.157596664405139e-05
 0.05627462014631401 0.04553734061930784 0.03706449221645663 0.02347417840375587 0.01788254419833367 0.006654803755624032 0.003840309896311633 0.0009126065182920569 0.0004675382358613515 9.548786040947979e-05
 0.044296788482835 0.0483968542044767 0.04343105320304018 0.02529346909656916 0.01863532110091743 0.00646188987737437 0.003668754159343378 0.0008882438096965985 0.0004563895508155779 9.341288135808815e-05
 0.04444444444444445 0.03022670025188917 0.0221483942414175 0.01859632206074798 0.01594048884165781 0.005921651989067719 0.003346978708066219 0.0007528390719617635 0.0004648914914203307 9.534963918107372e-05
 0.06085192697768763 0.05277442702050663 0.04708344232278315 0.0288049824834566 0.01992409867172676 0.006821282401091405 0.003858851777215624 0.0009149479623346423 0.0004422621808832663 9.551271323959423e-05
 0.05333333333333334 0.03927729772191673 0.03049710277523636 0.02169824967452626 0.01631741669529371 0.005877985397846801 0.003870561957214163 0.0009133514861941215 0.0004755347096666502 9.737409876793943e-05
 0.05910800644814616 0.04931714719271623 0.04348398998550534 0.02755620014503263 0.01975154633816726 0.006639286045147145 0.003899268887083672 0.0009149374983321452 0.0004681570315723152 9.548142130461041e-05
 0.04711425206124852 0.03272251308900524 0.02309468822170901 0.02706883217324053 0.01893441329616578 0.006484483557202408 0.003639893229798593 0.0008125095518236004 0.0004768415572282855 9.742803895451364e-05
 0.0536480686695279 0.04269449715370019 0.03281079110462996 0.02173004596740493 0.01683334983661749 0.005532503457814661 0.003034251343102433 0.0008619946556331351 0.0004400048498312337 8.956444808894347e-05
 0.06469500924214418 0.05405405405405406 0.04522613065326633 0.02575717204014566 0.01843678417788703 0.007154461850322696 0.004121214160155429 0.0009415454026643813 0.00047987793472289 9.755656638316197e-05
 0.06142506142506142 0.04651162790697674 0.04289679535705274 0.02180232558139535 0.01763197264372729 0.006258826550263192 0.003454017287799348 0.0009156059308374169 0.0004764594975394271 9.741453862287651e-05
 0.04491017964071856 0.02661934338952972 0.02677376171352075 0.02255706938554543 0.01778149678364102 0.006521739130434782 0.003652237430216178 0.000813077381735959 0.0004128867864431573 9.539041707870028e-05
 0.0689289501590668 0.05389718076285241 0.04444444444444445 0.02704652001442481 0.01903829416884247 0.007378258730939498 0.00415027452336691 0.0008968421615040997 0.0004587061947783619 9.350520784218231e-05
 0.07142857142857142 0.04869141813755325 0.03557136505113383 0.02665482007996446 0.01875532821824382 0.006641612129851617 0.003650024926999502 0.0009013414645839925 0.0004598303910710722 9.355643025288502e-05
 0.04658385093167702 0.02722323049001815 0.01797483523067705 0.02584605443825216 0.01809508142786643 0.007072135785007072 0.004015172225259705 0.0009062040270164486 0.0004610917081976219 9.744822863979576e-05
 0.04608294930875576 0.02697841726618705 0.01785714285714286 0.02764902008619988 0.01923838623889549 0.005776516760393483 0.003716668827520636 0.0008312712650788741 0.0004224159441389297 9.735674451762317e-05
 0.05376344086021505 0.03715170278637771 0.03228120516499283 0.02541726679657714 0.01765979263985416 0.00527785344592754 0.002835374498092982 0.000927217231859184 0.0004761280104165149 9.741393826461245e-05
 0.04580152671755725 0.03625377643504532 0.02649006622516556 0.02130616025937934 0.01421595895914457 0.00634296406710856 0.00351920606711126 0.0009150386603834011 0.0004681830595762943 9.549587726392374e-05
 0.05263157894736842 0.0407955124936257 0.03588516746411483 0.02942618930848455 0.02065475575751317 0.00673778775968557 0.003718953380262983 0.0008163265306122449 0.0004586045930713628 9.54245897239645e-05
 0.06655574043261231 0.05277044854881267 0.04485310607759588 0.02466456195737964 0.01698389458272328 0.00560676769842186 0.00368907781438908 0.0008448183832480195 0.0004307412175292097 8.759560612476441e-05
 0.05599104143337066 0.03826530612244897 0.02772643253234751 0.01796622349982034 0.01856218331410224 0.006055051877066082 0.003312799942697515 0.0007209145092812873 0.0004513476652570229 9.547581866039073e-05
 0.06565988181221273 0.0483558994197292 0.03922850604772802 0.02791690614993021 0.02016233262679006 0.007083825265643448 0.00394370147056246 0.0008726663447497484 0.0004427617312180473 8.967755538186895e-05
 0.05025125628140704 0.03117692907248636 0.02150537634408602 0.01135073779795687 0.01899435445575898 0.006814256057556693 0.003782381140871707 0.0009242891638649151 0.0004705868512151435 9.558643572718277e-05
 0.06525285481239805 0.04574042309891366 0.04059539918809202 0.02668000667000166 0.01889098788754306 0.00669002867155145 0.004015824055640524 0.0009066952693656605 0.0004612057291564449 9.36100020096275e-05
 0.05518763796909493 0.03571428571428571 0.02525252525252525 0.0137797988149373 0.01659394013889743 0.006140223310226704 0.003379129429549598 0.0007925431356099297 0.0004027493042751348 9.534929824902933e-05
 0.0462962962962963 0.02683363148479428 0.02939941201175977 0.02679767753461367 0.01813894431344096 0.006932782819023557 0.00389691364439364 0.0009359683069670425 0.000478420781817667 9.539873990189432e-05
 0.05707762557077626 0.04776378636561007 0.03765833618623759 0.02685377685377685 0.01835405565423327 0.005668083687588564 0.003669372100540795 0.0008637998748449959 0.0004404699912689059 8.958509558829238e-05
 0.05537098560354375 0.03566333808844508 0.03934624697336562 0.02932551319648094 0.02043596730245232 0.006313760675240089 0.003913179588855264 0.0008711880682082179 0.0004696448017658645 9.746369626493259e-05
 0.05857740585774059 0.04716981132075472 0.03722504230118443 0.0261468980270977 0.0183659839715049 0.006746987951807229 0.003722678201060077 0.0008684743800057898 0.0004416683679077875 9.743315340014861e-05
 0.06373486297004462 0.04734848484848485 0.03985285101164929 0.0213903743315508 0.01719986240110079 0.006986818202990359 0.004009999402766046 0.000939500032594899 0.0004793272983743957 9.753838981635513e-05
 0.06289308176100629 0.044543429844098 0.03326403326403327 0.02889414236931968 0.02045555064130915 0.006887714239948743 0.003805242385090529 0.0009232136297105532 0.0004703595114532541 9.748933138434253e-05
 0.07157464212678936 0.05808887598024978 0.0488997555012225 0.02331545814875263 0.016 0.007173489278752437 0.004057530604140408 0.0009245081327824805 0.0004706177642518746 9.559218462196578e-05
 0.05256241787122208 0.04235044997353097 0.03193612774451098 0.02480404802063697 0.01646403242147923 0.006099322654168406 0.00336652609943655 0.0009210506117311146 0.0004698066060681396 9.746957059681215e-05
 0.03992015968063872 0.03088803088803089 0.02881844380403458 0.02379427107165736 0.02152957870528942 0.007253384912959381 0.003996092709350857 0.0008752224523733116 0.0004518930388824489 9.749425828457459e-05
 0.05305039787798408 0.03238866396761134 0.02974925626859328 0.02288557213930348 0.01809111342579902 0.006722531423925959 0.004167056442354302 0.0009438850694718675 0.0004804599865078991 9.758030709916649e-05
 0.045662100456621 0.04004576659038901 0.03145890680298859 0.01600788080285679 0.01825293350717079 0.006048815576517518 0.003810744567523796 0.000868157711459103 0.0004415829866906888 8.962882909296024e-05
 0.05633802816901409 0.03816793893129771 0.04080443019527834 0.02435934911819156 0.01814882032667877 0.005916576274529139 0.003231220773159326 0.0007018186851426933 0.0003551427131127569 9.348612546554101e-05
 0.06614552014431749 0.04993191103041307 0.04502251125562781 0.02193235599676786 0.01764069879929437 0.00642952437593429 0.003713651555847274 0.0008653563248893787 0.0004408553377294774 9.743018928100895e-05
 0.06986899563318777 0.04915346805024577 0.0368701351904957 0.01648909183155758 0.01520496289989052 0.00637120835405271 0.003845332193975646 0.0009011289036137186 0.0004597521251308337 9.355278028910595e-05
 0.05681818181818182 0.04321988114532685 0.03249390739236394 0.02165908598657137 0.01980610862086939 0.006304856398599658 0.004135435513052468 0.00092737136586346 0.0004713678407326627 9.56189394026924e-05
 0.06578947368421052 0.0472193074501574 0.03575685339690107 0.01490514905149051 0.01810401579986834 0.006446829771459884 0.003552113951815574 0.0009220378573376926 0.0004785198307406999 9.750075712322623e-05
 0.05326231691078562 0.03249390739236394 0.03586800573888092 0.01786352268667381 0.01094091903719912 0.007180880126133721 0.004013261210957948 0.0008912414218013151 0.0004523769952529918 9.742521074166632e-05
 0.06493506493506493 0.03990422984836393 0.02735229759299781 0.02763668957275172 0.01977340743907653 0.007095889114906098 0.003996837285278606 0.0009073481687976478 0.0004697436178479088 9.745607813670343e-05
 0.06997084548104957 0.05540166204986149 0.04539007092198582 0.02615600186828585 0.0174705185000312 0.006724844390228645 0.003877371658998088 0.0009371945749822603 0.0004787245995077929 9.750929422772838e-05
 0.0694980694980695 0.04945054945054945 0.03705228489090161 0.01701793428459222 0.01051840721262209 0.006929225215933994 0.003818251240931653 0.0008363675971742445 0.0004237108597093343 8.571793655796237e-05
 0.05741626794258373 0.04649000464900047 0.04344843356963183 0.02267084098024398 0.01996742157532447 0.006503430559620199 0.003569293369145243 0.0008862361742340318 0.0004510843184459165 9.160839244398046e-05
 0.05827505827505828 0.04371584699453552 0.03278688524590164 0.0237741456166419 0.01897338598020614 0.006554756195043965 0.003743916136278547 0.0008327475051465732 0.0004227805985000138 9.726562507753956e-05
 0.06465517241379311 0.0495458298926507 0.0431910569105691 0.02438310738320492 0.01604930346022982 0.006755801348018037 0.003875468285751195 0.0008693569077167983 0.0004599802502096825 9.356235273882885e-05
 0.06932409012131716 0.05559416261292564 0.04555808656036447 0.02728264823572208 0.01962323390894819 0.007149325580286926 0.004066095683017562 0.0009089309231837336 0.0004617803104735704 9.74647237372351e-05
 0.05506607929515419 0.04018369690011481 0.02985074626865672 0.01790617166049898 0.0186720852325773 0.006488555809690658 0.003984753984753985 0.0008898483775742733 0.0004520209266035934 9.551866235665236e-05
 0.05411255411255411 0.04429133858267717 0.03400075557234605 0.01279681501492962 0.01933093486548891 0.007198748043818467 0.004065708774145552 0.0009089080726507627 0.0004617735050082776 9.548491616822213e-05
 0.06161971830985916 0.05140371688414393 0.04120443740095087 0.01715945089757128 0.01009395139374175 0.003974356758998462 0.004088655684083204 0.0009250265945145923 0.0004707742372721771 9.559523067427898e-05
 0.05242463958060289 0.03179650238473768 0.02692998204667863 0.0264031382015691 0.01926681941262237 0.006830818109610802 0.003787978893029238 0.0009217350894947163 0.0004783558616165304 9.749324958729515e-05
 0.07055805003207184 0.05376344086021505 0.04319654427645788 0.01827199164708953 0.01641310523325548 0.004566771468217027 0.00299517248669791 0.0007864756873509772 0.0004011725981503008 9.144763797709079e-05
 0.03992015968063872 0.02166847237269772 0.01364256480218281 0.01598819333415324 0.01714222517142225 0.006969696969696969 0.003946160643052613 0.0009208809761338347 0.0004696990305607717 9.554927496015794e-05
 0.07042253521126761 0.05027652086475616 0.04103535353535354 0.01778907242693774 0.01472754050073638 0.006958189015338941 0.003904860249390408 0.0009053713563618711 0.0004608679025117301 9.359808980238854e-05
 0.05827505827505828 0.0436442989634479 0.04857198367981348 0.02733785822021116 0.02060301507537688 0.006721642047969573 0.004061949044145608 0.0009087147679683844 0.0004617326764285469 9.363368629248653e-05
 0.05807200929152149 0.05124450951683748 0.041592394533571 0.01790052422963815 0.01295248483195855 0.004818396304788489 0.003706418693528593 0.0008605539290023885 0.0004571913277614356 9.344545727832749e-05
 0.06614552014431749 0.05426590292432922 0.04546602677443799 0.02332485156912638 0.01972164309460754 0.006420810009878169 0.003503759803789451 0.0008856185178981578 0.000450943255653456 9.350939361545714e-05
 0.06887052341597796 0.05802276277616603 0.050682261208577 0.03045447446509449 0.02191380569758948 0.007222650231124807 0.00398674628346652 0.0008902840973970802 0.0004521413315169047 9.165101127925087e-05
 0.05889281507656065 0.03929273084479372 0.02826189354686764 0.02761200676939521 0.02031542368350708 0.006976596689287753 0.003871944244002886 0.0009413391990932406 0.0004798144978398556 9.755380839118042e-05
 0.05141388174807198 0.03132341425215349 0.02418964683115627 0.007802746566791511 0.01005674879678184 0.007031507136231711 0.004002997989983987 0.0008605457007136792 0.0004571962198627438 9.344744525620009e-05
 0.06779661016949153 0.04916420845624386 0.03762227238525206 0.02436738519212746 0.02044346595376631 0.00677659814772984 0.003977312028774988 0.0008894320009899764 0.0004519210081375255 9.164222873900293e-05
 0.06498194945848375 0.04639175257731959 0.03514252245216712 0.02677632208090274 0.01920228232841389 0.007054673721340388 0.003973258244510857 0.0009059507471202332 0.0004610170821542249 9.360444633069574e-05
 0.05649717514124294 0.03576537911301859 0.03158310303987367 0.02454768615328666 0.01676646706586826 0.006796807081324587 0.003777397109851979 0.0009439450739552068 0.0004804906103309403 9.758168682491893e-05
 0.07272727272727272 0.05584363781412047 0.04450095359186268 0.02349172450613988 0.01622363659054037 0.006296832693155343 0.00361305862617747 0.0008445492026687754 0.0004306627998367396 9.348599530063804e-05
 0.04651162790697674 0.04627681952040387 0.03649635036496351 0.01711282239335045 0.01805264383880736 0.005318053935359912 0.002847772766105992 0.0006073858114674441 0.0003066040535033964 9.740113883796863e-05
 0.05571030640668524 0.04298764105319721 0.03224506247480854 0.02261280707164148 0.01460435475305364 0.006976486070811334 0.004106776180698152 0.000925915209314707 0.0004710047512604283 9.560716926293245e-05
 0.07341373885684321 0.05641218503196691 0.04542701393095094 0.02913092733452015 0.02033898305084746 0.006488536918111337 0.003937344860053068 0.0008874192882511474 0.0004514012574468941 9.548134533215572e-05
 0.03944773175542406 0.05029337803855826 0.03969566655640092 0.0211864406779661 0.01752464403066813 0.005726627180208776 0.003530769363255886 0.0008073786721312106 0.0004762983260543933 9.740778017807335e-05
 0.05340453938584779 0.04301075268817205 0.04866180048661801 0.02680965147453083 0.01751881650661822 0.005283790693710585 0.00283791824964526 0.0009416521575364843 0.0004798972040601262 9.755740158050954e-05
 0.06901840490797545 0.04851752021563342 0.03953871499176276 0.02755037783375315 0.01952171791117618 0.006159173006175819 0.003344179320318149 0.0009036150369232484 0.000460412372749857 9.357971478495781e-05
 0.0487012987012987 0.02737226277372263 0.01803968731208659 0.01683704149128082 0.0155918672820257 0.006417014254938809 0.003620065505947251 0.0008896022897589371 0.0004519627464793576 9.551586827008624e-05
 0.05256241787122208 0.05156202608431908 0.0430379746835443 0.02070869765301427 0.01282873636946761 0.005358069755370627 0.003743788714178749 0.0008477253986236022 0.0004314884586643863 9.549127975622667e-05
 0.05841121495327103 0.04668534080298786 0.03606202668589974 0.0221752903907075 0.01417482281471482 0.007238676092347025 0.00406922883784556 0.0009090750837993149 0.0004618261391629549 8.165881314690958e-05
 0.05966587112171838 0.04730368968779565 0.03641660597232338 0.01469998663637579 0.01568578240682645 0.006107778804441451 0.003408316291751875 0.0007559106397329891 0.0003922383868019627 8.552970635662745e-05
 0.05797101449275362 0.04817342432757929 0.03981797497155859 0.02771575948879821 0.0198019801980198 0.007211430116735025 0.004135404974301412 0.0009423131287295889 0.0004800683460567774 9.756478301592257e-05
 0.05662514156285391 0.04062681369704004 0.02994011976047904 0.02275097165608114 0.01591699581441962 0.004646520272595856 0.004128641590903226 0.0009270561332488682 0.0004712998055888302 9.561608230632365e-05
 0.07352941176470587 0.05544554455445545 0.04417797412432944 0.0189729319504174 0.01695212486116794 0.007308828455705455 0.004129174337181494 0.0009270829913105283 0.0004713072098220423 9.56163870551348e-05
 0.06097560975609756 0.04568527918781726 0.0346553715825953 0.02231935273877058 0.01515518913676043 0.006831412617322086 0.003901346812769278 0.0008856082877533851 0.0004509326463472495 9.748081716776448e-05
 0.048 0.02702702702702703 0.01785714285714286 0.02059397355300238 0.01330583460847582 0.005564648117839607 0.003043949255575351 0.0009368290439946391 0.0004786446346866929 9.750549115107819e-05
 0.03992015968063872 0.02613240418118467 0.01741149158444573 0.02369868810833686 0.01716830302054831 0.006108539094650206 0.003841689006923392 0.0008983592519534536 0.0004590534123295886 9.352424218003019e-05
 0.062402496099844 0.04333694474539545 0.03639973527465255 0.02522397147081847 0.01919385796545105 0.00644766111093201 0.003552019322985117 0.0008841868940436559 0.0004505695787174439 9.158690641729543e-05
 0.06363636363636363 0.04257907542579075 0.03101462117855561 0.0256978289765175 0.0190818885617708 0.006190941674812643 0.003394220892322808 0.0008861815400679278 0.0004510869725101715 9.161222377918746e-05
 0.06777572396796057 0.05016722408026756 0.04226096143687268 0.02654226654870104 0.01954028899058981 0.006636224304381488 0.00368861097449589 0.0008311989561687527 0.0004223951968754544 8.758531855078943e-05
 0.0631768953068592 0.04556962025316456 0.03460207612456747 0.0215959399632869 0.01810261922271879 0.005559392846914537 0.003457575548025725 0.000790477255462969 0.0004022159153894676 8.165743074653215e-05
 0.05167958656330749 0.03394433129667345 0.03259688518652662 0.02018485073834059 0.01286217167614406 0.004586220953933959 0.00397358831934123 0.0009203759735852096 0.0004695795599843865 9.74467364093622e-05
 0.046801872074883 0.02640845070422536 0.01756440281030445 0.0209885612341274 0.0157996371935163 0.006379483580804133 0.003763321302109171 0.0008487359621000813 0.0004317607103641215 8.763709479047266e-05
 0.06830601092896174 0.05029337803855826 0.04253056884635832 0.02631578947368421 0.01808107319918344 0.005960166222413536 0.003955832272711637 0.0008884064884574753 0.000451668522435161 9.163220664895243e-05
 0.03992015968063872 0.02512562814070352 0.01693002257336343 0.02444987775061125 0.01789684906990618 0.00608016463215004 0.003399581589958159 0.0007554962351104284 0.0003835249482978868 9.73594526888694e-05
 0.06662628709872805 0.0507416081186573 0.04051106263633531 0.02615585814293407 0.0185114607720368 0.00631763105034666 0.003472562305781371 0.0008842038897282419 0.000450579729593391 9.159226786039268e-05
 0.06923076923076923 0.048 0.03598560575769692 0.01771927604100747 0.01056444310292786 0.006620164050894529 0.003644152912211468 0.0009228018571387375 0.0004703387712987523 9.557693824057193e-05
 0.06889242183359831 0.05255255255255255 0.04221954161640531 0.017870819504723 0.01676979124501243 0.006566790366671247 0.003861781792538366 0.000899091343854615 0.0004677674143474011 9.547036858324757e-05
# name: avgRateB
# type: matrix
# rows: 100
# columns: 10
 0.0678195998643608 0.0558659217877095 0.04734458624948538 0.04217525057060633 0.03332679866692805 0.01275226500986076 0.007284678457681101 0.001819360267445959 0.0009335588137190358 0.0001908583616241092
 0.07249378624689312 0.06485442251966331 0.05798525798525798 0.03984734538107532 0.03046425813095341 0.01259881764942059 0.007406201676568731 0.001739688997136204 0.000888888020622202 0.0001810823110639899
 0.07367990176013099 0.06699419383653417 0.0604044471679944 0.04067662086413016 0.03191158156911582 0.01252932394966944 0.007479134011759745 0.00178279827258227 0.0009144422534580997 0.0001868952992651038
 0.07341867469879518 0.06501698204754973 0.06013441811107181 0.037618580307491 0.0306932674984987 0.01273005511843014 0.007522980354050263 0.001832525837679349 0.0009464301235187886 0.0001963531858304401
 0.06937033084311632 0.06285819929746719 0.05736434108527132 0.04038602748347844 0.03028991778450887 0.01213890374138355 0.007007591557520647 0.001803629804982527 0.0009293779266933799 0.0001906822332226449
 0.05728314238952537 0.05416666666666667 0.04693140794223827 0.03871432429999099 0.03089269228037782 0.01251132490616506 0.007238358307056152 0.001738335203933172 0.000927396450390086 0.0001905987560651602
 0.07744107744107744 0.06487187804086927 0.05711954304365565 0.03964824886900829 0.03040050903177914 0.01330419082010833 0.007883073111481132 0.001863716669424207 0.0009546827676837936 0.0001886799947566822
 0.07311320754716981 0.06805223468824718 0.06308127780024263 0.04335260115606937 0.03393948054731878 0.01369803757587992 0.007916204888048197 0.001821556491260364 0.0009293507555621643 0.0001890990188149543
 0.07078039927404718 0.06094182825484765 0.05417384880571288 0.03845193508114857 0.02918004085205719 0.01241150470497347 0.00756108663616514 0.001845080976462038 0.0009193978428023246 0.0001886833674618512
 0.07532011046949535 0.06157865273371898 0.05275779376498801 0.0363079615048119 0.02930687475724727 0.01177179150240911 0.006903720867488236 0.001649129657606563 0.0008476640522239003 0.0001730331943300006
 0.07518796992481203 0.06539299910244903 0.05723872495805783 0.03832105861924436 0.02929549625864747 0.01180322340410584 0.007386081005712907 0.001834467396085846 0.0009433228303574901 0.0001928473130404944
 0.07007708479327261 0.05543710021321962 0.04769767015226564 0.03905891002665197 0.03109743864107537 0.01305025048061406 0.007628766190620718 0.001865235773338056 0.0009598278127075385 0.0001966963360240995
 0.06442376521116679 0.05179934569247546 0.04304485727231536 0.04224894377640559 0.03326912974960602 0.01353962455749404 0.007898439235496903 0.001835307882456177 0.0009377326016414227 0.000196748013689687
 0.0379746835443038 0.06936067551266586 0.06142601663945262 0.0437049128534569 0.03394960732984293 0.01290865314884112 0.007572280862781092 0.001859954797462195 0.0009584256261714092 0.0001966326948927935
 0.07846067625630489 0.0694980694980695 0.05968928863450532 0.04275232537986019 0.03180161509326092 0.01284345416762872 0.007421861970045698 0.001706788992936962 0.0009300649301579365 0.000190705794198253
 0.06571087216248506 0.06671114076050701 0.06187903085236186 0.04380175207008281 0.03306009691590055 0.01261313706737633 0.007556675062972292 0.001816224561031767 0.0009327288732052255 0.0001964175424276772
 0.07413743940690048 0.06387665198237885 0.05572636433512683 0.041635687732342 0.03283045415461581 0.01306115853822745 0.007768452075858534 0.001842736672929439 0.0009444424430486601 0.0001928925268463643
 0.06913134956417193 0.06419201786212671 0.05877843087145412 0.04004602991944764 0.03184826073109451 0.01297950085354326 0.007573263088574251 0.001762867495597622 0.0008997132652941476 0.0001869565208743917
 0.07371007371007371 0.06555090655509066 0.06003320986077405 0.04161775690961477 0.03205349141793617 0.01330274606686666 0.007886244940330096 0.001863851363559423 0.0009547339215013874 0.0001949045971829126
 0.06831767719897523 0.05593536357986327 0.050423194669548 0.0390474147178717 0.03172653771364241 0.01318961849383066 0.007676953784738216 0.001851606930300225 0.0009515098908482226 0.0001947701434064741
 0.07766470273165507 0.06736353077816493 0.05837359098228663 0.04112554112554113 0.03223064390451229 0.0131091807482317 0.00758257507582575 0.00185992841173501 0.0008326468078770346 0
 0.07660389403127991 0.06482982171799027 0.06037189084762135 0.03911429329090427 0.03047762191048764 0.01160420726899445 0.007320763311587955 0.001833741986831086 0.0009430788705609666 0.0001928379201257383
 0.08165645960921553 0.06991260923845194 0.05905511811023622 0.03891891891891892 0.03019202125518296 0.01225237131568441 0.007222970669869662 0.001756612797207552 0.0009028240920065119 0.0001908958963148939
 0.07523322299127294 0.0636465743167353 0.05621216488901701 0.03896518684126477 0.03223432956098245 0.01319772195842718 0.007648183556405353 0.001803744954260825 0.0009569729495646257 0.0001966214086553538
 0.07166318303971335 0.06144697720515362 0.06031840205675863 0.04104477611940299 0.03190651804582936 0.01279887482419128 0.007577345349605817 0.001800514378528771 0.0009566030734980365 0.0001965651920372433
 0.07484407484407485 0.06054490413723512 0.0517170045510964 0.03896366764497521 0.03063213589529379 0.01231317934782609 0.007175908742236409 0.001762645560407569 0.0009044150039531688 0.0001944380017566878
 0.07575757575757575 0.06462372316030852 0.05655194700274681 0.03992824489323535 0.03045416427594121 0.01143386450146903 0.007354591974978904 0.001790007612242898 0.0009220230544585637 0.0001887945092992226
 0.07006617360840794 0.06562570717356868 0.06027347966894567 0.04226542688081149 0.03234275712491914 0.01334980756394416 0.007769172913687795 0.001878208606369214 0.0009632814620861174 0.0001968465187693155
 0.06470588235294118 0.04906333630686887 0.04326663061114116 0.03807027398115209 0.02851666588752279 0.01228453570920564 0.007427097177703072 0.001794297910115118 0.0009451923466425417 0.0001945047640766373
 0.07599580712788259 0.06601411336216709 0.05785491766800178 0.04105536436635875 0.03094586715701664 0.01243111092694651 0.007318441659822568 0.001835484408683714 0.0009472561951038454 0.0001945858280361644
 0.07695126419934042 0.06466632177961718 0.05544466622310934 0.04375098835064045 0.0341044500143814 0.01302605210420842 0.007555817564369753 0.001746295837866986 0.0008906070318807957 0.0001944391590942865
 0.08376114563631451 0.07169970476592155 0.06334253694981322 0.04111567951994666 0.03265935195038714 0.01307113602695559 0.007535542642798533 0.001855944609522511 0.0009526392481537753 0.0001948558841903877
 0.06868131868131867 0.06712328767123288 0.06148548942449582 0.04062110987355042 0.03198172472872644 0.01278318301257013 0.007438938711410505 0.001835251202373339 0.00094245944995346 0.0001928103600783168
 0.07823285780027611 0.0709622480840193 0.06455617628801986 0.04545694804165125 0.03539289882902218 0.01388970979372303 0.007961449821914938 0.00182675796610691 0.0009307155733207931 0.0001910115534133963
 0.07266121707538602 0.06238447319778188 0.05876207887176809 0.03994591937069813 0.03014080705384857 0.0106366338182387 0.007627824435502074 0.001848937992657075 0.0009507935245139796 0.0001947394515302447
 0.07856831078131821 0.06306937631394534 0.05659995957145745 0.03915120194189962 0.02759206197601613 0.01217068645640074 0.006952275174442758 0.001850986257829298 0.0009560284838547069 0.0001965385784384474
 0.06502890173410404 0.06784474597664879 0.06227002547410133 0.04370515329419439 0.03251298261458568 0.01176956116350519 0.007134831921402035 0.00175407161516046 0.0009433317514879133 0.0001962405854074708
 0.07776838546069316 0.07075834487002 0.0637267397399949 0.04393472555061052 0.03333720975307206 0.01319128801456777 0.007646276595744681 0.001762921544242624 0.0008997167848033924 0.0001967891563211559
 0.07448059584476675 0.06104033970276009 0.05207154177043242 0.03741616660783621 0.03014512725550149 0.01230258640421149 0.007138351206879378 0.001647478017662497 0.0009534504311714728 0.0001964297796276128
 0.04518072289156626 0.06040268456375839 0.05702066999287242 0.04236597686165879 0.03293730149394189 0.01278161694477218 0.007473166405242714 0.001738950973048171 0.0009332529698831489 0.0001963939297215233
 0.07957559681697612 0.07019132797464056 0.06501547987616099 0.04394366197183099 0.03377646905988828 0.01271279316139402 0.007752751823108046 0.001851110288395428 0.000951315922310494 0.0001965643724493787
 0.08454368090179926 0.07446808510638298 0.06648793565683646 0.045097369320123 0.03303633997397137 0.01099078713431388 0.00719040847983454 0.001840022154610185 0.000930252389101318 0.0001907155308993926
 0.07511737089201878 0.06919731119019375 0.06256410256410257 0.04280101038450743 0.03100620124024805 0.01298587603595191 0.007759548996009375 0.001856679499227015 0.0009527883643151591 0.0001869226525994776
 0.07585899152164213 0.06522196507468966 0.05702784300570278 0.04396439426834563 0.03404569506542516 0.01296261233050292 0.007470491558344539 0.001808216081821778 0.0009305544650620418 0.0001907637365290498
 0.03846153846153846 0.07025761124121779 0.06477150053976249 0.04215791354055019 0.03208514301365575 0.01264240874215299 0.007570577317573508 0.00180198977607906 0.000924197334614887 0.0001926622688027947
 0.07704785077047852 0.06498570314530804 0.0553959786622897 0.03627843700400574 0.03183980359060917 0.01269621421975993 0.007695114792073239 0.00183854190359217 0.0009501224494544552 0.0001947113612688505
 0.05747126436781609 0.06075334143377886 0.05938118554016043 0.04201424831029654 0.03172997332842822 0.01303587829229994 0.007452953232718465 0.001870147533861005 0.0009610773385729846 0.0001967522366655146
 0.07502344482650829 0.06369426751592357 0.05837960985333903 0.04135997195934105 0.03006703470031546 0.01031778786628147 0.006843998564429569 0.001840299206626564 0.0009531364929968537 0.0001964173865496151
 0.0823327615780446 0.06890611541774332 0.05791505791505792 0.04141322634916526 0.03240790752943718 0.0134035156304539 0.007856873946278623 0.001859903702536871 0.000953653417047236 0.000196719865149526
 0.07310504040015391 0.06716417910447761 0.06122448979591837 0.04112891788398809 0.02986611740473738 0.009674668765577857 0.007530058849046875 0.001770905732593234 0.000906544962193176 0.0001926154799302613
 0.03992015968063872 0.02014098690835851 0.0129366106080207 0.04147764095917045 0.03070481507327285 0.01260329690789568 0.00737807727306264 0.001719217412233951 0.0008787260425108133 0.0001925390903976984
 0.08056222146040452 0.0729594163246694 0.06636250518457072 0.04646300383319782 0.03543034911856204 0.01282011677118408 0.007198300160444039 0.001806265650341194 0.0009253288813650452 0.0001927283781608944
 0.07739938080495357 0.06716712761754247 0.05937342091965639 0.04138101414366006 0.03114106437369277 0.0118911433560118 0.007561558324551737 0.001801425970873786 0.0009240579958252033 0.0001888787402464012
 0.06775832862789384 0.06457167455876021 0.05993485342019544 0.0401095053161011 0.0299543552681628 0.01332796512515792 0.007830917440921438 0.001831711505437894 0.0009367553526786324 0.0001909907285938188
 0.06688963210702341 0.05123825789923143 0.04520580537711159 0.04272792852782865 0.03298209543390731 0.0127137408396783 0.007381910172935761 0.001704739174906239 0.0008701714042122162 0.0001907244728703377
 0.07773631840796019 0.06505576208178439 0.05651998385143319 0.03952569169960474 0.03098487642936186 0.01238435200699352 0.007814992025518341 0.001859903702536871 0.0009536580571455263 0.0001948609984916168
 0.06944444444444445 0.05631003643590593 0.05007302315877321 0.042386087390139 0.03319664128099981 0.01294498381877023 0.00774271369889809 0.001812268101219942 0.0009269043249355802 0.0001926826671412884
 0.09043408360128617 0.08004087193460489 0.07201961385228317 0.04702286486804209 0.03576086499221675 0.01314502323306432 0.007414687979583743 0.001728817661601231 0.0009597022014986864 0.0001966511696275248
 0.06044905008635579 0.04166666666666666 0.06258296984638727 0.04432904819200811 0.03315021784428869 0.01255230125523013 0.007149970634049182 0.001719766035385142 0.0008788753520384048 0.0001947474235213951
 0.078125 0.06833333333333333 0.06106153123532174 0.04189852700490999 0.031061929722384 0.01053169081508904 0.006424670735624799 0.001584634770323418 0.0008101584103715893 0.0001651376183295594
 0.06540222367560497 0.06590871642774757 0.0607324147933285 0.04363595149042276 0.03445980342248502 0.01379977522015621 0.008025814992553367 0.001856939113455151 0.0009645371829084012 0.0001969267492167686
 0.07163323782234958 0.06630086877000457 0.05997818974918211 0.04213149774507477 0.03297328027288232 0.01351655778328452 0.00789519133502751 0.001849020781468618 0.0009625125661362801 0.0001965711635265581
 0.07722007722007722 0.06547753443215173 0.06004854989140156 0.042287185144328 0.03181384356678634 0.01287256163976631 0.007504473820931709 0.001800159550983361 0.0009237435143481678 0.0001926565672254237
 0.07420091324200914 0.05596211795092552 0.04710808688824915 0.03966201069149854 0.0313915600413256 0.01226163798570885 0.007219806606528652 0.001769328502188132 0.000942945086919331 0.0001944080700773645
 0.07637608638398737 0.06512605042016807 0.05733308673941187 0.03958543256081762 0.0313699591365006 0.01258782201405152 0.007233698943543504 0.001652590820434478 0.0008422396916227511 0.0001966476540828721
 0.03952569169960474 0.06966058989180376 0.06354786371011358 0.04307547058476426 0.03277069491829772 0.01241764181677404 0.007141716868735245 0.001798935787460471 0.0009234229636822607 0.0001909892467085689
 0.07880434782608696 0.06876962176708028 0.06290040768782761 0.04360382807633501 0.03349427987298273 0.01277651498269228 0.007295554801493044 0.001655804461045275 0.0008430744375909245 0.0001888574877421551
 0.07432432432432433 0.06418485237483955 0.06046420908913594 0.04210240391144914 0.0335665466898532 0.01311755689187596 0.007515876232941495 0.001851494987738569 0.0009583551141313818 0.0001966362880153559
 0.05235602094240838 0.07032124021096371 0.06330004220002813 0.04011201089835768 0.03071606834325206 0.01285145150004998 0.007604255147029082 0.001833267184517397 0.0009419295572639762 0.0001927870992438174
 0.08600469116497264 0.07242440702516749 0.06356968215158924 0.04104279090978186 0.03253285390180215 0.01294136678480566 0.007509304110312503 0.001784134865411699 0.0009147902113554661 0.0001869079343213472
 0.07700770077007701 0.06319514661274014 0.05783296478993026 0.04114973590468001 0.0319850216483988 0.0122861166881424 0.007663734115347019 0.001782537954784218 0.0009143844344532274 0.0001868925123503145
 0.06671608598962193 0.04736842105263158 0.0583167660702452 0.04174228675136116 0.03158395708043092 0.01136558252502764 0.007233621874472549 0.001831297823776287 0.0009414340661313757 0.0001927691305476273
 0.07413290971670639 0.06379585326953749 0.0554675118858954 0.04070183158242121 0.03146526065141594 0.01144819690898683 0.007777345703016499 0.00187152987169623 0.0009614721595538768 0.0001968040219585579
 0.078125 0.06767081423270029 0.05916030534351145 0.04165157551611735 0.03141831238779174 0.01307753307642009 0.007676853470101106 0.001806114553290836 0.0009253099544844903 0.0001889299761868681
 0.07136485280999108 0.06322624743677374 0.05640953321111267 0.04107272287992269 0.03098579080164668 0.01114068205731262 0.00743853318456267 0.001811300249431139 0.0009531493402088456 0.0001964170358248801
 0.08428657435279951 0.06252791424743188 0.05972696245733788 0.04061288536090087 0.0304296484694341 0.01203955854951985 0.006980512735280674 0.001782166204061822 0.0009142723753574416 0.0001868872360192939
 0.06254886630179828 0.06161036753770979 0.05402384500745157 0.04282307025151778 0.03292147618273451 0.01343406474352493 0.007876793816716854 0.001834147236169383 0.000937411202259161 0.0001910170643900616
 0.07120605251446373 0.06782106782106782 0.06273297572506591 0.04441286196482501 0.03314598645337945 0.013483592596798 0.007849812430797706 0.001818007846139126 0.0009284225319352919 0.0001927620436035692
 0.03992015968063872 0.07622552240767512 0.07012453149558699 0.04508979747802828 0.0319034063021498 0.01161512133930092 0.006861522755989189 0.001782527814070971 0.000930209122638383 0.0001907161749963943
 0.07743045597935189 0.06949908208759507 0.06393244873341375 0.04401094326156774 0.03313680767741103 0.01275972566589818 0.007361860542937215 0.001848840324339417 0.0009507612395986235 0.0001947386775852801
 0.08108108108108109 0.06585136406396989 0.06008583690987124 0.04276211593284764 0.03339895935873998 0.01360987850348044 0.007979676253134872 0.001869034109872505 0.0009629610175871699 0.0001968303944302168
 0.08441558441558442 0.06944444444444445 0.06155950752393981 0.04322845417236662 0.03328314446469609 0.01299724845484839 0.00771028600342144 0.001827892497072516 0.0009357974700325482 0.0001909517132844112
 0.03898635477582846 0.02608695652173913 0.05559515324305061 0.03778692685127743 0.02914658790610913 0.01121473261716444 0.006422173398681764 0.001723805187529394 0.0008894105045181087 0.0001826839811366875
 0.08762612851832183 0.07530807850296668 0.06495987772258312 0.04378957334753535 0.03326590244998876 0.01167579166600925 0.006493962370120752 0.001809713398546514 0.0009606735194711056 0.0001967348767018809
 0.03913894324853229 0.06963974822552564 0.0637213254035684 0.04403160624886905 0.0332907697920467 0.01254760709751705 0.007184211638422854 0.00178754801658236 0.0009156884710924942 0.000186946779235145
 0.07889546351084813 0.06666666666666667 0.06080634500991408 0.04182711459301553 0.0308641975308642 0.01112211472537518 0.006281839460278122 0.001410042204687907 0.0007168057564411871 0.0001964907935131839
 0.07391304347826087 0.06967585580127234 0.06298815822625346 0.04316710212427582 0.03310248704211856 0.01315231846147101 0.007562834550389487 0.001862509194963324 0.000959085787801785 0.0001966686320286191
 0.07798241247718599 0.07047387606318348 0.06431186306520233 0.04422226494904826 0.03302146395156852 0.01260342219981614 0.007202535292422933 0.001636113057337101 0.000833168333330066 0.0001965399440635408
 0.07844946931241348 0.06625542609092987 0.06026629292221444 0.04560755782386795 0.03533420266689101 0.0130761206529245 0.007502001938719602 0.001711054759519905 0.0009344384365676909 0.0001909287370422036
 0.08218688583169555 0.07316435850535667 0.06692354491989454 0.04613552931838476 0.03645057615426824 0.01218129121686899 0.007131381356765796 0.001754041840499129 0.0009433090511466017 0.0001962405076087797
 0.03992015968063872 0.07029419422025514 0.06466291462100347 0.04268733171340382 0.03227766385661122 0.01259389862652423 0.007199302091185513 0.001699832499651439 0.0008689208491211696 0.0001927229789965729
 0.08820286659316427 0.07732456988208004 0.06570167333949287 0.04492772496418804 0.03383140682266704 0.01272823698765058 0.007367345913634613 0.001830420071971362 0.0009411892556939524 0.0001927576384685425
 0.07796471070988921 0.06224066390041494 0.0520704190428961 0.03678724708767627 0.0269487972851582 0.008822664444662287 0.004830831439766688 0.001797036969779513 0.0009229331398088265 0.0001888314730782969
 0.08547008547008547 0.06867721707972529 0.05709624796084829 0.04086323585748947 0.0304442964513367 0.0106634168634321 0.006022852422907489 0.001836289196810853 0.0009474430156531121 0.0001945997767662561
 0.0814663951120163 0.06501950585175552 0.05817099567099566 0.04159100228457618 0.03205128205128205 0.01304043880404388 0.007762297640101471 0.001842491656551957 0.0009443698035321378 0.0001947047074631308
 0.06216696269982238 0.06060606060606061 0.05921406782702315 0.04272000804141328 0.03365270409375247 0.01363010426327179 0.007967407553430913 0.001865323633650438 0.0009551126301950087 0.0001949589969399395
 0.08055235903337168 0.07069913589945012 0.06400227563646707 0.04485942308695426 0.03505053798500163 0.01344528199333457 0.007801412553634711 0.001800793881898573 0.0009424887532914234 0.0001928117781360587
 0.07418397626112759 0.06011421701232342 0.05700958797615963 0.0395192724122997 0.03054068320639469 0.01208215867901732 0.007552454154243142 0.001816093997998513 0.0009326971561480773 0.000190821448569346
 0.07104795737122557 0.06734006734006734 0.0606550748079256 0.04352030947775629 0.03328842038519458 0.01268997641157326 0.007284104924220477 0.001810326782841874 0.0009592140258406445 0.0001966738283752656
 0.08224106913389874 0.07036247334754797 0.06157865273371898 0.04218715757177296 0.03259673186013039 0.01306353504701512 0.007737754600336914 0.001583679325925022 0.0008099338879266181 0.0001651283206211053
