# Created by Octave 3.0.1, Thu Sep 10 07:18:00 2009 PDT <jwawerla@marvin2>
# name: prtA
# type: matrix
# rows: 100
# columns: 10
 299.9 360.9 390 902.8 952.1 1785.3 1849.1 2525.1 2593.5 2644.1
 274.6 548.3 895.2 1411.6 1461.3 1601.4 1667.3 1825.1 3255.3 3415.6
 313.5 437.6 725.4 1371.8 1417 1772.4 2116.3 2272.9 2332 2492.2
 689.7 827.4 908.6 1170.6 1290.5 1997.2 2062.3 2507.8 2566.9 2727.2
 476.6 620.3 644.3 1130.9 1303.1 1443.4 2041.9 2199.4 2258.7 3159.9
 224.2 568.7 627.6 842.8 1203.5 1675.6 1741.7 1899.8 3397.4 3397.5
 55.4 65.7 75.5 276.2 905.9 1117.1 1805.2 2314.4 2373 2346.4
 70.90000000000001 82.2 152.7 344.7 742.9 1223.9 1588.3 2002.7 2070 2908.9
 68.3 92.90000000000001 129.7 526.7 812.5 1528.3 1741.6 2103.3 2049 2207.3
 70.90000000000001 84.3 192.2 256.9 828 1180.2 1245.6 2251.7 2310.8 2225.8
 81.8 96 103.5 160.7 332.5 1432 1705.9 2158.1 2344.5 2384.2
 40.1 99.5 175.2 461.8 498.8 1168.2 1231.7 2355 2471.6 2142.6
 41.4 49.1 52.9 122.2 735.6 1508.4 1673.3 1881.7 1994.5 2049
 52.4 62.6 67.59999999999999 203.5 360.1 1410.7 1474.3 1683.1 2899.3 3069.7
 63 72.3 118.8 214.5 649 1175.2 1238.4 2046.3 2192.2 3019.2
 64 71.09999999999999 77.5 184.7 215.7 1087.1 1392.4 2429.5 2538.7 2703.1
 63.5 70.59999999999999 77.09999999999999 176.5 303.8 1064.1 1125.7 2073.7 2159.7 2739.5
 51.9 57.8 63.4 244 486.1 1044.8 1105.7 1291.7 1392.1 2773.4
 89.2 98.40000000000001 106.8 150.7 225.4 1162.1 1222.1 2049.8 2411.5 2573.3
 40.1 47.4 52.1 195.1 295.2 769.7 829.6 1008.2 1100.1 2412.4
 59.8 67.09999999999999 73.7 413.7 544.8 1053 1527.4 1706.2 1798 1959.6
 61.6 69.09999999999999 75.2 296.4 371.3 885.1 1691.8 1991.5 2082.8 2244.2
 77.3 111 119.4 202.8 331.4 954.2 1014.3 1989.5 2080.3 2243.9
 40.1 40.1 40.1 199.9 229.6 1054.8 1114.5 1733.1 2863.7 3039.1
 80 89.2 161.6 257.3 449.4 741.2 1038.8 2014.6 2099.1 2280.6
 60.4 106.2 114.7 139.1 593.2 1120.3 1248.4 1959.6 2045.5 2592.8
 59.2 66.40000000000001 72.8 167.7 319 520.2 1475.9 1647.4 1729.1 1944.4
 66.8 73.59999999999999 79.5 168 286.3 965.6 1290 1719.5 1787 2349.6
 40.1 40.1 74 124.7 307.7 1094.8 1151.4 1656.3 1724.8 2501.5
 40.1 44.4 48.2 60.3 72.90000000000001 1008.5 1065 2231.1 2063.5 2239.4
 40.1 86.90000000000001 93.3 161.2 271.7 1170.7 1447.4 1941 2058.9 2681.7
 77.2 85.3 90.8 111 130.2 852.3 1096.1 1835.5 1910.1 2099.5
 40.1 40.1 40.1 40.9 49.1 1040 1266.7 2062.5 2135.9 2325
 47.6 63.7 67.3 82.90000000000001 217.7 705.2 835 2089.5 2156.7 2315.7
 63.8 70.5 74.8 108.8 126.9 764.8 1115.2 1285.3 2150.2 2335.6
 48.2 64.7 68.5 84.09999999999999 137 719.4 774.6 1559.3 2023.7 2694.3
 40.1 44.3 47 73.5 143.5 709.2 837.3 1845.9 2127.8 2338
 40.1 40.1 48 135.7 155.1 580.5 635.4 1931.9 2002.9 2235.6
 56.6 62.7 66 80.59999999999999 112.1 631.6 1040.5 1202.5 1269.8 2246.3
 40.1 46.2 48.6 59.8 156.4 936.4 1082 1751.4 1818.7 2065.8
 63.6 70.8 74.5 90.59999999999999 205.4 850.8 905.2 1485 2322.8 2498.7
 49.2 54.7 57.1 69.8 148.6 585.4 758.2 2102.6 2169.7 2721
 40.1 40.1 59.8 72.8 171.8 474.6 821.3 2039.1 2111.6 2283.7
 66.09999999999999 73.3 76.40000000000001 147.9 203.3 934.9 988.6 1452.6 1524.6 1776.4
 58.6 65.09999999999999 68 125.3 217.1 574.5 628.4 1821.9 1894 2068.7
 57.4 63.7 66.7 127.4 145 1011.6 1218.2 1649.3 1716.8 3770.3
 64.09999999999999 71.09999999999999 74.40000000000001 117.8 134.7 805.5 1225.4 1754.3 1826.4 2263.9
 48.9 54.2 68.90000000000001 83.40000000000001 150.6 676.4 811.5 1894.6 1961.9 2121
 56.8 63 65.90000000000001 112.1 147.5 661.6 1305.5 1466.1 2495.9 3074.2
 57.4 63.2 66.3 136.6 294.1 573.4 838.7 1677.7 1751.6 2272.3
 58.5 64.40000000000001 67.5 128.7 145.9 933.3 987.3 1670 1743.5 1918.7
 40.1 54 57 69.90000000000001 136.2 839.9 1127.9 1823.1 1894.5 2069.6
 69.2 76.09999999999999 80.2 226.4 297.7 788.7 843.1 1852.7 1924.2 2097
 59.7 65.8 69.5 116.4 133 702.6 757 1675.3 1746.8 1919.6
 40.1 40.1 40.1 40.1 76.5 845.4 900.1 1512.9 1584.6 2043.3
 40.1 40.1 60.8 75.2 216.6 889.4 1387 1860 1970.9 2143.5
 40.1 66.8 70.59999999999999 86.90000000000001 234.3 776.1 831.1 1561.8 2187.1 2726.9
 56.5 62.6 66.2 155.2 175 604.2 899.1 1497.7 1567.5 2749.3
 61.2 79.09999999999999 83.40000000000001 160.2 299.6 874 1167.8 1502.5 2378.4 2904
 49.8 55.5 58.7 133 461.3 558.2 613.3 1723.3 2014 2189.2
 83.09999999999999 92 96.8 131.8 150.8 1080 1135.3 1385.7 2054.1 2213.2
 40.1 46.4 49 61 114.6 1034.2 1218.3 1743.8 1811.3 1986.8
 40.1 68.8 72.59999999999999 89.8 437.3 941.3 996.9 1336.9 1404.5 2919
 66.7 135.7 141.9 197.2 280.1 623.7 1221.2 1694.4 2083.7 2259
 40.1 44.1 46.7 58.4 69.5 623.9 679.5 1669.9 2089.6 2133.1
 66.90000000000001 74.40000000000001 78.5 292.9 318.5 524.3 1381.7 1840.1 1907.7 2133.1
 87.59999999999999 108.7 126.9 151.8 269.9 932 1166.2 1710.5 1778 1937.2
 82.3 148.4 155 199.5 222.9 729.4 1527.4 1688.6 1758.1 1930.5
 70.5 90.09999999999999 95 202.7 226.4 318.8 766.7 1824.2 1893.8 2066.5
 58.2 65.3 68.90000000000001 221.8 245.9 770.2 825.9 2219.2 2288.7 2901.4
 40.1 40.1 61.2 76.40000000000001 111.8 1290.6 1652 2042.7 2413.1 2590.4
 87.8 97.3 102.3 237.1 261.6 815 1273.7 1645.5 1713.2 2742.3
 65.5 73 126.4 185 357.2 935.3 991.1 1685.5 1751.2 1924.7
 41.1 45.9 48.7 61.4 190.1 923.3 1168.9 1551.5 1617.2 2413.2
 40.1 40.1 85.5 165.2 391.7 987.2 1043.1 1841.3 1978.3 2137.5
 68.5 76.5 81.09999999999999 213.3 237.1 741.5 1069.5 1967.2 2276.7 2723
 40.1 40.1 86.09999999999999 198.9 436.3 938.2 1066 1921.9 1989.5 2161.2
 95.40000000000001 105.7 170.3 215.9 262.8 797.6 982.4 1763.1 1830.7 2002.7
 41 57.6 61.4 77.2 135.9 1139.5 1327.9 1740.6 1810.4 2292.2
 51.3 57.5 61.3 77.7 609.1 830.4 1078.6 1665.2 1735 2945.4
 40.1 40.1 40.1 82.8 328.9 1134.5 1191.2 1354.6 1424.5 2529.9
 86 95.5 101.2 256 375 845.1 902 1576.7 1718.4 1877.8
 82.40000000000001 91.8 110.6 136.4 239.1 1140.4 1197.4 1358.7 1430.3 1593.1
 58 65.3 129.3 308.3 639.1 774.4 1109.4 1620.3 1692 2503
 40.1 40.1 40.1 66.90000000000001 125.1 1137.1 1194.3 2047.7 2329.9 2492.4
 40.5 45.7 48.5 62.4 123.5 791.9 849.1 1629 1700.3 1862.4
 40.4 45.6 48.5 116.3 136.4 1207.5 1264.9 1787.2 2425.8 2639.5
 51.7 58.2 61.9 113.7 192.9 781.5 838.9 2382.2 2822.2 2985.7
 40.1 103.4 109.2 405.7 547 959.5 1017.2 1375.7 1676.7 1840.2
 40.1 40.1 76.8 160.4 184.2 1001.8 1563.9 1713.2 1780.7 2473.6
 40.1 47 100.8 189.7 345.9 1155.3 1214.6 1749.9 1821.4 1982.9
 40.1 89.90000000000001 95.59999999999999 153.5 393.9 854.8 914.2 1794.4 1866 2027.6
 67 75.2 138.7 220.8 247.9 636.3 915.2 2083 2154.6 3016.1
 41.1 58.7 62.7 101.5 120.8 830.8 954.8 1556.9 1626.5 2791.4
 69.5 78.59999999999999 83.90000000000001 155.5 228.7 1111.4 1721.9 1877 1946.5 2600.4
 42.1 47.7 51.3 137.7 569.3 919.7 1491.9 1647.2 2367.6 1878
 48.3 54.9 59.2 146.4 193.2 1245.9 1305.6 1785.6 1853.1 2054.4
 40.1 48.6 66.40000000000001 86.90000000000001 188.4 1249.7 1309.5 1874 1941.5 2107.2
 88.90000000000001 100.1 158.1 315.4 506.7 1007.7 1409.7 1719 2313.2 2478.9
 49.7 159.4 169.2 258.3 579.2 1423.8 1483.7 1551.9 1614.5 2790.4
# name: prtB
# type: matrix
# rows: 100
# columns: 10
 352.6 515.4 527.9 1571.4 2200.6 2506.4 2557.8 3911.4 4597.5 5243.8
 282 336.9 752.7 1606.9 2496.5 3159.4 3920.4 4067.2 4134.5 4558.5
 355.1 436.8 1315.3 2872.5 2907.8 4101.3 4161.8 5059.7 5127.8 6076.1
 905.4 1793.7 2236.7 3160.2 3194.6 4072.5 4297.7 4870.2 4936 5095.8
 666.4 1444.1 1923.1 3047.1 3266.7 3400.5 3465.5 4346.6 4412.8 4573.1
 681.8 1379 1862.1 2877.2 3441.8 4008 4073 4227.5 4296.3 6055.4
 327.8 510.2 1253.7 2975.5 3013 3598.6 3990.9 3971.9 4037.4 5474
 782 950.3 997.4 2815.4 2855.3 3753.7 4227.2 4446.3 4512.6 4673
 676 1478.8 2120.9 3060 3100.5 3445.5 3509.7 4290.7 4356 4932.3
 575.3 609.8 638.6 2298.6 2878 3650.2 3814.5 5942.5 6008.8 5534.4
 41.6 1568.1 1632.3 2543.2 2582.5 2968.1 3031.7 3944.7 4011.1 3893.1
 59.2 69.90000000000001 77.59999999999999 3116.4 3550.3 3992.9 4056.6 4526.1 4307.2 4464.7
 41 1002.6 1018.6 2680.3 2927.6 3143.7 3829.4 5119.9 5186.2 5346.8
 497.8 570.8 1925.7 2865 3136 3265.5 3329.9 4998.9 5448.5 5733.9
 521 1346 1428.9 2914.6 3154.9 3575.9 3640.5 4674.5 4742.6 6063.5
 356.8 383.7 1268 3239.6 3642.4 4385.1 4577.9 4401.6 4014.3 4681.7
 662 1186.9 2097.9 2782 3185.1 3391.9 4237.7 3946.4 4277.3 5054
 280.5 327.6 339 2996.8 3307.5 3595.4 4158.3 4355.6 4455.5 5602.8
 304.7 1221.9 1563.6 2985.6 3131.3 3951.3 4014.5 4212 5502.8 5663.1
 339.2 1431.2 1538.3 2287.1 2372.5 4091 4153.3 4341.9 4210.2 4367.7
 339.9 361.5 1770 2590.5 2652.7 3680.9 3743.7 3932.7 3363.6 4928.4
 804.6 910.5 1551.6 2316.1 3092 3455.4 4108.3 5679.4 4170.6 5926.4
 40.1 40.1 40.1 2555.7 2707.4 3878.7 4050.9 4046.6 4343.4 4269.8
 758.4 1046.9 1060.5 2371.2 3344.3 3784.1 3845.4 4798 4899.8 5063.3
 283.8 446 459.8 2483.7 3539.1 4095.9 4157.2 4159.5 4224.9 5116.2
 326.8 343.7 1250.1 2806 3001.3 3800.8 3861.6 4205.5 4301.7 4464.2
 40.1 48 1843.2 2753 2857.1 3001.6 3434.8 3764.9 4628.6 4803.6
 366.2 394.4 482.4 2574.7 2608 4137.6 4340.5 4519.3 4426.1 4583.4
 308 324.6 375.8 2229.4 3343.9 3924.2 4297.4 4473.5 4563 4542.7
 40.1 47.1 807.2 2813.9 2944.6 3729.2 4199.3 4375.6 4465.1 4626.5
 419.3 909.3 1715.3 2489 2524.3 3111.4 3586.5 4051.6 4126.5 5243.8
 444.7 463.2 1007.3 2409.6 3129.2 3441.9 3501.8 3523.1 3589 4610.9
 249 276.9 316.3 1966.2 3173.9 4034.8 4178.3 4354.5 4443.2 4936.4
 486.4 693.3 1480.9 2975.8 3139 3697.4 3903.4 4074.5 4159.3 4594.3
 485.6 503.3 543.6 2985 3145.5 3436.6 3495.6 3975.3 4059.7 4049.5
 364.6 610.9 1461.7 2325.2 3243.3 3892.8 3951.3 4475.5 4558.6 4731
 774.1 1073.6 1087.3 2493 3089.9 3517.2 3738 4369.2 4436.6 5218.3
 241.9 416.1 430 2217.4 2952.2 3897.3 4082.8 4114.2 4327.9 4485.4
 389.8 556.6 670.4 2242 2709.2 4042.5 4099.7 4268.2 4348.1 4362
 277.4 1099.5 1275.9 2021.7 2761.7 3503.4 3560.3 4216.8 4161.4 4528.2
 329.5 344.6 354.2 1892.5 2535.9 3399.5 3455.3 4328.1 4402 4593.5
 59 1318.6 1328.5 2588.6 2700.7 3307.4 3363.3 4346.5 4420.4 4612
 280.9 295.8 716.3 1851.1 3100.1 3293.5 3654.4 4510.4 4584.2 4775.4
 257.5 711.1 1451.5 1919 2298.2 3638.7 3694.4 4389.7 5697.8 5885.5
 377 536.7 1289.2 2705.6 2769.3 3452.8 3572.3 4325.4 4398.2 4584.5
 294.7 309.7 1372.2 1840.4 1868 3373.3 3428.8 4308.3 4370.1 4863.2
 307.8 384 392.7 1740.8 3102.5 3636 3691.2 4901 4973.2 5156.4
 67.5 74.7 79.09999999999999 900.4 2735.6 3440.3 3495.4 4682.3 4753.6 4935.3
 312.9 327.8 732.1 1433.1 2695.9 3571.8 3626.5 4436.7 4504.3 4687.7
 273.8 662.4 949.3 2513.6 2887.6 3405.5 3460.2 4057.4 4124.9 5128.1
 367 382 414.3 1701.4 2728.8 3353.5 3408.1 4486.1 4878.4 5060.2
 40.1 40.1 320 1867 2352.3 3153.5 3777.3 4480.4 4548 4729.8
 317.6 375.1 1193.3 1422.4 2338.9 3158.8 3213.4 3642.5 4851.4 5032
 198.3 343.2 553.3 885.5 2690.2 3757.1 3811.6 4652.4 4719.7 4899.6
 293.7 309.4 765.3 1569.9 2893.3 3231.7 3819.4 4080.3 4152.9 4325.6
 335.6 920.9 1125.6 1223.7 2507.6 3714.9 3768.9 3491.4 4289.2 4349.1
 124.7 563.3 592.8 1796.4 1820.1 3026.5 3954.7 4114.3 4186.5 4358.2
 285 374.3 783.8 2417.1 2673.9 3590.9 3644.6 4169.8 4241.8 4553.8
 350.2 1179.5 1301.3 2299.3 2323.7 3459.8 3841.3 3976.8 4307.7 5428.5
 130.9 196.3 202.2 2374.7 2801.7 3667.7 3922.5 4340 4412.2 4697.2
 116.4 365.3 372.1 1842.6 1922 3755 3809.1 3970.3 4305.4 4367.2
 65.2 619.1 1421.6 2139.8 2566.5 3033.5 3555.2 4292.3 4357.7 4860
 289.5 723.4 730.1 2249.4 2840.1 3367.1 3823.2 4186.9 4468.4 4645.5
 345.4 962.5 969.5 1213.3 2399.4 3566.2 3620.4 3867 4167.9 5186.7
 40.4 1207.5 1214.7 1284 1894 2896.7 4080.8 4383.4 4690.7 4866.8
 734.3 792.3 1305 1557.4 2632.1 3242.1 3296.2 4107.5 4181.2 5008
 181.8 628.4 635.5 1001.2 1823.1 3214.2 3907 4371.8 5276.9 5452.1
 40.1 40.1 40.1 2133.4 2777.9 3364.1 3419 4154.1 4223.8 4742.8
 301.9 714.3 735.5 2470.4 2496.1 3571.4 3971 3711.5 3776.9 4464.7
 311.6 790.4 798.8 2171.7 2610.1 3477 3679.7 3841.4 3909 4590
 40.1 330.2 338.5 1982.8 2817.4 3718.7 3774.5 5263.9 5339.6 6027.9
 284.1 299.8 308.2 2366.7 2432.1 3352 3407.9 4854.1 4921.7 5094.7
 488.5 718.9 727.8 2080.3 2127.1 3555.9 3611.7 4767.1 4881 5060.8
 687.3 715.6 1599.6 1845.2 2551.1 3051.4 3741.1 4625.3 4338.2 4739.3
 309.4 543.4 1682.1 2108.9 2835.4 3901.7 3957.4 4118.5 4188.1 4360.4
 326.9 343.5 924.1 1820.1 2563.5 3503.2 3559 4595.4 4661.1 4839.5
 749.1 853.7 861.8 2123.5 2150.5 2937.9 3832.4 3886 4092.5 4250.2
 236.6 1000.7 1282.1 1458.5 1895.9 3800.1 4122.6 4607.6 4368.3 4720.1
 302.7 1161.8 1170.3 1976.3 2077.4 3444.8 3845.3 4278.4 4346.1 4517.6
 320.9 731.3 1192.5 1390.3 2880.6 3677.1 3732.8 4422.9 4488.7 4666
 41.1 45.9 48.5 2382.8 2531 3273.3 3895 3949.8 4279.6 4555.8
 242.4 257.9 266.4 2315.6 2381.3 3885.8 4260.3 4424.1 4489.8 5408.5
 303.1 461.8 677.3 1206.1 2968 3484.4 4078 4491.9 4178.6 4355.5
 101.4 390.5 1289.4 2673.9 2998.5 3507.3 3563.8 4611.8 4681.6 4851.1
 231.3 923.6 2070 2545.1 2593.6 3538.5 3595.3 4422.3 4688.7 5224.2
 428.3 1347.5 1357.8 2290.4 2318.7 3928.7 3985.7 4381.1 4452.8 4615.6
 40.1 40.1 40.1 2178.5 2656 3642.4 3699.3 4990.3 5061.9 5224.6
 305.9 347 1196.6 2051.3 2975.5 3482.3 3539.5 3997.4 4068.9 5355.8
 171.5 261.3 443.6 1899.3 2877 3624.9 3890.2 4624.9 5238 5400.5
 40.1 887.3 896.8 2309.2 2776.1 3727.3 3784.6 4299.2 4370.6 5228.6
 121.2 693.1 1692.3 2316.8 2345.9 3592.1 4410.8 4802.2 5210.5 5372.6
 719.6 791.6 800.8 2123.6 2764 3723.5 3844.7 4203.3 4274.6 4743.1
 92.8 1250 1259.4 1346.1 3040.6 3341.2 3398.6 4612.4 4683.7 4847.5
 112.9 124.9 390.9 3011.9 3129.4 3670.4 3248.8 3664.7 4870.5 4418.3
 290.6 790.4 813.1 2687.4 2915 3526.7 3955.3 4639.6 4711.1 4737.3
 611.6 1019.6 1113.9 2861.6 3441.4 3650.4 3993 4149.6 4221.2 4688.4
 80.5 591.8 1069.5 2794.7 3007.1 3667.4 4269.2 4424.4 4722.6 4745.8
 234.9 354.5 409 2977.3 3394.8 3889.5 4064 4388 4117.9 5185
 897.1 1086.8 1166.4 3016.4 3139.9 3338.8 3898.9 5240.7 5303.6 5337.3
 319.4 338.6 1384.4 2458.1 2675.6 3668.8 3728.6 4744.7 5060.8 5496.8
# name: collectedA
# type: matrix
# rows: 100
# columns: 10
 17 18 18 32 32 44 44 48 48 48
 9 18 27 39 39 39 39 39 48 48
 16 20 30 45 45 47 49 49 49 49
 31 35 37 42 43 48 48 49 49 49
 26 31 31 42 44 44 49 49 49 49
 10 26 27 31 38 41 41 41 48 48
 4 4 4 12 34 35 41 42 42 42
 6 6 11 19 31 40 43 45 45 49
 6 7 9 28 35 46 47 47 48 48
 6 6 13 13 34 39 39 46 46 46
 8 8 8 9 14 41 45 47 47 47
 3 7 12 26 26 42 42 48 48 41
 3 3 3 5 32 46 47 47 47 47
 4 4 4 10 15 46 46 46 49 49
 5 5 8 11 29 40 40 46 46 48
 5 5 5 10 10 36 39 48 48 48
 5 5 5 9 13 34 34 44 44 47
 4 4 4 14 24 36 36 36 36 47
 8 8 8 9 11 40 40 48 49 49
 3 3 3 11 14 31 31 31 31 47
 5 5 5 25 29 41 47 47 47 47
 5 5 5 18 20 34 48 49 49 49
 7 9 9 12 17 37 37 47 47 47
 2 2 2 12 12 35 35 41 49 49
 7 7 12 16 24 29 34 44 44 44
 5 8 8 8 32 42 43 48 48 49
 5 5 5 10 17 21 47 47 47 41
 6 6 6 11 16 38 42 43 43 44
 3 3 5 7 15 40 40 46 46 48
 3 3 3 3 3 34 34 48 46 46
 3 7 7 10 15 40 44 46 46 48
 7 7 7 7 7 35 38 46 46 46
 2 2 2 2 2 37 41 48 48 48
 4 5 5 5 12 31 32 45 45 45
 7 7 7 8 8 33 41 41 47 47
 4 5 5 5 7 25 25 43 45 47
 3 3 3 4 7 31 32 47 48 47
 3 3 3 8 8 23 23 47 47 47
 5 5 5 5 6 26 37 37 37 49
 3 3 3 3 8 35 37 45 45 45
 6 6 6 6 12 38 38 43 48 48
 4 4 4 4 8 26 28 48 48 49
 3 3 4 4 9 19 27 48 48 48
 6 6 6 10 12 39 39 45 45 45
 6 6 6 9 13 23 23 47 47 47
 5 5 5 8 8 38 41 43 43 49
 6 6 6 8 8 34 42 47 47 42
 4 4 5 5 8 28 30 49 49 49
 5 5 5 7 8 25 38 38 48 49
 5 5 5 9 17 25 31 45 45 47
 5 5 5 8 8 38 38 48 48 48
 4 4 4 4 7 33 39 49 49 49
 6 6 6 15 18 35 35 46 46 46
 5 5 5 7 7 27 27 48 48 48
 2 2 2 2 3 33 33 39 39 46
 3 3 4 4 11 35 44 48 49 49
 3 5 5 5 13 36 36 45 48 49
 5 5 5 10 10 25 32 39 39 43
 5 6 6 10 17 33 39 40 48 49
 4 4 4 8 27 27 27 48 49 49
 8 8 8 9 9 41 41 41 48 48
 3 3 3 3 5 37 40 44 44 44
 3 5 5 5 24 40 40 42 42 48
 6 12 12 14 17 26 39 42 44 44
 3 3 3 3 3 25 25 42 45 48
 7 7 7 20 20 24 46 48 48 48
 8 9 10 10 15 39 42 46 46 46
 8 13 13 14 14 29 48 48 48 48
 6 7 7 13 13 13 23 48 48 48
 5 5 5 14 14 27 27 45 45 47
 3 3 4 4 5 41 47 49 48 48
 8 8 8 16 16 35 45 47 47 49
 6 6 10 12 20 36 36 46 46 46
 3 3 3 3 9 34 39 42 42 46
 3 3 6 10 21 39 39 46 46 46
 6 6 6 14 14 29 35 46 47 48
 3 3 6 12 23 38 39 49 49 49
 9 9 14 15 16 36 39 46 46 46
 4 5 5 5 7 43 45 47 47 48
 4 4 4 4 32 35 39 43 43 47
 2 2 2 4 16 45 45 45 45 49
 8 8 8 17 22 35 35 39 39 39
 8 8 9 9 13 43 43 43 43 43
 5 5 10 19 36 37 42 45 45 48
 2 2 2 3 5 38 38 46 47 47
 3 3 3 3 5 34 34 43 43 43
 3 3 3 6 6 40 40 44 48 48
 4 4 4 6 9 31 31 46 49 49
 3 8 8 26 31 42 42 45 46 46
 3 3 5 9 9 38 47 47 47 49
 3 3 7 11 17 42 42 45 45 45
 4 7 7 9 20 33 33 41 41 41
 6 6 11 14 14 26 30 41 41 46
 3 4 4 5 5 35 36 42 42 49
 6 6 6 9 11 37 46 46 46 49
 3 3 3 7 29 35 45 45 49 43
 4 4 4 8 9 44 44 48 48 48
 3 3 4 4 8 43 43 48 48 48
 8 8 12 19 26 36 43 45 49 49
 4 13 13 16 30 48 48 42 42 49
# name: collectedB
# type: matrix
# rows: 100
# columns: 10
 42 59 59 162 217 233 233 284 296 298
 38 41 82 178 245 274 298 298 298 298
 40 43 128 248 248 289 289 296 296 299
 94 173 208 267 267 293 295 298 298 298
 81 161 208 280 286 286 286 298 298 298
 88 161 201 261 287 298 298 288 288 299
 38 53 132 272 272 288 296 296 296 299
 86 99 101 262 262 285 294 294 294 294
 88 167 232 283 283 290 290 295 295 298
 67 68 69 223 252 268 269 297 297 299
 3 201 205 278 278 284 284 297 297 297
 5 5 5 269 286 292 292 294 294 294
 3 103 103 245 253 256 281 292 292 292
 58 62 202 265 275 275 275 296 297 299
 65 151 156 276 285 296 296 295 295 299
 37 37 128 269 285 298 299 298 292 294
 84 134 215 265 281 283 299 281 299 292
 34 36 36 256 273 277 294 294 294 299
 36 141 170 278 282 298 298 298 298 298
 36 161 169 224 226 295 295 295 295 295
 44 44 198 260 261 298 298 298 275 296
 111 120 189 241 283 288 297 299 297 299
 2 2 2 248 253 296 297 297 297 297
 87 116 116 228 282 293 293 299 299 299
 34 47 47 224 282 293 293 293 293 298
 37 37 133 263 270 297 297 298 298 298
 3 3 198 275 279 280 293 295 295 295
 42 43 49 234 234 292 294 294 294 294
 37 37 40 205 275 289 298 298 298 298
 3 3 86 261 266 293 299 299 299 299
 51 103 189 255 255 279 287 293 293 298
 56 56 111 240 276 283 283 283 283 295
 27 28 30 184 268 297 298 298 298 299
 54 75 149 270 277 291 293 293 293 295
 58 58 60 277 284 291 291 295 295 295
 44 65 143 211 267 289 289 295 295 295
 94 124 124 241 272 284 286 294 294 298
 32 49 49 203 255 296 298 298 299 299
 46 60 69 215 242 295 295 295 295 295
 36 136 151 216 262 289 289 294 294 295
 43 43 43 205 246 286 286 298 298 298
 5 149 149 257 262 281 281 295 295 295
 34 34 79 186 275 279 286 295 295 295
 33 78 166 204 227 280 280 290 299 299
 47 62 140 265 267 289 290 298 298 298
 40 40 156 194 194 283 283 299 298 299
 37 43 43 175 272 288 288 299 299 299
 6 6 6 88 252 282 282 299 299 299
 35 35 78 142 248 285 285 298 298 298
 35 78 106 248 270 285 285 290 290 299
 44 44 46 165 250 272 272 293 295 295
 3 3 34 173 209 258 281 295 295 295
 39 43 135 152 230 279 279 281 297 297
 21 36 56 82 234 280 280 298 298 298
 34 34 83 148 253 265 287 288 288 288
 42 109 127 132 244 295 295 286 298 298
 13 64 66 190 190 261 298 298 298 298
 35 42 87 242 257 294 294 298 298 299
 45 137 149 241 241 281 290 289 291 296
 14 19 19 221 249 284 288 291 291 294
 12 41 41 187 190 289 289 289 291 291
 6 74 162 226 254 270 284 298 298 299
 36 83 83 221 264 281 292 294 295 295
 43 111 111 132 236 283 283 284 298 292
 3 142 142 145 190 254 291 292 293 293
 88 92 150 167 256 282 282 292 292 296
 21 71 71 106 178 267 284 292 299 299
 2 2 2 226 269 290 290 299 299 297
 38 81 82 232 232 285 294 295 295 294
 38 90 90 215 248 289 292 292 292 294
 3 35 35 195 255 291 291 294 294 297
 32 32 32 228 230 275 275 298 298 298
 63 88 88 211 212 290 290 299 295 295
 88 89 186 203 251 269 291 298 296 298
 37 59 176 209 254 295 295 295 295 295
 37 37 104 176 233 290 290 298 298 298
 88 96 96 215 215 261 293 293 294 294
 26 115 144 154 185 286 292 295 294 295
 39 135 135 202 206 284 291 293 293 293
 40 86 131 145 266 297 297 298 298 298
 3 3 3 234 241 278 293 293 295 298
 27 27 27 213 215 284 296 296 296 299
 40 56 76 129 265 281 297 299 295 295
 10 42 138 254 271 288 288 298 298 298
 25 97 218 254 255 284 284 296 294 295
 50 150 150 230 230 295 295 298 298 298
 2 2 2 207 237 272 272 296 296 296
 35 37 133 207 262 278 278 284 284 298
 19 26 44 182 255 283 286 295 298 298
 3 100 100 213 239 282 282 290 290 296
 12 69 171 218 218 277 294 296 299 299
 90 95 95 217 257 295 296 298 298 295
 9 137 137 140 275 281 281 299 299 299
 11 11 40 268 273 288 279 281 297 294
 35 85 86 248 258 279 289 294 294 294
 66 106 113 258 289 293 298 298 298 298
 7 60 103 246 257 283 296 296 297 295
 24 35 38 260 280 292 294 295 295 292
 110 126 131 276 280 284 292 299 299 299
 38 38 143 223 233 274 274 294 297 298
# name: avgRateA
# type: matrix
# rows: 100
# columns: 10
 0.05485640529202969 0.04380627889997567 0.03673469387755102 0.02281151981750784 0.01639260283796937 0.006484606428603009 0.00371336219628495 0.0009138488075224988 0.0004678658979370038 9.549500332342506e-05
 0.03162333099086437 0.0300852415176333 0.02713022508038585 0.02040175768989328 0.01584528501198553 0.005907837731390311 0.003342675683320048 0.0007525311094431078 0.000464867178730777 9.534865427293076e-05
 0.04945904173106646 0.04101722723543888 0.0363460140537921 0.02404103002457528 0.0186181216383947 0.006939932667887307 0.004044138887284072 0.0009373882068911424 0.0004788336004377907 9.751395146034107e-05
 0.04430470201514935 0.03989058582174607 0.03668451318659528 0.02514066802346462 0.01877319362584589 0.006859886811867604 0.003979340590103049 0.0009331946872655109 0.0004777369697241508 9.746836853068623e-05
 0.05343197698314837 0.04624794867969566 0.04164987236329437 0.02575265190998835 0.01910468498979636 0.006828692926094919 0.004069125304146355 0.0009387081077560279 0.0004791768328758336 9.738454912643078e-05
 0.04269854824935952 0.04202359786649426 0.03710830126443101 0.02308608876973488 0.01724529158157477 0.006141770028162262 0.003491828270182342 0.0007899837764307377 0.0004642283074816195 9.535208259874154e-05
 0.06116207951070336 0.03457216940363007 0.02279202279202279 0.01545993300695697 0.01783934099375623 0.005721665495087541 0.003473045776437502 0.0008028382242747695 0.0004102644251902357 8.360764603866973e-05
 0.07416563658838071 0.04538577912254161 0.04352987732489118 0.02249319284953238 0.0177864478742326 0.006426838477481965 0.003710639179172096 0.0008653396842856237 0.0004408739100617224 9.743315340014861e-05
 0.07662835249042146 0.0489853044086774 0.0391815411406182 0.02727184182331742 0.01931034482758621 0.007046244811053414 0.004002861620222116 0.0009020541885062941 0.000470362276945389 9.557806109150544e-05
 0.07416563658838071 0.04467609828741623 0.04449007529089665 0.01717532038578412 0.01859956236323851 0.006310475389145982 0.003468023049014726 0.0008803541320186712 0.0004496104028118243 9.159226786039268e-05
 0.08714596949891068 0.0547945205479452 0.03931203931203931 0.01362191614953837 0.01050656660412758 0.006374378109452736 0.003844215310228176 0.0009011064436779715 0.0004592332758477495 9.355389759470939e-05
 0.05988023952095808 0.04682274247491638 0.0436046511627907 0.02703264711998337 0.01734721110221511 0.006809117732888039 0.003739416116883464 0.0009168178779486199 0.0004684224702258967 8.165011293604645e-05
 0.05836575875486381 0.03027245206861756 0.01962066710268149 0.008036001285760205 0.01843742797879696 0.007067789318419274 0.0040262821995494 0.0009059070924815494 0.0004608091612783042 9.361636015608038e-05
 0.06410256410256411 0.03552397868561279 0.02386634844868735 0.01421464108031272 0.01102860083817366 0.007175503455160904 0.004008959152192291 0.0008900394906652271 0.0004761937156035075 9.740201009919699e-05
 0.0684931506849315 0.04088307440719542 0.03656307129798903 0.01539538138558432 0.01758641600970285 0.006477522995206634 0.003559225512528474 0.000883828437372109 0.0004501322018705929 9.542379296853877e-05
 0.06756756756756757 0.04128819157720892 0.02816901408450704 0.01460493646852636 0.008225713580653122 0.005914146309408421 0.003423334854815491 0.0009155151203044088 0.000468115940615592 9.548379550474227e-05
 0.06802721088435375 0.04145936981757877 0.0282326369282891 0.01330376940133038 0.009970854425525387 0.00560676769842186 0.003055987488427694 0.0008449562831141248 0.0004306982107425922 9.348778045090947e-05
 0.06462035541195477 0.03710575139146568 0.02447980416156671 0.01881720430107527 0.01614965345535294 0.005955532027527792 0.003241578648801966 0.0007018679435464218 0.0003550572480498973 9.348147694368875e-05
 0.08064516129032258 0.05390835579514824 0.03868471953578336 0.01383125864453665 0.00897666068222621 0.006491293552522678 0.003564395255789915 0.000922193745220923 0.0004784618914867959 9.749821568316502e-05
 0.05988023952095808 0.03080082135523614 0.01972386587771203 0.01582506114228168 0.01080914144533663 0.005372896337764528 0.002862524931668759 0.0006077454213244145 0.0003066267985887254 9.354864649041305e-05
 0.07163323782234958 0.04269854824935952 0.02878526194588371 0.02736127831892306 0.01877265665458312 0.006773500743433009 0.004077242049378003 0.0009089819015901382 0.0004616986581268787 9.363303341543823e-05
 0.06983240223463688 0.04198152812762385 0.02853881278538813 0.02260170768458061 0.01458470064901918 0.005777301999966016 0.004105441420482732 0.0009424617485550523 0.0004800025077682038 9.756210226021524e-05
 0.08018327605956473 0.05590062111801242 0.04102096627164995 0.01707455890722823 0.01276851434580141 0.006214100970743341 0.003359269313528777 0.0009040286981025015 0.0004604218443715389 9.358003153447956e-05
 0.03992015968063872 0.02219755826859046 0.01427551748750892 0.01714530647235319 0.009759271307742356 0.005780537755169452 0.003149039542939404 0.0007925293477483469 0.0004763585210331731 9.740793508894239e-05
 0.07777777777777778 0.05028735632183908 0.04587155963302752 0.02112769047933448 0.01655857596246723 0.005051208806521285 0.003080044932420191 0.0008459163388740854 0.0004309538477812243 8.760043688726978e-05
 0.07102272727272727 0.05121638924455826 0.03726129482999534 0.01251760287904866 0.02008536279186543 0.006862408705455614 0.003822765904484193 0.0009237946404514277 0.0004703784096309979 9.749443286891496e-05
 0.0722543352601156 0.0429553264604811 0.02893518518518518 0.01497678598172832 0.01288855193328279 0.00380420999239158 0.004095539347676435 0.0009100167675429934 0.0004620113615474825 8.168235366307503e-05
 0.078125 0.04854368932038835 0.03342618384401114 0.01646706586826347 0.0124387778900723 0.006369853828617406 0.003720106288751107 0.000831407882906834 0.0004224508041301934 8.758840456924819e-05
 0.05988023952095808 0.03329633740288569 0.02873563218390805 0.01120537858171923 0.01147052076164258 0.006562971713591915 0.003586993561346557 0.0008905012554131828 0.0004522004466953978 9.552210291909577e-05
 0.05988023952095808 0.03177966101694915 0.02024291497975709 0.005354274495805819 0.002796159940348588 0.005658650245485562 0.00307275192046995 0.0009189927074099531 0.0004506998094323632 9.158978765903272e-05
 0.05988023952095808 0.05113221329437546 0.03621314019658561 0.01512401693889897 0.01179523472517103 0.006482246746722414 0.003843667557698691 0.0008856202229452648 0.0004507201233797346 9.548786040947979e-05
 0.08027522935779816 0.05173688100517369 0.03668763102725367 0.01145662847790507 0.006193594054149707 0.005980554653725885 0.003424626670632024 0.0008874227122338937 0.0004513782245331915 9.161530732454424e-05
 0.03992015968063872 0.02219755826859046 0.01427551748750892 0.003697541135145129 0.001906395958440568 0.006125827814569536 0.003639042488039976 0.000921968787515006 0.0004699620799346753 9.555566615239138e-05
 0.06944444444444445 0.04397537379067722 0.02988643156007173 0.00857780065191285 0.009854644000985464 0.005433639486783987 0.002953391785879095 0.0008638977145106019 0.0004404997420629288 8.958509558829238e-05
 0.0948509485094851 0.05809128630705394 0.04004576659038901 0.01314060446780552 0.00709912148371639 0.005724396336386345 0.003688642579530733 0.0007994493548833681 0.0004601067839318964 9.356294875378134e-05
 0.06872852233676975 0.04359197907585004 0.02967359050445104 0.008560178051703475 0.006156552330694811 0.004371087876350667 0.002320271750227386 0.0008339911519357322 0.0004410739857503698 9.349618644969717e-05
 0.05988023952095808 0.03181336161187699 0.02040816326530612 0.006974716652136007 0.006121556624398776 0.005429832550970364 0.00295276498758916 0.0009065326284238484 0.0004699993537508886 9.356250174185509e-05
 0.05988023952095808 0.03329633740288569 0.02027027027027027 0.01258455246185307 0.006925807289412173 0.004121494489741063 0.002162589089267917 0.0009050313968870771 0.0004607712133674631 9.358157804823075e-05
 0.07507507507507508 0.04436557231588287 0.03012048192771084 0.008611780916293488 0.005395198273536553 0.004616805170821791 0.003351297495584439 0.0007226209657731556 0.0003653606504604531 9.756169433204386e-05
 0.05988023952095808 0.03118503118503118 0.02018842530282638 0.005359056806002144 0.006918021445866482 0.005895829122026818 0.003338747518498466 0.0008695416935580486 0.0004419620364432074 8.962968598936634e-05
 0.08152173913043478 0.04966887417218543 0.03438395415472779 0.01015916017609211 0.009955201592832254 0.006494838312709372 0.003484576165499028 0.0008351947169078373 0.0004691036601813086 9.552263518293679e-05
 0.06756756756756756 0.03820439350525311 0.02546148949713558 0.00702000702000702 0.006965000870625109 0.004654993375586351 0.002602665873473257 0.0009212592077938529 0.0004698066060681396 9.746957059681215e-05
 0.05988023952095808 0.03329633740288569 0.02503128911138924 0.006983240223463688 0.007680491551459293 0.003470573192562013 0.002495079149455241 0.0009223833617414598 0.0004700739191237822 9.556352316429938e-05
 0.07884362680683311 0.04866180048661801 0.03401360544217687 0.01543448062972681 0.009972575417601597 0.006571298589698226 0.003549132737564385 0.0008745913714758827 0.0004432423274753114 8.968137999316029e-05
 0.08746355685131196 0.05212858384013901 0.03571428571428571 0.01439309131616824 0.01068112726973955 0.004125930576733339 0.00216401339806556 0.0009069524660423488 0.0004612636661628751 9.361268686934676e-05
 0.07418397626112759 0.04397537379067722 0.02999400119976005 0.01275103602167676 0.006986899563318777 0.006321112515802781 0.003654775275890963 0.000832537904676346 0.0004227423591776383 9.726655183920132e-05
 0.08097165991902834 0.0495458298926507 0.03440366972477064 0.01294917449012625 0.007050321670926236 0.005856515373352855 0.003741514778983377 0.0009081371016514569 0.0004615698875733602 8.362137911962218e-05
 0.06791171477079797 0.03838771593090211 0.02960331557134399 0.008570449091532397 0.006952894142186685 0.004932703826368826 0.002774823105027054 0.0009442215567708394 0.0004805716645139018 9.758604001824261e-05
 0.07485029940119761 0.04424778761061947 0.03013863773357444 0.01143603986276752 0.006971677559912854 0.004415712872686166 0.003361195878112423 0.0007383500984142961 0.0004683114153834446 9.740113883796863e-05
 0.07418397626112759 0.0441696113074205 0.03006614552014432 0.01413760603204524 0.01313654277103779 0.004485592277604335 0.002860121601299049 0.0008707817878891669 0.0004422534879058413 9.357474023552564e-05
 0.072992700729927 0.0437062937062937 0.02985074626865672 0.01272466995387307 0.006981411990575093 0.006404530362530126 0.003458538494443585 0.0009289723243661699 0.0004717746096802253 9.563301785727449e-05
 0.07984031936127745 0.03846153846153846 0.02547770700636943 0.00701877522372346 0.006160887167752156 0.00565078169146732 0.003504704391664195 0.0009455242932205908 0.0004808895475221921 9.75960305105109e-05
 0.07575757575757576 0.04758128469468676 0.03329633740288569 0.02064977973568282 0.01387069430530939 0.006046262545994783 0.003227859191559609 0.0008871283462577648 0.0004513157817279901 9.161576348793162e-05
 0.07173601147776183 0.04317789291882556 0.02949852507374631 0.01135626216742375 0.00617828773168579 0.004734682425560271 0.002509993492609463 0.0009288770457065561 0.0004717593084008539 9.563284637619253e-05
 0.03992015968063872 0.02219755826859046 0.01427551748750892 0.003703017959637104 0.002786809103576405 0.005645464809936019 0.003027495160594857 0.0007570919128994873 0.0003839164597783522 9.162556297434903e-05
 0.05988023952095808 0.03329633740288569 0.02487562189054726 0.006954102920723226 0.009041591320072333 0.005942880429245764 0.003864055501888118 0.0009255688391824142 0.000480529249030851 9.758166739189096e-05
 0.05988023952095808 0.04280821917808219 0.02930832356389215 0.008519338899301414 0.01053228550595479 0.006232579075847024 0.003323762129423604 0.0008727391208220039 0.0004697266093274004 9.746842669449356e-05
 0.07518796992481203 0.04440497335701599 0.03008423586040915 0.01526251526251526 0.008510638297872341 0.004460940009278756 0.002936022240368471 0.0007573153752497685 0.0003839810963152583 8.552970635662745e-05
 0.07022471910112359 0.04647560030983734 0.03271537622682661 0.01514692517418964 0.01308094798399508 0.005617977528089887 0.003492182882931285 0.0007766613271200427 0.0004688488978143827 9.743410273133639e-05
 0.06688963210702341 0.03791469194312796 0.02520478890989288 0.01263823064770932 0.01847669882980908 0.004857687740635458 0.002543977839126379 0.0009280150338435482 0.0004803262297331739 9.757278730805043e-05
 0.08592910848549946 0.05633802816901409 0.04065040650406504 0.01424501424501425 0.007820646506777894 0.006743421052631579 0.003681984320135066 0.0007978873499825828 0.0004703387712987523 9.557693824057193e-05
 0.05988023952095808 0.03112033195020747 0.02013422818791946 0.0053475935828877 0.004485914229319936 0.006131715886115807 0.003565602631414742 0.0008503434227868845 0.0004321720673441946 8.765170717636401e-05
 0.05988023952095808 0.04208754208754209 0.02896871378910777 0.0084774499830451 0.01669797537048633 0.006732533283961423 0.003637388718638889 0.0008181249744335945 0.0004141828025383489 9.544280490496482e-05
 0.07822685788787484 0.06462035541195477 0.04960727573377428 0.02008032128514056 0.01328021248339973 0.004623290716076605 0.00347556411079029 0.0008124671144263208 0.0004310188600138906 8.760420420540001e-05
 0.05988023952095808 0.03188097768331562 0.02044989775051125 0.005372492836676218 0.002805049088359046 0.004445313750244493 0.002340933564305445 0.0008128523569815308 0.0004407892674670093 9.559218462196578e-05
 0.09102730819245773 0.05627009646302251 0.0392156862745098 0.02522386177323748 0.01516875237011756 0.004344441829734084 0.004041575511566813 0.0009259241398068292 0.0004710144571999957 9.559218462196578e-05
 0.08196721311475411 0.05671077504725899 0.04407227853680035 0.01534212948757288 0.01181195369714151 0.006574511126095752 0.003761351220648027 0.0008895678827317469 0.0004519640786810509 9.16449308797993e-05
 0.0866738894907909 0.06552419354838709 0.05098039215686274 0.02001429592566119 0.01144819690898683 0.005061612036164346 0.004163991880215834 0.0009286380362400994 0.0004717069206284315 9.563076959857988e-05
 0.07453416149068323 0.04996431120628123 0.03589743589743589 0.01850007115411982 0.01060013046314416 0.002444160336918102 0.002136216296543973 0.0009262082193261064 0.0004710787113641851 9.560486509257239e-05
 0.07331378299120234 0.04336513443191674 0.02960331557134399 0.01939595455804932 0.01123685689060117 0.004679213892066133 0.00249401897301841 0.0008617519992646384 0.0004399312925083611 9.345768375271971e-05
 0.05988023952095808 0.03329633740288569 0.02481389578163772 0.006939625260235948 0.004497211728728189 0.006517661272374654 0.004033642293168555 0.0009415345475926499 0.0004686900406295679 9.550520662551452e-05
 0.08179959100204499 0.05431093007467752 0.03954522985664854 0.02170668837335504 0.01268230818008878 0.006018916595012897 0.003991591048191809 0.0009100502463912635 0.0004620835840382566 9.746544104206072e-05
 0.07947019867549669 0.04878048780487805 0.0441696113074205 0.01751824817518248 0.01473622163277336 0.006065405287011608 0.003275377350765619 0.0008899981619603177 0.0004520831203956317 9.164721321744079e-05
 0.05870841487279843 0.03128258602711157 0.02017484868863484 0.005343783398646241 0.007562389715149988 0.005740043556801107 0.003491838945643707 0.0008147192613212031 0.0004133158559771377 9.155810396701361e-05
 0.05988023952095808 0.03329633740288569 0.03234501347708895 0.01503307276007216 0.01508945893511533 0.00651389631213255 0.003531617027827331 0.0008873234274603453 0.0004510763564405368 9.160837420029374e-05
 0.07643312101910828 0.04743083003952569 0.03313086692435119 0.01962708537782139 0.01131678926521704 0.005050944875032657 0.003161841094900402 0.000885173724964978 0.0004595377050687009 9.548001583376929e-05
 0.05988023952095808 0.03329633740288569 0.03224073078989791 0.01716983831735585 0.01601336768084662 0.006399245562628406 0.003524308693294777 0.0009437250948058526 0.0004804416140877247 9.757822786786395e-05
 0.08538899430740038 0.05780346820809249 0.05179430262671106 0.02095264701773991 0.0126702565726956 0.00620946598592521 0.003551136363636364 0.000888663932415176 0.0004517301756739373 9.163297328878909e-05
 0.07843137254901961 0.04646840148698885 0.03097893432465923 0.008662508662508662 0.006162514305836781 0.007003827673263295 0.003972492695027322 0.0009083775603684534 0.0004616424255282368 9.556190599814211e-05
 0.06525285481239805 0.03720930232558139 0.02479851208927464 0.006924009001211701 0.01988689329438817 0.006003018660812294 0.003520300398967378 0.0008322816905770229 0.0004226667321963926 9.344950764039197e-05
 0.03992015968063872 0.02219755826859046 0.01427551748750892 0.006863417982155113 0.01204003311009105 0.007335561170429538 0.004021016512974479 0.000876260354476522 0.0004436797815123565 9.750663592355399e-05
 0.08333333333333333 0.05498281786941581 0.03976143141153082 0.02248677248677249 0.016 0.005987921506903218 0.003210420106402495 0.0007561553957504067 0.0003834114575140781 7.77081592371689e-05
 0.08658008658008658 0.05641748942172073 0.04273504273504274 0.01414204902576996 0.01049148575579049 0.00700280112044818 0.003840177183989141 0.0008372486063704884 0.0004239364371395924 8.572685708794639e-05
 0.07352941176470588 0.04336513443191674 0.0436109899694723 0.0235061239638748 0.02196327252760661 0.006407592130784151 0.003780582209660288 0.0008717500673184774 0.0004425126853636471 9.552181778019235e-05
 0.03992015968063872 0.02219755826859046 0.01427551748750892 0.005291938613512084 0.004444049417829526 0.006191849570644115 0.003394584744021511 0.0008838046637987846 0.0004592987973212131 9.353375294830329e-05
 0.0594059405940594 0.03134796238244514 0.0202020202020202 0.005334281650071124 0.004450378282153983 0.00587026709715292 0.003133900507876229 0.0008328652501501094 0.0004228109454937694 8.568085594776576e-05
 0.05952380952380953 0.03138075313807531 0.0202020202020202 0.009735518416355672 0.005279831045406546 0.00644381796214257 0.003550852648492219 0.0008496307967992092 0.0004686319267215877 9.549587726392374e-05
 0.06482982171799027 0.03696857670979667 0.02470660901791229 0.009776763891152028 0.007544639114762343 0.005361930294906166 0.002860068826172398 0.0008781609019857891 0.0004765507837801565 9.741827650368588e-05
 0.05988023952095808 0.05215123859191655 0.03824091778202677 0.02870707739869714 0.0200387847446671 0.00704757110495847 0.003812220890970482 0.000875900474348768 0.000452414368286933 9.166264480207045e-05
 0.05988023952095808 0.03329633740288569 0.02828054298642534 0.01362810417928528 0.007600067556156055 0.006331433903162384 0.004064372746218836 0.0009088588600202656 0.0004617771345648045 9.751756112161913e-05
 0.05988023952095808 0.03092783505154639 0.0348605577689243 0.01594896331738437 0.01263095326547292 0.006823387974591003 0.003745117971216093 0.000869566897713812 0.0004419503169274828 8.964448788992613e-05
 0.07984031936127745 0.05003573981415296 0.03578732106339468 0.01377199693955623 0.01434823158045771 0.005636400901824144 0.003023583954847813 0.0007915913689510835 0.0004024895450886459 8.166881661486341e-05
 0.07792207792207792 0.04792332268370607 0.04608294930875576 0.01942286348501665 0.01121884766407565 0.004612955307559924 0.002748460861917326 0.000787205038112244 0.0004013524598990158 9.14483651716118e-05
 0.05870841487279843 0.03679852805887764 0.02458512599877075 0.008312551953449709 0.004461099214846539 0.006002606846401866 0.003286230693394677 0.0008146339287272897 0.0004132780327965639 9.745592307266989e-05
 0.07547169811320754 0.04665629860031104 0.03262642740619902 0.0137299771167048 0.008952551477170993 0.00605425925319894 0.003924278487275954 0.0008867128014341616 0.0004512170599284919 9.749295862080491e-05
 0.05758157389635316 0.03070624360286591 0.01982815598149372 0.01097694840834248 0.01847957688141209 0.005912461780157779 0.00391580156458027 0.0008712960237921901 0.0004786670782552292 8.567819270818805e-05
 0.0686106346483705 0.03813155386081982 0.02512562814070352 0.01237623762376238 0.007542742205833054 0.00704462127155414 0.003891876592131333 0.0009268985972934561 0.0004712669521104414 9.560716926293245e-05
 0.05988023952095808 0.03042596348884382 0.02403846153846154 0.006815471119441131 0.006731740154830023 0.006880330255852281 0.003802113267606879 0.0009253190422947912 0.0004708582863701241 9.559711551636782e-05
 0.08088978766430738 0.05329780146568954 0.04649360712901975 0.02330144714250675 0.01725625539257981 0.005992309869001448 0.003768723104025522 0.0008700864285852395 0.0004789215858755273 9.751653253499798e-05
 0.06700167504187604 0.06208213944603629 0.04829123328380387 0.02109982856389292 0.01899696048632219 0.007472212708988449 0.004179837508816844 0.0008147129397752555 0.0004133268381973045 9.745611690278891e-05
# name: avgRateB
# type: matrix
# rows: 100
# columns: 10
 0.1158301158301158 0.1043509020162717 0.09396400700748528 0.07820797528241769 0.06779978753983629 0.03104017904721305 0.01855420535444106 0.005267902521544608 0.002829895551996941 0.0005898142639256533
 0.1301369863013699 0.1059705350219695 0.09616512255189398 0.08448431344629551 0.07007007007007007 0.03358090055641346 0.02140743082095342 0.00551165956439394 0.002861683687922831 0.0005906153597650223
 0.1095590249246782 0.08833196384552178 0.09044018935914647 0.07353595255744996 0.06346281795383592 0.03175370551459682 0.02040701040828143 0.00537598279685505 0.002815620606537947 0.0005908202343481544
 0.1026873497924405 0.09383305309974507 0.08901442204818762 0.07294683350636577 0.06365326848805607 0.03229539818131717 0.0206326891737832 0.005430998975764623 0.002839826179766715 0.0005899870875980359
 0.1197516262566529 0.1077571782343886 0.1028125154465919 0.07893772377435088 0.06703072632245061 0.03404559252425451 0.02123946381493446 0.005483323703782758 0.002854056207668025 0.0005905982701019932
 0.1272043943336224 0.112666200139958 0.1024412619132562 0.07728295629515576 0.06461344499977487 0.03308170515097691 0.02117530022027997 0.005310958462034945 0.002761363538303851 0.0005908444016208502
 0.1124925991711072 0.09460906818993216 0.09751052670458743 0.07826212055819307 0.06777971592324944 0.03349382457609378 0.02115660893866728 0.005484335367107698 0.002845130693385264 0.0005915239952994615
 0.1085858585858586 0.0989703089073278 0.09203572079460542 0.0790251553357061 0.06795839493684019 0.0325576613317797 0.02066464237516869 0.005399815965455871 0.002813057947080065 0.0005825554368868555
 0.1282798833819242 0.1092360020931449 0.1044621549822144 0.07949438202247192 0.06901597366174857 0.03433781303652833 0.021466057721489 0.005433711482813816 0.002826861895818161 0.0005901781288303403
 0.1144712113446096 0.1030615337981206 0.0934199837530463 0.0796826984921032 0.06498194945848375 0.0309819426140436 0.01947229360454595 0.005309022657192653 0.00280165420229264 0.0005914533214752547
 0.05813953488372093 0.1242197639206477 0.1183397794839231 0.09135120925341746 0.07759944173063503 0.03564212296532423 0.0217930124235518 0.005505638181322725 0.002855464464850386 0.0005894107301727291
 0.0722543352601156 0.04170141784820684 0.02815315315315315 0.07438336467204955 0.06285299870338219 0.0324700597137742 0.02077315993910334 0.005391913230544638 0.00281859737391091 0.0005827959815622382
 0.05882352941176471 0.09785293558806765 0.09207938494546755 0.07703675753859698 0.06441592830227111 0.0314353426575144 0.02031903047131474 0.00529754226694896 0.002776029555207813 0.0005778210132131044
 0.1142181961402127 0.09987113402061856 0.09971861578713531 0.0787518573551263 0.06648936170212766 0.03327082451152381 0.02063031230541865 0.005381925820334589 0.002816540775828959 0.0005912200072014156
 0.1224105461393597 0.1081661891117479 0.1020341421937341 0.08082937972236866 0.06859370863318011 0.03451532783731154 0.02170008430775998 0.00539556831795444 0.00281642808179289 0.0005908349446265143
 0.1008724100327154 0.08531242794558451 0.0935672514619883 0.07193282704032516 0.0613906600034465 0.03175245868451055 0.0205104987686841 0.005477780065292198 0.002807306303075635 0.0005825453944535734
 0.125 0.1083353545153205 0.09782064698120933 0.08074344911639245 0.06714295954696423 0.03372299479259763 0.0210005829593263 0.005208873993445345 0.002867354639983966 0.0005781559991604858
 0.117039586919105 0.09533898305084745 0.08200455580865604 0.07320979180965453 0.06337782936738247 0.03222653977709007 0.02076520486216566 0.005408826321482975 0.002814595689073337 0.0005913733072680768
 0.1143946615824595 0.1108577718374086 0.1021880259677807 0.07975671333486344 0.06825938566552901 0.03329125378436652 0.02126369117699526 0.005496937947317937 0.002824569584883055 0.000589325185088649
 0.1030927835051546 0.108695652173913 0.1031557101873894 0.08037027734921603 0.0670126019273536 0.03244967550324497 0.02084319557982944 0.005428591933664447 0.002830816944982353 0.0005848907453827832
 0.1257502143469563 0.1069258809234508 0.1058823529411765 0.08412878175052581 0.07145399293673174 0.03432823785552189 0.0216826618741678 0.005525404810068846 0.002660511050311715 0.0005862217296551352
 0.1362631966609379 0.124934929724102 0.1144344877694357 0.08557934732431377 0.06915933528836754 0.03406107339688247 0.02105143780611413 0.005370029131061039 0.002851092342753137 0.000590995053826011
 0.03992015968063872 0.02219755826859046 0.01427551748750892 0.08115979971855876 0.06824189458919998 0.03333821392771464 0.0211374360361258 0.005495257796050076 0.002846370733558615 0.0005889704281319246
 0.1132222800624675 0.105752575439876 0.0999569151227919 0.07940930621342993 0.06491264415440923 0.03335572227092132 0.02116226327877851 0.005456403518376583 0.0028503390854892 0.0005920050021452757
 0.1157249829816202 0.09475806451612903 0.08395855662736693 0.07507457184033248 0.06212685334097067 0.03221231543882409 0.02069618286101772 0.005409946546773881 0.002811228410869188 0.0005899632599390001
 0.1098574821852732 0.09398018796037592 0.09851122139100808 0.07955232909860858 0.0674780696273711 0.03374693209708209 0.02142609799734518 0.00549759710730461 0.002857096288938723 0.0005907257640879175
 0.05988023952095808 0.03061224489795918 0.1018937834499794 0.08453735013833384 0.07233413704596718 0.03499300139972005 0.02180903325691488 0.005486851086861502 0.002819496772393017 0.0005843856898009444
 0.1116427432216906 0.09675967596759677 0.08413461538461539 0.07610498585227828 0.06485587583148558 0.03195587462791104 0.02050137721836756 0.005392585744864662 0.002815388106996239 0.0005826588825553912
 0.1163522012578616 0.09877202349172449 0.08406893652795291 0.07510808236242397 0.06330716637123322 0.03238385513547432 0.02084295046651839 0.005470549900410291 0.002849956485563727 0.0005906338551722183
 0.05988023952095808 0.03089598352214212 0.09479717813051146 0.07875916593741512 0.0674339603508594 0.03356550428447051 0.02105737606783433 0.005498789898410316 0.002862199911740859 0.000592517436163182
 0.1187980433263452 0.1073699572605025 0.1041150223103619 0.08531281365005018 0.07235479385977357 0.03439603520970486 0.02112390976336805 0.005420746101873025 0.002813885034069137 0.0005898142639256533
 0.1231581262370794 0.1091192517537023 0.1002438363587104 0.08248556502612044 0.06684103458297007 0.03352325898198273 0.02096016827385978 0.005287436639507054 0.002731950303603665 0.0005846088540695415
 0.1042471042471042 0.08565310492505354 0.07206341580590919 0.07460870975589977 0.06420853398500204 0.03287289148625316 0.02101803460217375 0.005482526745715626 0.002853225485239824 0.0005921537841201387
 0.1087832393231265 0.1009013857123638 0.09425011069643874 0.07767995857068875 0.06692437786905049 0.03345827488674776 0.02107398190370701 0.005418450471109303 0.002812998935284703 0.0005846280863656208
 0.1170298627925747 0.1048255919031267 0.09322560596643878 0.07948350071736011 0.06850802074538656 0.03449256809615248 0.02156258336050268 0.00546546290618116 0.002834911113524256 0.0005852599794266238
 0.1174586225306994 0.09835073384778333 0.09156688224370878 0.07468497805465101 0.06292272523743313 0.03249820079165167 0.02071491545590734 0.005415278427917137 0.002821384372017223 0.0005844697472515062
 0.1198826680270374 0.1103595585617658 0.1044386422976501 0.08052121617106582 0.06650529352795911 0.03334429155121401 0.02081816858349105 0.005407473348881352 0.00281510504937924 0.0005898440337572887
 0.1270345375148869 0.1051276550096546 0.09245283018867924 0.07470376094796496 0.06452102626385305 0.03326851966326864 0.02116056466043685 0.00550687250296595 0.002865963946365258 0.0005926831579268696
 0.1150575287643822 0.09891196834817012 0.08956386292834891 0.07840991976659373 0.06524317912218268 0.03262372131600774 0.02092243097370866 0.00543596434007393 0.002827075912259064 0.0005848973554708722
 0.1252609603340292 0.1183123096998695 0.1097463478450469 0.08565650156640363 0.06964936066140309 0.03398640543782487 0.02131221285664772 0.005422673414882472 0.002822542707759305 0.0005847046805312368
 0.1266568483063328 0.1089711099847947 0.09467195068251871 0.08568443051201671 0.0695721032834639 0.03404964581225073 0.02125556472170818 0.005485190904890839 0.002854351449205954 0.0005905743930510401
 0.07246376811594203 0.1088703784889668 0.104305215260763 0.08320922100628117 0.07079741670494771 0.03382526422225968 0.02102774015400388 0.005428132446431693 0.00282511846344201 0.0005846075796849857
 0.1168786524578893 0.09832272990167727 0.09677814528972192 0.07911190506571393 0.06707153484061364 0.03364080303852415 0.02094562924771502 0.005411811324077607 0.002820693756800741 0.0005844183373436977
 0.1233644859813084 0.1024832479306267 0.1069932323557847 0.08433236874741629 0.06882541992602026 0.03241228425573292 0.02044631382170814 0.005331891883941261 0.00282881952131454 0.0005910428347916673
 0.1214470284237726 0.1056758138742117 0.1007774258566081 0.08266783129523335 0.07083543363489242 0.03418985424947946 0.02136704906316542 0.005485463521667581 0.002854455345015527 0.0005905849268061147
 0.1312766655726945 0.1112037809285516 0.1059638636054884 0.08289181336523671 0.06764295676429567 0.03379790524643809 0.02107410937686167 0.005505604115761311 0.002855223862006456 0.0005922396403619832
 0.1164254247954688 0.09907834101382489 0.08727420336919017 0.07809710817565155 0.06630103595368678 0.0333487725798981 0.02103540960617039 0.005446166736489317 0.00284834605404046 0.0005918958960036931
 0.07741935483870968 0.04811547714514836 0.03350083752093803 0.06283918880319908 0.06745904272406039 0.03341113467530775 0.02089600901047764 0.005467948495216916 0.002854317178598158 0.0005921550741253385
 0.1083926912356767 0.09264160931709899 0.09373873332532147 0.07345714137913197 0.06710138261316594 0.03324855922910008 0.02091512860969435 0.005474248071613452 0.002851557304340587 0.0005904641622928397
 0.1233262861169838 0.1094890510948905 0.1010197274373392 0.08229360233607645 0.06945158966971911 0.03390637082862411 0.02117353382564895 0.005364667927055315 0.002785116720400212 0.0005919290572035094
 0.116710875331565 0.1018518518518518 0.08944195994555708 0.07495230307985827 0.067045698347994 0.03256120189142276 0.02028624488182516 0.0053775183028332 0.002812781278127813 0.0005840887878316288
 0.05988023952095808 0.03329633740288569 0.08095238095238096 0.07308829742289819 0.06234525549622646 0.03164285276261728 0.02039586856640997 0.005414791374512669 0.002821670428893905 0.0005844711368340051
 0.119047619047619 0.1011526699600094 0.104384133611691 0.07906783187682064 0.06888496211327083 0.0341962053243124 0.02111492878441582 0.005238383744232651 0.002832580203983924 0.0005880815473078934
 0.1008161305808929 0.09155645981688708 0.08571865911526098 0.05918440996030314 0.06341119722508265 0.03197405533795435 0.02027281415621651 0.005452642518901274 0.002845691880324333 0.0005902163519242242
 0.1119525847876194 0.09460211463550362 0.09592049000346702 0.07150103869752161 0.06498343307733799 0.03219262120825589 0.02076790598723533 0.005325414245113285 0.002765165444265114 0.0005710596487665905
 0.1215277777777778 0.1122669687918426 0.1036227154046998 0.07657945118059988 0.06956323412019615 0.03385007286371616 0.02142509568665616 0.005346653854638316 0.002857438737664111 0.0005908605765331989
 0.09651076466221233 0.1043534974726887 0.09526558891454966 0.08273819892004877 0.06737349739370944 0.03251728648850682 0.02135481235712699 0.005506862326593895 0.002860255407370437 0.0005908499157939734
 0.1186440677966102 0.09898656610888522 0.09843856076035302 0.08295910321895034 0.06995291107542394 0.03422225843625232 0.02154698562068511 0.005501220237106284 0.002858738049419714 0.0005926028106417988
 0.1249305941143809 0.1114274095160634 0.1063298365803183 0.08609295180938091 0.07250955260703433 0.03321591526986454 0.02095178921055103 0.005354152154258866 0.002789822803110413 0.000585641688191307
 0.09936124911284598 0.07714169711733658 0.0628722700198544 0.07687758722649321 0.06549701449351607 0.03276532413443013 0.02068594002513916 0.005355171144644829 0.002787030634351158 0.0005825275036199923
 0.09493670886075949 0.09872381411028172 0.08684600720186401 0.07982583454281568 0.0650239561943874 0.03300970873786408 0.02092822848701219 0.00535479699019646 0.00278988432046663 0.0005769605953757501
 0.07978723404255318 0.1105963234195187 0.1064668769716088 0.08561254640503067 0.07121828122809477 0.03360926121864691 0.02095136921624174 0.005488807805158374 0.002855563125672567 0.0005922433942082953
 0.1202003338898164 0.1073183346263253 0.09998795325864353 0.08038117407434349 0.06874820968203953 0.03358391796440822 0.02112390763354361 0.005425665612906441 0.002823820408850906 0.0005845687715435885
 0.1209904333145751 0.1096296296296296 0.1037868162692847 0.07704430047277185 0.06942401600282402 0.03303681912633373 0.020777657043846 0.005272244602446767 0.002860766128529038 0.0005780041319377569
 0.05952380952380953 0.1129224652087475 0.1080094318095383 0.0812780269058296 0.06565307532826538 0.03216533488672484 0.02066643940685188 0.005369285480495887 0.002798720421202648 0.0005803510945857403
 0.1182318957409647 0.1092247417784637 0.1067615658362989 0.08117040925439875 0.07048264089645109 0.03421458123536477 0.02120906725229765 0.005396664048422123 0.002802808952095004 0.0005861293286442987
 0.1094890510948905 0.1046580188679245 0.09653297076818491 0.07061017852384759 0.06305125571180617 0.03250468700542962 0.02042137053282519 0.005370430995479273 0.002840129221130182 0.0005915496245836153
 0.03992015968063872 0.02219755826859046 0.01427551748750892 0.0858206121364016 0.07120357870774768 0.03467199100919405 0.02161114837171175 0.005521280937177425 0.002868826506037968 0.000588418497500113
 0.1218339211285669 0.1059793274892058 0.09814482345900659 0.07810395906275248 0.06635965790452218 0.03325011083370278 0.0210435902941808 0.005492306116939575 0.002842636463413342 0.0005827959815622382
 0.1181592039800995 0.1070918610185626 0.1001335113484646 0.08047310701051766 0.06869615800116341 0.03409224961660965 0.02134549734277798 0.005423335945944942 0.002810151189983543 0.0005826512614201629
 0.05988023952095808 0.09205681220410311 0.07981755986316989 0.07854035766070565 0.06679939225650966 0.03337653549267666 0.02112599368398127 0.005319928560959324 0.002790973195265598 0.0005869241597153042
 0.1088065283917035 0.09148084619782733 0.07839294463498285 0.07953395890745457 0.06701436438332217 0.03292624521072797 0.02051029616867668 0.005432593005809958 0.002840213225672096 0.000589988372477478
 0.1263791374122367 0.1144492131616595 0.1063058709833293 0.08177343719722513 0.06779444213488536 0.0338947393027034 0.02130520067295048 0.005459482061310531 0.00281271154927966 0.000584088093948293
 0.1262010612361968 0.1162486938349007 0.1094375147093434 0.08655978168173291 0.07068232378699559 0.03341033857465783 0.02117734388076646 0.00545534761365155 0.002836928373309104 0.0005904037985550165
 0.1158422041327489 0.09942703067071117 0.09875989001739521 0.08011039135267738 0.06622516556291391 0.03313973735353921 0.02113574161376761 0.005451001044005285 0.002831417407554221 0.0005848992109610509
 0.1098248738498071 0.0940279542566709 0.1015525827555903 0.0758587991896901 0.06538515504419812 0.03410480760184401 0.02138800796518917 0.005458335317627492 0.002847285190008513 0.0005902866158452339
 0.1159267553681992 0.1062299435653425 0.09981285090455397 0.08195159138555365 0.06824313601015712 0.03288023280716562 0.02118215204881293 0.005437404891808633 0.0028244109806182 0.0005830438936861106
 0.105433901054339 0.1094508422956124 0.1041892771868895 0.07863160582078121 0.06388342138886011 0.03249963068601493 0.0206760794754507 0.005402178451351094 0.002816947291466853 0.0005844823695351146
 0.1247201790853854 0.1114045221983826 0.1062741084783122 0.08157331502645075 0.06693962435822447 0.03363016294050777 0.02101796277437109 0.005398095743426482 0.002807963115056528 0.0005807527824599182
 0.1208824418253249 0.1100729553308588 0.1013539651837524 0.07670740094164948 0.06854610111838376 0.03422802549238801 0.02162705347780497 0.005475636175213008 0.002851983037400216 0.0005904895515053521
 0.05870841487279843 0.03128258602711157 0.0202020202020202 0.08117108366865547 0.06825261965448881 0.03360206930728972 0.02108672184238935 0.005430974720944285 0.002828932984016049 0.000590618520290521
 0.106973058637084 0.08769080870412473 0.07368995633187773 0.07564995027702799 0.06358501168189749 0.03196110648450337 0.02075692657237225 0.005438767016817917 0.002832812389343266 0.000591600655707215
 0.1277547109549665 0.1094177413051973 0.09777434709893221 0.07561104272903113 0.06678427419354839 0.0331196077506954 0.021096746696974 0.005487054039224178 0.002831675603242892 0.0005849048934729571
 0.08976660682226212 0.09534619750283768 0.09932344897077874 0.08002772614134031 0.06777541578091785 0.03385327894866762 0.02123298780577714 0.005456696171889592 0.00284672760064806 0.0005902730527872475
 0.1036054703688355 0.09963023829087921 0.1004608294930876 0.08341269580637746 0.07095948352626892 0.03326111143643497 0.02088957213154546 0.005438946902280866 0.002808326017994301 0.0005838991877269537
 0.1140771161305042 0.1073345259391771 0.1028947729455344 0.08242545871559633 0.06930424563835237 0.03303952423085108 0.02109297353725591 0.005479845019685148 0.002852963252301518 0.0005905485284244086
 0.03992015968063872 0.02219755826859046 0.01427551748750892 0.07728206085495613 0.06482494529540482 0.03147273905396649 0.01985502908907754 0.005382767506269287 0.002817386702505856 0.0005858780431515013
 0.1107945552389997 0.09319899244332494 0.1025759679160882 0.08113510759220789 0.06590365991699157 0.03277412965822949 0.02053251597178625 0.005259512495046058 0.002728961293912014 0.000589683545731542
 0.1046831955922865 0.08352071956312239 0.08094186902133922 0.07585545784187055 0.06577250451379933 0.03281197463158993 0.0205900562986854 0.005400467552343345 0.002831676770748209 0.0005896313913421138
 0.05988023952095808 0.1066894270777766 0.1003210272873194 0.07582229816317813 0.06329281533857684 0.03231239902375305 0.02045761211787067 0.00534077850134072 0.002778560245893 0.0005858734046330711
 0.09146341463414635 0.09285425918449737 0.0954081347988618 0.07739278614030104 0.06515436803251741 0.03223891714481908 0.02040136564243484 0.005401243015791337 0.002841921671316076 0.0005916426810634372
 0.1233552631578947 0.1128802281368821 0.105461811722913 0.08271077908217717 0.06827842720510095 0.03381670201180718 0.02138002268015919 0.005497820243416914 0.00285783882172648 0.0005844557359971836
 0.08754863813229573 0.1053846153846154 0.1007797557746064 0.07583554520340177 0.06805919912884226 0.03368819834076631 0.02097234039377248 0.005474947081615164 0.002856223079619845 0.0005922580581264639
 0.08950366151342555 0.06289308176100629 0.08148299042574862 0.07631196788063441 0.06611129946239164 0.03321646060158701 0.02105851095948312 0.00523621673092368 0.002832064307884486 0.0005828495913015051
 0.1164337990685296 0.101142313184198 0.09418464571240828 0.07780636255255066 0.06590038314176246 0.03272074776877338 0.02070897795102936 0.005380712889552632 0.002807725255488673 0.0005824812234007671
 0.1061776061776062 0.09910246821241586 0.09308839278359007 0.07674916706330319 0.06506957265727023 0.03387126606862111 0.02129636246694776 0.005503272415678048 0.002859303097642322 0.0005904633433223351
 0.07734806629834254 0.09348706762231225 0.0880718255664814 0.07466537165751055 0.06413615831898381 0.0326510833698687 0.02074398004092731 0.005438737037064258 0.002836064039662881 0.0005844526096106199
 0.09799918334013882 0.08652657601977751 0.07465618860510806 0.07477065539355246 0.06371165923363975 0.0328477417177569 0.02090443686006826 0.005423990586158712 0.002833326450110884 0.0005780060769816998
 0.121265571601808 0.1108374384236453 0.1034428300694883 0.0784893641223979 0.06763448392473249 0.03405765817623639 0.02100885681600702 0.005412675798822246 0.002839409099024155 0.0005916840098682603
 0.1153612629022465 0.09778692743180648 0.09633521961735381 0.07538622764612421 0.06339101099140276 0.03160760428202289 0.01995833515434932 0.005370382886379869 0.002826934498880648 0.000589519063226513
