# Created by Octave 3.0.1, Thu Sep 10 03:32:59 2009 PDT <jwawerla@marvin2>
# name: prtA
# type: matrix
# rows: 100
# columns: 10
 66.90000000000001 296.5 318.7 489.8 533.1 1407 1576.5 1906.6 1974 2133.1
 290.1 575.7 608.1 1509.6 1561.2 2049.7 1986.4 2654.7 2723.1 2883.2
 297.8 599 635.8 1455.1 1510.4 1564.7 1629 1775.3 1843.8 2003.1
 258.3 1074.9 1103.2 1207.5 1265.4 1215.9 1274.7 1425 1492.7 1652.1
 301.3 665.5 930.3 1197.8 1257.1 2007.2 2074.4 2233.4 2302.4 3817.5
 301.7 841.3 1157.9 1482 1540.3 2000.8 2068.2 2691.2 2760.2 2780.7
 72.3 612.3 629.4 835.3 1072.3 1636 1702.3 2901.5 2966.6 3127.1
 206.2 264 282 782.1 953.3 1704.5 1770 1927.5 1993.8 2801.5
 58 136.5 178 749.6 1231.6 1369 1800.2 2523.8 2590.1 2750.5
 75.90000000000001 368.5 387.8 488.4 820 1833.6 2072 2227.8 2294.5 2912
 41.7 54.7 310 1039.9 1250.8 1692 2072.5 2228.5 2295.2 2455.6
 80.8 177.3 260.2 997.5 1037.8 1171.6 1236 2441.1 2859.8 3030.2
 78.7 136.7 151.1 712.5 757 1504.8 1568.8 2605.9 2673.2 2854.5
 78.2 296 355.6 776.9 872.7 1872.9 1935.8 2092.5 2160 2337.1
 104.4 142.7 154.7 648.7 1096.2 1717.1 2081.8 2237.3 2304.9 2479.3
 80.90000000000001 98.09999999999999 196 628.9 810 1258.3 1321.5 1809.8 1877.4 3497.5
 55.5 198.1 255.6 714.2 758.4 891.2 954.4 1109.6 2116.9 2973.4
 95.7 248.3 437.9 861.8 951.4 1843.2 1906.1 2060.6 2048.1 2207.2
 97.7 243.5 258.5 825 1026.1 1156.4 1219.6 1374.3 2659.6 2831.1
 160.1 279.4 321.7 944.8 1047.3 1389.9 1648.6 1803.5 2276 2448.5
 141.7 295.6 338.3 404.7 904.6 1757.1 1820.3 1975.1 2570.5 2741.3
 83 182 197.7 830.9 875.6 1377.4 2082.9 2422.9 2489.8 2648.6
 102.3 179 194.5 744.9 788.8 920.7 2369.1 2891.9 2959.3 2138.5
 40.1 74.59999999999999 127 824.8 867.2 1444.7 1505.5 1614.1 1681.7 2555.2
 155.9 291.9 327.8 744.8 786.2 1563.3 1623.7 2002.7 2070 2908.9
 65.90000000000001 206 462.3 522.3 563.9 900.1 1696.6 2083.3 2150.7 2316
 142.6 199.3 212.8 869.6 954.8 1382.6 1442.2 1605.4 1672.9 1837.9
 63 141.5 175.3 490.7 1220.6 1668.5 1728.1 1891.4 1958.9 2124
 132.6 152 164.2 588.7 1086.8 1759.5 1819 1981.4 2539.2 2703.9
 70 84.09999999999999 171.9 881.3 1224.4 1347 1815.1 1971.4 2038.7 2203.2
 77.5 172.5 310.9 466.1 506.6 1525.6 1584.9 1741 1808.3 2294.4
 67.40000000000001 119.9 130.5 910.1 1143 1335 1785.1 2411.2 2478.5 2645.2
 77.8 187 221.5 669.8 709.2 1416.9 1478.5 2129 2197.8 2363.5
 86 200 471.3 822 861.4 1397.7 1459.2 2384.5 2453.3 2618.8
 117.6 135.3 569.8 721.6 829.7 1271.7 1333.9 2027.9 1816.1 1983.1
 52.1 61.9 68.2 739 824.7 1645.3 1707.2 1862 1933.2 2831.8
 139.1 309.9 601.8 716.4 754.9 1150.9 1564.2 1719.1 1790.3 3125.2
 55.2 65.09999999999999 71.59999999999999 456 1028.7 1275.1 1700.2 1854.4 1925.1 2087.1
 65.90000000000001 130.6 141.3 810.2 848.4 1734.6 1795.7 1950 2020.9 2182.8
 75.90000000000001 104.8 113.5 328.4 631.7 1099.7 1159.6 1312.3 1683.1 2828.8
 187.5 206.6 218.6 267.5 831.6 1162.4 1222.2 2017.8 2066.7 2225.8
 74.40000000000001 160.9 171.9 246.7 592.4 1381.6 1440.3 1591.9 1979 2623.3
 128 193.2 205 529 564 1377.2 1626.3 2121.6 2192.2 2357
 80.3 91.90000000000001 153.5 709.1 744.3 1032.8 1269.7 1420.6 1491.2 2994.7
 78.59999999999999 90.09999999999999 229.2 688.5 756.3 1013.3 1495.2 1646.3 2195.6 2741.8
 101.5 146.7 156.5 415.1 754.6 916.9 974.9 1849.1 1918.4 2081.7
 83.40000000000001 113.1 121.7 576.8 740.2 1145.9 1203.9 2146.6 2215.8 2377.5
 75.90000000000001 224.5 236 279.8 465.2 1017.2 2140.4 2290.6 2800.4 2956.5
 147.7 164.9 293.6 384.5 481.8 1201.6 1259.5 2391.3 2460.4 2974.7
 144.4 214.1 225.8 431.1 739.8 1436.3 1717.4 2148.6 2217.7 2381.7
 160.2 241.7 254 573.6 607.4 1401.3 1615.1 2292 2361.2 2525.1
 66.3 77.2 103.8 136 780.8 955.8 1459.2 1609.5 1678.4 2843.5
 40.1 65.3 71.2 473.9 854.6 1206.1 1959.8 2320.5 2389.3 2552.8
 120.1 136.7 146.6 278.1 309.4 1167.6 1225.5 1375.4 2060 2223.5
 119.6 136.3 201.7 764.6 837 996.4 1054.2 2000.4 2069 2232.2
 53.7 63.1 123.1 595.6 895 1193.9 1470.1 1619.5 1688.1 3159.1
 68.40000000000001 79.90000000000001 215.2 531.9 872.7 1425.1 1483 1365.9 2050.6 2223.2
 172 286.2 298.8 444.9 776.3 1074.6 1132.7 1941.1 2008.4 2623.3
 128 145.6 155.6 542.9 818.9 1514.2 1572 1869.3 1937.8 2099
 137.2 155.5 165.8 338.7 904.2 1192 1560.6 1709 1777.5 1938.5
 40.6 98.59999999999999 106.5 166.4 547.3 1443.9 1501.8 1650 1718.5 3261.2
 179.4 216.6 228.2 272.6 712.9 1412.9 1886.6 2277 2620.5 2781.3
 78.3 124.1 133.3 550.9 689.2 799.5 1615.1 1763.5 1832.1 1992.9
 166.8 205 216.5 287.4 704.4 1557.7 1615.3 1763.8 1832.4 1993.3
 77.40000000000001 139.5 307 430.3 926.1 1037.5 1618.2 1767.2 1835.8 1996.8
 81.40000000000001 128.9 138.4 796.2 828.7 1498.6 1556.1 1705 1773.6 2527
 138 190.2 201.6 670 702.5 1021.4 1609.5 1758.3 1822.9 1982.1
 52.9 62.4 68.2 419.5 451.8 1089.7 1147.2 1582.8 1966.6 2752.1
 94.40000000000001 170.5 342.7 434.1 911.6 1163.5 1221.1 1911 1978.3 2137.5
 67.5 133.3 143.2 617.7 693.9 1606.5 1781.1 2140.1 2199.5 2127.7
 173.2 385.4 398.9 492.8 525.8 1182.3 1240.3 2300.5 2372.2 2744.2
 67.09999999999999 79 128.8 847.9 983.7 1354.9 1663.4 1811.6 2195.7 2783.4
 182.7 204.1 276 437.2 603 1352.8 1626.2 2096 2167.7 2002.5
 164.6 253.7 345.2 505.2 538.4 1045.6 1908.9 2057.1 2129 2280.6
 90.3 140.8 151.5 236.9 656.6 1357.8 1416.1 2439.4 2509.6 3091
 66 77.40000000000001 203.3 273.9 850 1088.1 1770.8 2117.9 2188.1 2347.9
 209.6 403.6 417.4 786 922.5 1237.1 1295.5 1673.2 1743.4 1901.5
 126.9 144.3 155 490.2 568.3 1026.7 1085.1 2019.6 2089.8 2248
 112.5 128.9 274 703.3 802.8 1280.7 1706.8 1706.4 1774.7 3283.8
 68.8 80.2 108.5 363.3 396.6 1689.1 1747.5 1880.3 1948.6 2112.6
 112.4 145.2 155.5 246.9 835.3 1221.7 1926.9 2343.2 2413.1 2570.7
 119.4 152.7 220.3 470.7 569.8 1478.7 1537.5 1924.9 1994.8 2151
 109 186 197.5 764.5 798.8 1228.7 1287.4 1816.2 1886.1 2749.3
 100.9 115.2 124.4 624.6 829.5 1130.1 1188.8 1900.5 1970.4 2126.7
 222.2 243.4 255.9 724 796.7 1403.8 1580 1729.8 1799.7 2760.1
 75.5 104.8 113.5 626.3 876.3 1314.6 1373.2 2061.5 2131.4 2287.7
 171.1 254.5 360.3 443.1 815.4 929.3 988 1649.8 1719.8 1876.2
 65.40000000000001 141.5 152.8 512.1 584.7 1239.2 1298 2121.6 2191.5 2742.4
 175.8 196 228.8 276.4 597.8 1127.9 1372.9 2151.9 2874.5 3031
 102.7 204.8 218 265.9 299.9 1701.9 1760.6 1910.7 1958 2117.1
 77.09999999999999 89.59999999999999 152.4 601.7 674.9 1334.6 1766.8 1916.4 1986.9 2121
 40.1 80.90000000000001 145.3 1019.3 1056 1222.2 1281.1 1430.6 1806.9 2598.7
 74.8 135.3 188.1 520.6 1010.1 1452.2 1511.2 1660.9 2068.1 3795.5
 64.2 170.1 183.2 351.8 387.6 1429.8 1488.7 1638.7 2053.2 2943.9
 53.5 62.8 141.3 627.5 663.8 1506.8 1565.8 2366.5 2435.8 2349.6
 75.8 136.1 420 605.4 1004 1534.3 1593.4 1743.3 1812.6 1946.8
 52.3 61.4 68.3 728.3 764.9 881.3 1564.6 1714.8 1784.2 3288
 40.6 191.2 205.2 497.8 835 1124.9 1627.8 2033.4 2890.2 3048
 82.90000000000001 156.9 170 844.4 880.9 1415.5 1588.3 1738.5 1807.8 1912.5
 55.6 147.7 160.5 721.5 938.1 1517.8 1710.9 1861.2 1929.1 2065.8
# name: prtB
# type: matrix
# rows: 100
# columns: 10
 580.4 599.2 765.8 1011.5 1342.7 1727.4 1789.1 1942.9 2011.1 4013.7
 372.5 440.6 769.8 1296.7 1741.4 1868 1931.5 2087 3307.2 3357.8
 422.2 912.7 932.2 1464.7 1709.5 1843.4 2658.1 3295.8 3364.2 3524.4
 478.3 596.2 961.2 1230.9 1796.4 1933.6 1999.1 2156.5 3225.3 3385.6
 606.9 855.8 1161.5 1320.5 1894.5 2274.4 2162.8 2308.2 2375.1 2533.9
 572 633.3 1396.6 1724 1974.1 2123 2190.5 3000.1 3069.1 2981.9
 302 857.3 961.4 1057.4 1113.2 2763.5 2829.9 2988.2 3057.1 3920.3
 125.8 449.5 466.7 1515.8 1862.2 2207.1 2272.9 2430.6 2496.5 2656.9
 390.3 528.5 547.7 1787.2 1833.9 2673.9 2739.8 2897.7 2963.6 3124.1
 297 655.6 968.9 1036.4 1077.1 1616.1 1680.3 1836.3 1903.4 3916.4
 239.2 396.6 801.9 1771.1 1812 2622.9 2687.1 2689.4 2756 3226.7
 301.7 757.2 776.2 1120.8 1214.7 1854.1 2315.8 2472.1 2539.3 2720.5
 267.1 704.7 723.8 1655.8 1700.3 1941.3 2005.5 2162.9 2587.4 3228.6
 236.1 377.8 1070.8 1560.9 1733.6 2280.3 2343 2499.4 3333 4030.2
 208 605.8 1296.2 1364.8 1408.6 1855.7 1918.6 2727.2 2794.8 2970.4
 167.9 662.5 717.1 1101.6 1771.1 2265.4 2328.3 2483.7 2551.4 3700.3
 704.8 735.7 842.3 1564.8 1660.1 2303.1 2366.2 2801.8 2869 3555.4
 132 656.3 715.8 1317.2 1363.4 2455.7 2970.9 3125.7 3193 3364.5
 553.6 881 899.1 1540.9 1634.4 2000.8 2062.3 2211.8 2938.2 3109.7
 148.8 1003.6 1125.1 1557.4 1967.4 2100.7 2163.2 2651.9 2719.3 2888.8
 58.8 1074.2 1133.6 1546.4 1647.4 2178.4 2239.3 2628.9 2697.2 2868.2
 576.4 621 679.6 1309.8 1403.7 1528.4 1730.4 2663.8 3203.2 3224.8
 266.2 482.7 1005.9 1548.2 1588.9 2350 2827.4 2380.7 2449.1 3361.3
 265 289.6 393.8 1074.4 1115.8 1583.9 1643.4 3400.6 3468 3632.9
 288.4 434 991.8 1232.9 1273 1918.7 2927.4 3083 3150.3 3192.6
 129.2 630.3 993.1 1198.6 1238.5 2169.6 2228.2 3054.9 3923.2 4519.7
 370.4 396 432.5 1178.8 1218 2053.1 2114.5 2671.1 2740 3837.3
 190.6 674.3 895.8 1375.9 1903.1 2364.9 2426.4 2581.5 2650.3 2815.6
 282.4 360.3 432.3 1096.6 1803.6 2198.6 2406.6 2736.3 2690.6 3178.2
 231.6 838.4 853.4 1246.2 1511.8 1630.5 2491.8 2646.8 2717.9 2880.2
 105.6 322.7 435.4 1552.1 1784.2 1902.7 1964.2 2875.2 3470.8 3633
 41.9 701 844.2 1166 1204.1 1788.4 2453 2607.2 2677.9 2839.8
 403.2 648.1 723.1 1109.7 1147.2 1883.8 2091.6 3336.1 3406.5 3283.8
 218 238.8 697.4 784.8 894.7 1750.5 2447.8 3498.9 3569.3 3624.8
 554.8 836.5 870.5 1279.8 1315.8 1850.9 2392.2 2949.4 3020.7 3659
 214.8 536.5 608 1158.1 1263.6 1468.1 2855.7 3275.2 3875.1 4041.4
 40.1 49.9 54.6 1048.5 1158.1 1994.4 2212.8 2364.4 2435.3 3812.9
 223.2 242.7 376.4 1464.2 1499.5 2045.3 2103.9 2737.5 2808 2885.5
 357.4 619.3 757.9 1270.6 1470.7 1742.6 1801.3 1952.2 2022.8 3881.8
 138.2 185.2 320.2 1306.9 1342.2 2014.5 2073.4 2224.3 2295 3364.7
 106.4 120.8 957.5 1086.2 1121.5 1707.5 2200.4 2352.3 2422.9 3310.4
 298.3 469.1 482.4 1323.5 1520.2 2228.3 2448.1 2599.7 2670.2 2834.3
 212.8 427.8 497.1 1343.1 1439.4 1869.2 2051.8 3092 3161.5 3325.1
 41.3 64.90000000000001 598 935.4 1336.6 1766.7 1824.6 3359.8 3429.1 3592.3
 236.2 256.3 544.4 1195.3 1637.9 2417.7 2475.6 2625.9 2695.1 3147.3
 221.6 383.9 396.9 895 1715.9 2309 2549.5 2699.7 2768.8 2932.6
 155.3 174.2 560.4 1120.1 1153.2 1968.1 2025.9 2734 2802.6 2965.9
 188.4 271.3 283.8 779.2 1628.4 1895.3 2054 2203.4 2272 2433.3
 261 283.8 669.5 1107 1409.3 1811.8 2689.3 2837.8 2906.4 3067.6
 374.3 507 721 849.7 1337.9 1801.6 2120.7 2686.9 2755.4 2916.6
 255.4 338.1 548.4 1053.1 1837.8 1947.2 2004.9 2153.4 2706.4 3583.4
 281 559.1 742.8 1348.3 1454 2283 2340.8 2489.4 2557.9 2718.9
 161.6 386 667.4 1125.1 1218.1 1385.5 1443.4 2989 3057.5 3218.5
 366.7 391.5 404.4 1315.5 1347.9 1457.8 2595.6 2888.2 2956.7 3117.6
 214.6 834.2 999.3 1185.6 1770.5 2038.3 2096 2244.3 2312.9 3197.5
 89.59999999999999 669.3 682.6 1657.5 1803.1 2053 2110.6 2259.4 2707.1 2868
 160.1 604.4 617.8 1318.6 1463.8 1676.7 1922.7 3007.8 3820.2 3989.2
 267.2 290.3 357.4 1531.4 1564 1751.8 1809.2 2155.3 2707.5 3592
 203.1 462.7 880.4 929.9 1003.1 1858.7 2635.2 2783.9 2854.3 2963.8
 94 368 864.7 1149.3 1558.6 1761.4 1819.1 2943.7 3014.1 3088
 333.4 537.6 570.8 1086.9 1156.4 2029 2332.1 2792.7 2863.1 4073.9
 243.8 331.1 344.3 917.8 1322.4 1991.6 2049.3 2198 3826.4 3989.2
 258.8 338.8 352.1 1393.1 1426.1 1731 2033.9 2182 2647.5 2812.3
 579.9 605.3 689.2 1255 1580.6 1975.7 2034 2182.2 2253.9 3073.6
 151.5 702.1 1047.8 1148.3 1181.8 2174.5 2232.9 2809 2879.3 3973.1
 316.8 681.2 695.4 1260.6 1294.2 1838.6 1896.9 3148.1 3218.4 3378.2
 104.7 432.2 1015.9 1487.6 1521.1 2106.8 2165.2 2526.6 2596.8 2754.9
 87 582.1 723 1059.8 1093.8 2015.7 2511.5 2840.6 2907.2 3065.7
 251.2 432.6 601.4 1396.7 1846.5 2054.9 2284 2432.8 2808.3 2966.5
 41.3 630 644.3 1204.2 1238.3 1858.2 1916.6 2741.6 2808.1 2966.6
 205.8 453.6 909.4 1023.6 1402.5 2093.9 2389.6 2741.6 3473.1 3631.3
 399.3 1027.8 1041.7 1252.3 1588.1 1851.4 1909.8 2059.4 2129.5 2287.8
 43.3 68.5 75 1210.5 1373.7 1801 1859.5 3126.3 3196.4 3353.9
 306.7 328.5 1027.6 1242.1 1318.5 1791 1849.5 1999.1 3162.2 3319.8
 327.6 349.7 506.9 588.1 1474 2250.3 2308.9 2925.1 2995 4340.7
 340.4 715.7 729.5 1181.7 1323.9 1897 1955.6 3005.8 3075.7 3231.9
 242 833 1009.6 1146.6 1460.5 2024 2082.8 2688.1 2758 2826.9
 313.8 461 695 1128 1162.8 1660 2450.3 2753.9 2823.8 2979.3
 260.3 391.6 637 1509.5 1648.8 2116.8 2175.6 2801.9 2871.8 3087.8
 156.3 174.3 268.9 1096 1130.9 2723 2781.7 2931.5 3674.4 3744.9
 445.5 468.1 871.8 1030.5 1341.9 1589.3 1935.6 2983.4 3053.2 3209.5
 42.9 390.1 574 1152.4 1224.2 2233.6 2292.4 3152 3220.4 3291
 250.4 625.9 639.8 920.4 955.7 1117 2238.8 2453.4 2520.3 3520.8
 368.1 391.4 425.3 1192.8 1228.3 1342.5 1401.2 2499.7 3058.7 3215.2
 333 404.9 419.7 1503.7 1539.2 2289.6 2457.1 2606.9 2676.7 2833.2
 308.7 332.3 885.7 938.5 1044.4 1946.9 2005.8 3818.1 3886.4 4043
 40.1 713.7 728.8 898.5 1042.5 1464.8 1960.1 2740.3 3208 3364.5
 386.2 409.7 424.6 1160.1 1233.8 2197 2255.4 2606.8 2675.1 2831.7
 379.4 418.2 433.2 1258 1355.2 2338.3 2396.7 2717.5 3115.5 3279.1
 223.7 317.6 724.8 1000.3 1385.2 1708 1766.6 2788.1 2854.6 3013.1
 325.6 394.8 684.9 1140 1253.7 2086 2144.6 2790.9 2859.3 3495.5
 217.8 338.7 456 1827.8 1927.4 2042.4 2365.2 2915.8 2984.1 3140.1
 55.5 377.3 392.2 1340.3 1814.3 1929.4 1988 2671.4 2764.7 2928.1
 448.8 819.8 835.2 968.6 1082.7 2212 2390.1 3813.4 2948.7 3112
 486 540.5 778.4 1211.9 1391.7 1564.5 1932.5 2082.6 2067.3 2582.2
 76.5 543.6 637.2 1399.3 1476 2808.4 2867.4 3017.2 3087.8 3086.1
 100 276.4 345.4 460.8 1656.9 2042.2 2101.1 2985.2 3055 3213.7
 164.5 251.7 285.4 1250.6 1573.8 2115.2 2349.2 3148.7 3950.9 4109.6
 206.5 702.6 719.2 1035.3 1636.9 2054.2 2113.2 2864.2 2933.4 3091.3
 40.1 719.7 736.4 1025.8 1637.2 1752.8 1811.9 2362.9 2432.1 3468.1
# name: collectedA
# type: matrix
# rows: 100
# columns: 10
 7 20 20 24 24 46 47 48 48 48
 13 25 25 42 42 45 46 48 48 48
 17 30 30 48 48 47 47 47 47 47
 13 43 43 43 43 43 43 43 43 43
 13 29 37 40 40 46 46 46 46 49
 15 33 40 44 44 46 46 48 48 48
 4 32 32 35 39 43 43 47 47 47
 15 16 16 36 39 46 46 46 46 48
 3 6 7 26 40 40 44 48 48 48
 4 18 18 19 27 47 48 48 48 49
 2 2 13 37 41 46 48 48 48 48
 5 9 12 34 34 34 34 48 49 49
 5 7 7 25 25 43 43 47 47 47
 5 18 20 33 34 49 49 49 49 49
 8 9 9 25 36 45 47 47 47 47
 5 5 10 27 31 38 38 41 41 48
 3 11 13 31 31 31 31 31 45 49
 6 14 23 37 38 49 49 49 49 49
 6 14 14 33 36 36 36 36 47 47
 11 16 17 38 39 42 43 43 44 44
 9 17 18 18 32 44 44 44 48 48
 5 10 10 32 32 39 47 48 48 48
 6 9 9 31 31 31 46 49 49 47
 2 3 5 33 33 39 39 39 39 48
 11 18 19 31 31 43 43 45 45 49
 4 12 27 27 27 31 48 49 49 49
 10 12 12 38 39 45 45 45 45 45
 4 8 9 22 44 48 48 48 48 48
 9 9 9 24 37 46 46 46 49 49
 4 4 8 36 43 43 48 48 48 48
 5 10 17 21 21 47 47 47 47 49
 4 6 6 37 42 43 47 49 49 49
 5 11 12 31 31 42 42 45 45 45
 6 12 26 38 38 43 43 48 48 48
 8 8 32 35 37 43 43 48 47 47
 3 3 3 32 33 47 47 47 47 49
 10 19 35 37 37 42 45 45 45 49
 3 3 3 20 37 40 44 44 44 44
 4 7 7 33 33 49 49 49 49 49
 5 6 6 15 26 37 37 37 42 49
 13 13 13 13 34 39 39 46 46 46
 5 10 10 11 25 39 39 39 40 47
 9 12 12 25 25 43 45 47 47 47
 5 5 8 36 36 40 42 42 42 48
 5 5 13 35 36 38 45 45 48 49
 7 9 9 20 32 33 33 41 41 41
 7 8 8 29 33 41 41 47 47 47
 5 14 14 14 19 29 45 45 47 47
 10 10 17 19 21 39 39 48 48 49
 10 13 13 20 30 45 47 49 49 49
 12 16 16 28 28 43 45 49 49 49
 4 4 5 5 35 36 42 42 42 49
 2 3 3 21 32 38 46 47 47 47
 9 9 9 14 14 41 41 41 48 48
 9 9 12 35 36 37 37 47 47 47
 3 3 6 25 34 39 42 42 42 48
 4 4 11 24 35 44 44 41 48 48
 12 18 18 22 35 39 39 46 46 47
 9 9 9 28 35 46 46 47 47 47
 10 10 10 16 39 42 46 46 46 46
 2 5 5 6 18 39 39 39 39 48
 13 14 14 14 29 42 46 47 48 48
 5 7 7 24 27 27 48 48 48 48
 13 14 14 15 29 48 48 48 48 48
 5 8 17 20 38 38 48 48 48 48
 5 7 7 34 34 46 46 46 46 48
 10 12 12 31 31 36 46 46 46 46
 3 3 3 19 19 34 34 39 40 43
 6 10 19 21 38 40 40 46 46 46
 4 7 7 30 31 46 47 48 48 46
 12 24 24 26 26 42 42 48 48 49
 5 5 7 37 40 45 47 47 48 49
 14 14 17 22 26 40 42 44 44 48
 12 16 20 25 25 34 44 44 44 44
 6 8 8 10 25 38 38 48 48 49
 4 4 11 12 33 35 41 42 42 42
 15 26 26 39 42 45 45 46 46 46
 8 8 8 22 23 30 30 47 47 47
 8 8 15 32 34 42 47 43 43 49
 4 4 5 14 14 47 47 47 47 47
 8 9 9 11 33 40 48 49 49 49
 9 10 13 21 23 45 45 47 47 47
 7 11 11 33 33 42 42 45 45 43
 7 7 7 29 35 38 38 46 46 46
 16 16 16 34 35 46 47 47 47 49
 5 6 6 31 38 44 44 49 49 49
 13 17 22 23 35 35 35 39 39 39
 4 8 8 25 26 38 38 48 48 49
 13 13 14 14 26 32 34 41 46 46
 7 13 13 13 13 48 48 48 48 48
 5 5 8 27 28 43 49 49 49 49
 2 4 7 44 44 45 45 45 46 49
 5 8 10 24 38 43 43 43 44 49
 4 10 10 15 15 46 46 46 47 49
 3 3 7 30 30 45 45 49 49 48
 5 8 25 30 41 47 47 47 47 47
 3 3 3 34 34 34 43 43 43 49
 2 12 12 21 32 35 41 42 49 49
 5 9 9 36 36 46 47 47 47 46
 3 8 8 28 35 44 45 45 45 45
# name: collectedB
# type: matrix
# rows: 100
# columns: 10
 47 47 58 68 78 85 85 85 85 98
 29 31 52 73 86 86 86 86 99 99
 31 62 62 83 89 89 97 99 99 99
 40 45 65 74 89 89 89 89 96 96
 44 56 69 71 86 91 91 91 91 91
 45 45 86 91 94 94 94 97 97 97
 21 51 54 54 54 95 95 95 95 98
 8 29 29 82 93 96 96 96 96 96
 33 39 39 90 90 98 98 98 98 98
 24 46 63 63 63 73 73 73 73 99
 19 27 48 87 87 97 97 97 97 98
 24 52 52 65 66 76 83 83 83 83
 21 52 52 94 94 95 95 95 96 97
 17 24 68 85 88 95 95 95 97 98
 17 43 84 84 84 89 89 96 96 96
 12 46 48 63 87 96 96 96 96 99
 54 54 58 82 83 93 93 95 95 97
 9 44 46 73 73 90 97 97 97 97
 46 66 66 93 94 92 92 92 99 99
 10 67 73 88 97 97 97 99 99 99
 3 68 70 84 85 91 91 96 96 96
 47 48 50 82 83 83 84 95 97 97
 21 34 64 82 82 93 98 89 89 96
 23 23 28 64 64 70 70 98 98 98
 23 31 61 69 69 79 95 95 95 95
 9 45 67 72 72 87 87 93 98 99
 30 30 31 66 66 85 85 87 87 99
 15 47 58 78 93 98 98 98 98 98
 24 27 30 65 90 96 97 98 98 99
 17 60 60 75 82 82 94 94 94 94
 7 20 26 81 87 87 87 92 96 96
 2 52 60 73 73 85 94 94 94 94
 32 48 51 64 64 83 84 98 98 97
 18 18 49 50 52 82 94 99 99 99
 45 62 63 78 78 87 96 98 98 99
 16 37 40 68 70 72 96 97 99 99
 2 2 2 64 66 88 90 90 90 97
 18 18 25 77 77 87 87 93 93 93
 29 46 54 77 82 86 86 86 86 98
 10 12 19 77 77 89 89 89 89 96
 7 7 66 70 70 84 90 90 90 98
 26 36 36 79 84 94 96 96 96 96
 17 31 34 81 83 89 90 96 96 96
 2 3 39 54 68 76 76 92 92 92
 20 20 38 71 85 97 97 97 97 93
 18 28 28 55 84 96 98 98 98 98
 14 14 40 66 66 84 84 94 94 94
 14 18 18 47 91 95 96 96 96 96
 20 20 44 65 74 82 96 96 96 96
 33 40 52 55 76 88 91 94 94 94
 21 25 37 61 92 92 92 92 95 99
 23 40 50 76 78 98 98 98 98 98
 12 27 45 65 67 68 68 98 98 98
 28 28 28 74 74 74 98 99 99 99
 16 60 69 75 92 95 95 95 95 97
 6 46 46 87 90 92 92 92 94 94
 12 44 44 80 83 85 87 96 99 99
 20 20 23 85 85 86 86 92 95 99
 16 35 61 61 62 89 98 98 98 99
 6 25 57 69 86 88 88 99 99 99
 26 39 40 69 70 92 94 96 96 99
 19 23 23 53 70 86 86 86 99 99
 21 25 25 83 83 87 91 91 94 94
 46 46 50 77 86 92 92 92 92 99
 11 50 71 73 73 91 91 96 96 99
 24 50 50 76 76 90 90 99 99 99
 7 29 66 85 85 97 97 98 98 98
 5 44 51 64 64 90 95 97 97 97
 21 32 42 81 95 96 98 98 99 99
 2 47 47 73 73 85 85 95 95 95
 16 31 61 64 77 91 94 95 99 99
 31 74 74 81 92 95 95 95 95 95
 2 3 3 79 83 89 89 99 99 99
 23 23 68 75 76 84 84 84 96 96
 28 28 36 37 75 89 89 93 93 99
 27 53 53 74 77 88 88 98 98 98
 18 58 67 70 81 94 94 99 99 99
 25 34 47 67 67 79 94 95 95 95
 21 29 44 84 87 96 96 99 99 95
 11 11 16 61 61 95 95 95 98 98
 40 40 64 69 80 84 88 97 97 97
 2 29 39 68 69 90 90 99 99 99
 19 45 45 58 58 59 92 93 93 97
 33 33 34 74 74 74 74 95 99 99
 26 29 29 84 84 96 97 97 97 97
 24 24 59 59 61 82 82 99 99 99
 2 58 58 62 65 75 82 94 96 96
 31 31 31 69 70 94 94 95 95 95
 32 33 33 75 77 96 96 98 99 99
 19 24 50 59 73 78 78 97 97 97
 26 29 47 69 71 91 91 95 95 97
 16 22 28 91 93 93 95 98 98 98
 3 29 29 76 91 91 91 98 99 99
 39 62 62 66 68 88 89 99 97 97
 45 47 61 80 85 86 90 90 90 96
 5 39 43 76 77 98 98 98 98 97
 7 20 23 26 85 93 93 99 99 99
 13 17 18 69 80 87 89 94 98 98
 15 50 50 62 84 90 90 97 97 97
 2 54 54 65 85 85 85 89 89 99
# name: avgRateA
# type: matrix
# rows: 100
# columns: 10
 0.09102730819245773 0.05772005772005772 0.04776689754000478 0.02424732269145282 0.01565455612810645 0.007179647260808491 0.004059949034682331 0.0009247378946029985 0.0004707082197422873 9.559218462196578e-05
 0.0433188937020993 0.03995525011986575 0.03530574777573789 0.02089968152866242 0.01639856317351242 0.006383250351078769 0.003837682707068011 0.0009115995343245713 0.0004672756176556198 9.544959942984772e-05
 0.05523066926575698 0.04622496147919877 0.04077194889915738 0.02455117385299985 0.01912045889101338 0.007159504623212029 0.004041620087711756 0.0009077687623248923 0.0004614910284180284 9.362491984611251e-05
 0.04845322400298174 0.038225620055116 0.03573803191489362 0.02518301610541728 0.0189811953738854 0.006917743206937049 0.003813848705508794 0.0008361691784151677 0.0004236757914608637 8.571677463325679e-05
 0.04176035978156119 0.04053109713487072 0.03591187032903038 0.0235599010484156 0.01772185547826858 0.006564676332914717 0.003809713112038694 0.0008806625645659674 0.0004496473201019722 9.725743944980077e-05
 0.04812319538017325 0.03702457085156513 0.03179903012958105 0.02219979818365288 0.01732078888320277 0.006570677636841504 0.003811670340233009 0.0009109680553868578 0.000467106914933992 9.546905837873252e-05
 0.04860267314702309 0.04831647289747849 0.04387167534960242 0.02621133827604284 0.01881966896684843 0.006479807112718505 0.003674491339309367 0.0008884436169106736 0.0004564586963151157 9.341575915906737e-05
 0.06938020351526365 0.05095541401273886 0.0418848167539267 0.02807893300054598 0.01996621102749194 0.00686106346483705 0.003908241291418862 0.0008858504645900535 0.000451007806356857 9.546510899430491e-05
 0.04411764705882353 0.032171581769437 0.02517985611510791 0.0208066581306018 0.01792435920415845 0.006280420788192809 0.003728750360163387 0.0009138714259059702 0.0004678814037611816 9.547479316281138e-05
 0.04656577415599534 0.04301075268817205 0.03690036900369004 0.01922298664508296 0.01483516483516483 0.006877780379302271 0.003976143141153081 0.0009190507737258701 0.0004692334387479288 9.743255281242046e-05
 0.03868471953578336 0.01910219675262655 0.03170731707317073 0.02402753425547113 0.01821574551270659 0.006873879258816497 0.00397597846344999 0.0009190384560153939 0.0004692302278112756 9.55308289926513e-05
 0.05506607929515419 0.03959524857017158 0.03331482509716824 0.02270450751252087 0.01668465992737266 0.005509106228530689 0.003025987896048416 0.0009153126078591029 0.0004763765824938411 9.740965850559271e-05
 0.05636978579481398 0.03749330476700589 0.02787733970529669 0.02061855670103093 0.01422879908935686 0.006610503013159513 0.003716893714127654 0.0008934359073792103 0.0004577630774145541 9.346640032056987e-05
 0.05668934240362811 0.05202312138728324 0.04389815627743635 0.02584384055133526 0.01815560420782827 0.007129450450319371 0.004105296670520619 0.0009406344483370927 0.0004796397807361002 9.754405955681952e-05
 0.06993006993006992 0.0467047223663726 0.0353356890459364 0.02176373291546966 0.01717393378494418 0.006699319646871417 0.003890148818884603 0.0008997402239395986 0.000459411035053062 9.353619144112007e-05
 0.055005500550055 0.0337609723160027 0.03378378378378379 0.02391708743024182 0.01712707182320442 0.006071936468370004 0.00335644570065804 0.0007913560754915093 0.0004024445068287962 9.533314465315121e-05
 0.04580152671755725 0.04433696090286175 0.03655793025871766 0.0255312139680448 0.01762966333030027 0.005262085822922325 0.00282991309428175 0.0006065396716076824 0.0004406714265709202 9.742065882609299e-05
 0.05676442762535477 0.04693261816962789 0.04275887711470534 0.02716992216184462 0.01947319872911756 0.007160392798690672 0.004115537413594712 0.0009412108196985821 0.0004801657257704945 9.756929012566924e-05
 0.05571030640668524 0.04770017035775128 0.03905160390516039 0.02490566037735849 0.01776812595627067 0.005847573257098304 0.003208670540839246 0.0007007394747957636 0.000457823720333997 9.34707499198041e-05
 0.06466784244562022 0.04857316332726169 0.04031301873369694 0.02630121816168328 0.01904947980266693 0.006572872814911031 0.003691430729873118 0.0008300597449979249 0.0004302084555516446 8.75711640098438e-05
 0.05932762030323006 0.04918981481481481 0.04106776180698152 0.01989609815408423 0.01680142812139032 0.006511669207204274 0.003722409752713552 0.0008465592177792828 0.0004679708103207063 9.547654032004135e-05
 0.05376344086021505 0.04310344827586207 0.03359086328518643 0.0240438800811481 0.01706120708040094 0.006115344811365133 0.003889794668498456 0.0009156303829051807 0.0004683392883974795 9.549414839711083e-05
 0.05342831700801425 0.03930131004366812 0.03056027164685908 0.02490159852196963 0.01733005366726297 0.005235867380546219 0.003718944789839196 0.0009264178446983376 0.0004759162115515548 9.359967419347451e-05
 0.03992015968063872 0.02407704654895666 0.02202643171806168 0.02490942028985507 0.01767352185089974 0.006051484165283101 0.003389683194993699 0.0007556074793515726 0.0003835498423020072 9.551189600664762e-05
 0.06630500301386377 0.05264697279906406 0.04441327723235156 0.02490359897172236 0.01735527936401299 0.006551582283302606 0.003699338420640587 0.0008653396842856237 0.0004408739100617224 9.743315340014861e-05
 0.05270092226613966 0.046875 0.04801707273697315 0.02641103394306955 0.0172645309802417 0.005254148234775682 0.004103756647230819 0.0009408006021123853 0.0004796834480820983 9.75481569370675e-05
 0.0655307994757536 0.04813477737665463 0.03836317135549872 0.02774532710280374 0.01995089011663597 0.007050418324820605 0.003932810123927217 0.000872001767256915 0.0004425958146172677 8.967038958197458e-05
 0.0547945205479452 0.04177545691906005 0.03269160915365056 0.02220652064197032 0.01981446455912816 0.007198020544350304 0.0040927345435322 0.0009250087683122829 0.0004707779311075345 9.559391704041233e-05
 0.06311360448807854 0.04455445544554455 0.03406510219530659 0.02204464039680352 0.01773049645390071 0.006805237073748058 0.003892038243506219 0.0008849319179552686 0.0004778660258710815 9.747288612640561e-05
 0.05 0.02982848620432513 0.02942258183155572 0.02606240498081518 0.01933105556554576 0.006774854261855995 0.004062597862057875 0.000923584894769046 0.0004704097562983456 9.557884139328463e-05
 0.05714285714285714 0.0449438202247191 0.0413725967388659 0.02173688024014077 0.01393866985264835 0.00720240284418291 0.004057005239579107 0.0009083705378713206 0.0004616519478274365 9.755235176820605e-05
 0.05167958656330749 0.03531489111241907 0.02603036876355748 0.02623927381036806 0.01959869342043864 0.006787687450670876 0.003988086651789124 0.0009349146747260128 0.0004781490751718653 9.748426922210737e-05
 0.05694760820045558 0.04641350210970464 0.03732503888024884 0.02650025645409472 0.01813714018254154 0.006545216537580452 0.003659014679618417 0.0008632431084425176 0.0004403225901144643 8.957657154630064e-05
 0.0625 0.048 0.0455102398039559 0.02874432677760968 0.02041474159234984 0.006721165418822389 0.003752443451549846 0.0009163015777567792 0.0004685061388945012 9.549981019412724e-05
 0.06269592476489029 0.04317323259579061 0.0477754553598089 0.02865094957432875 0.02022189429961196 0.006856195289953283 0.00379392795066129 0.0009225819223916399 0.0004616165812675991 9.362865004817892e-05
 0.04830917874396135 0.02680965147453083 0.0178359096313912 0.0258272800645682 0.01808516468460569 0.007072667900621492 0.004014623479568128 0.0009062512051212834 0.0004610862800343754 9.74480929805951e-05
 0.0670690811535882 0.05279244234509586 0.04987175833570819 0.03041762578099309 0.02108382244002507 0.006828269033799932 0.003891319762715968 0.0008700847462542852 0.0004420853460496727 9.73912656332857e-05
 0.0460122699386503 0.02606429192006951 0.01748251748251748 0.02092050209205021 0.01823828067235175 0.006374400407961626 0.003760619476590143 0.0008485297293961553 0.0004316895445773416 8.763419733349055e-05
 0.05270092226613966 0.03875968992248062 0.02900953170327393 0.02518699435200733 0.01785327851114477 0.007275858996822379 0.004154056139101536 0.0009432146294513956 0.0004802937437329018 9.75740308110911e-05
 0.05820721769499418 0.03875968992248062 0.02810304449648712 0.01810719459198455 0.01593430164858736 0.006065872092070102 0.003315531022617298 0.00072107467410348 0.0004130479892922226 9.744867437982868e-05
 0.06582278481012659 0.05066250974279033 0.04080351537978656 0.01693811074918567 0.01856300502293077 0.006328703102687265 0.003475254406444369 0.0008843126775834425 0.000450685679070647 9.159226786039268e-05
 0.05924170616113743 0.0474158368895211 0.03677822728944465 0.0147314852015535 0.01569957297161517 0.006111320045129748 0.003409001512198107 0.0007559326173294645 0.000392237617548711 9.350939361545714e-05
 0.06521739130434782 0.0493421052631579 0.03934426229508197 0.02429543245869777 0.0159846547314578 0.006742771122122562 0.003870534907924275 0.0009017374754420433 0.0004599176845199536 9.355896304819082e-05
 0.05537098560354375 0.03523608174770965 0.03155818540433925 0.02977421222396824 0.02063865160809494 0.006630420368651372 0.003726807279696886 0.0008167932696234583 0.0004138289822171775 9.542844089609692e-05
 0.05643340857787811 0.03568879371877231 0.03948967193195626 0.02944888514934792 0.02049763707794796 0.006319325495152412 0.00391467743057972 0.0008713112071919962 0.000469687540363773 9.746553797595506e-05
 0.06278026905829596 0.04575495678698526 0.03508771929824561 0.02185553491421702 0.01823777499145104 0.005577244841048523 0.003006861110351803 0.0007907562522782459 0.0004022826104020472 8.166001668652731e-05
 0.07494646680942184 0.04904966278356836 0.03608479927830402 0.02693164933135216 0.01896333754740834 0.006671114076050701 0.003659440016422853 0.0009013051665880422 0.000459811496852737 9.355514528417375e-05
 0.05820721769499418 0.05100182149362478 0.04166666666666666 0.01795332136445242 0.01296751296751297 0.004819517383500632 0.00370663240090936 0.0008605753232894632 0.0004571966646044179 9.344744525620009e-05
 0.06341154090044389 0.04653327128897161 0.0431910569105691 0.02148106274731487 0.01417195303009853 0.006288699690402477 0.003463741729206448 0.0009161826486458629 0.0004684736737315099 9.742040703041325e-05
 0.06476683937823834 0.04922377887163953 0.03990178023327194 0.0214799699280421 0.01724336130589723 0.006991594549663627 0.004011128748698516 0.0009396225402024215 0.0004793690329561319 9.753539987622956e-05
 0.07050528789659224 0.05485087418580734 0.04519774011299435 0.02608047690014903 0.0174194351126042 0.006717385531064003 0.003874267117803549 0.0009370458196282414 0.0004786970062875387 9.750756728370384e-05
 0.05242463958060289 0.03144654088050314 0.02453385672227674 0.007861635220125786 0.01965408805031446 0.006044528023103529 0.003665177324769617 0.000813803660178843 0.0004130670820941321 9.744582558987041e-05
 0.03992015968063872 0.02601908065915004 0.01752336448598131 0.02156278878734983 0.01725439447859377 0.006123008008249948 0.003846218164183348 0.0008983094580518152 0.0004590323402933705 9.352251146546195e-05
 0.06917755572636433 0.04820567755757901 0.03649635036496351 0.01799254594525125 0.01069191996334199 0.006647642518970102 0.003652398556857156 0.000798047314473464 0.0004703115814226925 9.557497807251153e-05
 0.06944444444444445 0.04830917874396135 0.03977461054027179 0.02767673572671201 0.0195971692977681 0.006170368887999466 0.003347144071936458 0.0009038392012369136 0.000460472817407832 9.358221157464615e-05
 0.04709576138147566 0.02652519893899204 0.02689376961004034 0.02281854691493246 0.01794195250659631 0.006296517541452074 0.003661694318270983 0.0008136460058698748 0.0004130276797383371 9.539726102538939e-05
 0.0510204081632653 0.03079291762894534 0.03489847715736041 0.02325806764221339 0.01868959256688204 0.00684814244136278 0.003831751284507533 0.0007981949114100989 0.0004703549023719606 9.557503516364835e-05
 0.06593406593406594 0.05353955978584176 0.04513540621865596 0.02328288707799767 0.01970387884929348 0.006420175814045369 0.003503193295426985 0.0008856185178981578 0.000450943255653456 9.350939361545714e-05
 0.06521739130434782 0.0460122699386503 0.0352112676056338 0.02684821171732668 0.01924239925229534 0.007061496423198551 0.003975112340131351 0.0009061236608167066 0.0004610654732591835 9.360703765592044e-05
 0.06793478260869566 0.04866180048661801 0.03762227238525206 0.01907714319780613 0.02048104190736267 0.006782945736434108 0.003979032230161064 0.0008895936877526156 0.0004519662990346589 9.164469352321052e-05
 0.03952569169960474 0.03364737550471063 0.02421307506053269 0.00900360144057623 0.01163316745298261 0.00605223544747746 0.003390773618042393 0.000755082284607938 0.0003834110805802287 9.537790713847998e-05
 0.06863780359028511 0.05251312828207051 0.04265691651432054 0.01812063163344551 0.01693035203456127 0.006549299069063918 0.003869903925428634 0.0008990569466495782 0.0004677427999278897 9.546894444960464e-05
 0.05662514156285391 0.0402067777139575 0.03000428632661809 0.0228375677990294 0.0159838977030547 0.004655573756358306 0.004132551592323785 0.0009272943290156192 0.0004713641376344001 9.56188822590917e-05
 0.07352941176470587 0.05490196078431372 0.04423380726698262 0.0190500381000762 0.01701478526167566 0.007319639507754243 0.004132480435287939 0.0009272889548294367 0.0004713627489875521 9.561880606773039e-05
 0.05720823798627002 0.04221635883905013 0.04176904176904177 0.02149844136300118 0.01972898603395462 0.00629399585921325 0.004131448933569743 0.0009272280517393254 0.0004713470115617494 9.561813939849816e-05
 0.05470459518599562 0.03912800447177193 0.02936241610738255 0.02623051998148434 0.01859244271887133 0.007078447665651063 0.00398058168413219 0.0008896625084614641 0.0004519836185415471 9.551725578924117e-05
 0.06756756756756757 0.04995836802664447 0.03978779840848806 0.0264957264957265 0.01820851688693098 0.005978676055402398 0.003962272277014514 0.0008887463459966807 0.0004517647798285062 9.163673366042335e-05
 0.04769475357710652 0.02669039145907473 0.0178359096313912 0.02066340402392605 0.01308720209395233 0.00558319785867941 0.003050093296971436 0.0007560659754801988 0.000392285316956729 8.552923001216703e-05
 0.05747126436781609 0.04535147392290249 0.04291845493562232 0.02248153302644256 0.01987863569784474 0.006489819096292691 0.003564712906934258 0.0008861320336730173 0.0004510763564405368 9.160837420029374e-05
 0.05161290322580645 0.03818876159301691 0.02878289473684211 0.02684083385523843 0.01830096227640356 0.006962839627639446 0.003989440714364533 0.000920596623328302 0.0004696696167789471 9.161016211613101e-05
 0.06550218340611354 0.05512172714745062 0.04810583283223091 0.02618855761482675 0.01704024118495216 0.006793588146806205 0.003736555074152825 0.0009177732526457682 0.0004688772928588035 9.746507269502065e-05
 0.0648508430609598 0.03875968992248062 0.03059440559440559 0.0274501075747459 0.02016433936583153 0.007081149978756551 0.004029699744499888 0.0009071327656354947 0.0004696870807675861 9.745747373521082e-05
 0.07265179034769072 0.05509641873278237 0.04521276595744681 0.02347417840375587 0.01621958827199002 0.006296436217101121 0.003612530319450895 0.0008445945945945946 0.0004306644859383152 9.561705369993178e-05
 0.06872852233676977 0.05268356931182088 0.04492362982929021 0.02487067250298448 0.01625065002600104 0.005623924837898637 0.003694715716816835 0.0008452257232923079 0.0004308276787200501 8.760043688726978e-05
 0.05982053838484547 0.04192872117400419 0.03180914512922465 0.01357036232867418 0.01509115054931788 0.005976910251973953 0.003328632370073843 0.0009153422808041282 0.0004682488274268946 9.739788626709681e-05
 0.05263157894736842 0.03139717425431711 0.03626772172766238 0.01550587931257268 0.01783783783783784 0.005748920024309719 0.003483195704625004 0.0008058651634083491 0.0004110067610612194 8.360739638804103e-05
 0.06830601092896176 0.05731922398589065 0.05025125628140704 0.03032659409020218 0.02184655396618986 0.007214891536130573 0.003983887388783144 0.0008902100121533019 0.0004521177786470671 9.165144953740923e-05
 0.05843681519357195 0.04117344312918168 0.03137254901960784 0.0222177337911533 0.01466556143594975 0.004977848573846384 0.002706335531479193 0.0009035056017347308 0.0004603789996650008 9.357926761281279e-05
 0.0653061224489796 0.04471771939631079 0.04010695187165775 0.02659353444693759 0.0188595518082982 0.006687152705908577 0.004014760651928794 0.0008316185230455031 0.000422501859499463 9.736057468966814e-05
 0.05076142131979695 0.03072196620583718 0.02398081534772182 0.01621684234912545 0.01002434483746241 0.007026356311013439 0.004000851244945734 0.0009059315385608795 0.0004610166299488173 9.360450225706346e-05
 0.06535947712418301 0.04610655737704918 0.03522504892367906 0.01472754050073638 0.01798071160028333 0.006429111014674446 0.004024516010027753 0.0009361292393281267 0.0004784544164760172 9.749872008057772e-05
 0.06955177743431221 0.0493339911198816 0.04058694973462379 0.02163387246317091 0.014651547967894 0.00694583789957862 0.00390032502708559 0.0009051534042434362 0.0004608078058881433 9.359734422514343e-05
 0.05882352941176471 0.04661016949152542 0.03697478991596639 0.02609727164887307 0.01834556370913943 0.006742980076099346 0.003720963197902086 0.0008684542671982894 0.0004416696683845981 8.552970635662745e-05
 0.06311992786293959 0.04237288135593221 0.03119429590017825 0.02578694646985595 0.0191309100847226 0.006198920082869774 0.003396253396253397 0.00088631130721284 0.0004511113028878969 9.161034456044659e-05
 0.06890611541774333 0.05453306066803 0.0449564484405732 0.02777777777777778 0.01948015806756832 0.007183234954245916 0.004058721934369603 0.0009085672088428719 0.0004616909480086877 9.746199032102986e-05
 0.05847953216374269 0.03875968992248062 0.02810304449648712 0.0275237503329486 0.02025262484677291 0.006967978969372565 0.0038687440649949 0.000941194548754838 0.0004797740949404395 9.755365301599064e-05
 0.07178354500276091 0.05582922824302135 0.04779491635889637 0.0243876577245255 0.019279497631376 0.005902889042551397 0.00318529304696032 0.000755085208461601 0.0003834061805076298 7.770840697367199e-05
 0.05305039787798408 0.04177545691906005 0.03164556962025316 0.02470111649046537 0.01640689089417555 0.006090524426208489 0.003363427155248717 0.0009209233791748527 0.0004697063845818879 9.746542165530498e-05
 0.06996770721205597 0.05284552845528456 0.04257907542579075 0.01803194229778465 0.01627237451495807 0.005222017330570016 0.00298956290831714 0.0007861650294620138 0.0004471467662054251 9.1445656430717e-05
 0.06211180124223602 0.05102040816326531 0.04088050314465409 0.0169734952343648 0.01000076928994538 0.0071621480475686 0.004081424417121575 0.0009246648571489116 0.0004707820867415995 9.559523067427898e-05
 0.0574052812858783 0.03581661891117479 0.03169572107765452 0.02450757919578832 0.01671741596513224 0.006788116060998326 0.004164258761940375 0.0009438250726167453 0.0004804538622117155 9.758604001824261e-05
 0.03992015968063872 0.03055767761650114 0.02853648593558907 0.02896070558809978 0.02140077821011673 0.007232168686316737 0.003988972706562303 0.0008749654874724386 0.0004518357793037604 9.749328838295841e-05
 0.0589622641509434 0.04317323259579061 0.03471017007983339 0.02351557907113463 0.01890453211283021 0.006664393540187843 0.003735492390020154 0.0008323509656239051 0.0004310847365631377 9.726168653749389e-05
 0.05390835579514824 0.04543389368468878 0.03531073446327684 0.01760976755106833 0.01081003170942635 0.007154188310678404 0.004003934300660649 0.0008908047646435716 0.0004605441083670086 9.742637300104445e-05
 0.04724409448818898 0.02659574468085106 0.02900953170327393 0.02660753880266075 0.01803101334294988 0.006915841888485891 0.003890781441837141 0.0009357127170996725 0.0004783483899183684 9.555098680281621e-05
 0.05827505827505828 0.04298764105319721 0.04807692307692308 0.02713949701465533 0.02045908183632734 0.007192813308235006 0.004054030741628858 0.000908330160619829 0.0004616324502075381 9.363542112431038e-05
 0.04815409309791333 0.02692998204667863 0.017825311942959 0.02768053407148091 0.01926454756643436 0.005781034805230136 0.003718243605485706 0.000831483443811056 0.0004224624254059078 9.735976220374816e-05
 0.03952569169960474 0.04975124378109453 0.03931847968545216 0.02104630186410102 0.01743869209809264 0.005714379010269556 0.003526032439498443 0.0008071738537170355 0.0004762358319839985 9.740621173327396e-05
 0.05382131324004305 0.04349927501208313 0.03333333333333333 0.02677774471883368 0.0191397735126801 0.007170134829709298 0.0040558149167695 0.0009084144302598645 0.0004616542150994324 9.16494408886011e-05
 0.04573170731707318 0.04046535154274153 0.03071017274472169 0.02292263610315186 0.01805892368814819 0.006750744116112799 0.003842574012245003 0.000867700708815068 0.000441483344795549 8.962968598936634e-05
# name: avgRateB
# type: matrix
# rows: 100
# columns: 10
 0.07960704607046071 0.07239679605668514 0.06699006699006699 0.04498842209725439 0.03329491612242285 0.01263489609656034 0.007210049961405026 0.001636412291188979 0.0008332426569265501 0.0001944391590942865
 0.07581699346405228 0.0631879331430901 0.05978385835824328 0.04063004396949964 0.03137083242139053 0.01252184041933605 0.007207811255919206 0.001651083763703035 0.0009583068750290396 0.000196679181290128
 0.07172605275335493 0.0644022021398151 0.06006587870567719 0.04224563546597445 0.03284738881712493 0.01300523131776602 0.00766307739708171 0.001857557255918853 0.0009577784184466189 0.0001966141064862001
 0.08191685439279131 0.06963788300835654 0.06125141349415755 0.04275232537986019 0.03182663424402803 0.01283604476750894 0.007417222958388546 0.001706402845282947 0.0009300045628348863 0.0001907086734304676
 0.07132436375425515 0.06182380216383308 0.05469678953626635 0.03900027464982148 0.02971152185178787 0.01250962278675905 0.007481829841812741 0.001739688997136204 0.000888888020622202 0.0001810823110639899
 0.07731958762886598 0.06585687106688132 0.05746358412401444 0.04091726618705036 0.03160620019501698 0.01319668678927418 0.00771092243960461 0.001830185226065611 0.0009411162026252291 0.000192849881874477
 0.0673076923076923 0.05621073514824204 0.05087620124364047 0.03467317323744702 0.02555366269165247 0.01223674888903201 0.007404578367719157 0.001792851993462696 0.0009218190692344341 0.0001944751977644084
 0.0589101620029455 0.05805805805805806 0.05117346038468325 0.04067863875384463 0.03249248829571658 0.0133201981379473 0.007822112133236643 0.001830991825384413 0.0009366173479094408 0.0001909851431463489
 0.0824381713714714 0.06741573033707865 0.06021306160259379 0.03934942287513117 0.03175835421151064 0.01277055994996026 0.007692428452565975 0.001852632534117741 0.0009517926723618832 0.0001947829571272773
 0.07817589576547231 0.06519274376417233 0.05893909626719056 0.04100494662848216 0.03033074960281161 0.01103369054276689 0.0062498394733012 0.001408279526123585 0.0007163647140330941 0.0001964611590335222
 0.07624398073836276 0.06045678459471562 0.05322097793546957 0.03830742811853287 0.03093883357041252 0.01272481601490247 0.007645561239369123 0.001840977502116175 0.0009439838062984156 0.0001947432439494963
 0.0769971126082772 0.06442021803766104 0.05934718100890207 0.04010365251727542 0.02980087596514201 0.01108825374593309 0.006739310479221813 0.001581792990941853 0.0008094457442170953 0.0001651016817496004
 0.07578491519307108 0.0689015502848814 0.06312211701869386 0.04360330271824844 0.03481094693182239 0.01368619711005143 0.007913039856732331 0.001821217762049273 0.0009357874358839391 0.0001927553402171498
 0.06907761072734661 0.05610098176718092 0.05807994533652204 0.04124411664806638 0.03219198127011999 0.01304891281952667 0.007696670177428502 0.001809544490032267 0.0009387127055248565 0.0001944327939079841
 0.07798165137614679 0.06556877096675816 0.06016330038676408 0.04504504504504504 0.03487503113842066 0.01298189827442858 0.007467319987246824 0.001820692166471954 0.0009338993801242864 0.0001908661026573333
 0.06745362563237774 0.06456140350877193 0.05874433973809815 0.03933566433566434 0.03139547472122984 0.01321331241225535 0.007786961705993528 0.001829139332783321 0.0009361159379589162 0.0001965454457740049
 0.07554560716284275 0.06872852233676975 0.06155152286957445 0.03971328942270438 0.03120183451749934 0.01273431830318632 0.007520499425854345 0.001799181088523497 0.0009235046515471134 0.0001926302448548859
 0.06338028169014084 0.06229647458587003 0.05638636920813925 0.04017169271406559 0.03088770415503089 0.01207130115213863 0.00747827829988667 0.00182585829457306 0.0009399862393767019 0.0001927032994976801
 0.08161816891412349 0.07089151450053706 0.06605945350815734 0.04556813170660003 0.03568174916489523 0.01314135527368301 0.007627069464364177 0.001762053788607173 0.0009617420937999693 0.00019677617028652
 0.06297229219143577 0.06359149582384208 0.05958697249204147 0.04277243122387479 0.03268854889802521 0.01366062500880195 0.007974875032886082 0.001880274026198485 0.000963791614623542 0.0001968626066040843
 0.0436046511627907 0.06048745774773172 0.05674448767833982 0.04104769351055512 0.03210697287905114 0.01267691964783239 0.007435065730883303 0.001824092846325878 0.0009347869270048258 0.0001909048931708149
 0.08015006821282401 0.07153502235469449 0.06413545407901487 0.0453088739087192 0.03453009943004535 0.0127136817596961 0.007160881129373253 0.00180389565507996 0.0009398933366407243 0.0001927567957700018
 0.07603186097031137 0.06382579312934109 0.05787141694547427 0.04003515281710771 0.03167368380393217 0.0126530612244898 0.007639895847950481 0.001699099095659279 0.0008687240785912224 0.0001907178799800462
 0.08363636363636363 0.06772673733804475 0.05670311867152694 0.04065040650406504 0.03024860572832971 0.01063199623323562 0.006011989625023618 0.001835185372448999 0.0009471527428770248 0.0001945861757641329
 0.07707774798927615 0.0640495867768595 0.05587103865176773 0.03981764671937215 0.03035635723713154 0.0114183300330987 0.007348732150316383 0.001789650170487727 0.0009209861726044422 0.0001887945092992226
 0.06465517241379311 0.0661472879611936 0.06129356874942823 0.04238784881667255 0.03216439580075944 0.01213456817674626 0.007114702082072586 0.001752901240036264 0.000943004064539968 0.0001962262325930979
 0.07886435331230285 0.06726457399103139 0.05821596244131456 0.03931379556826305 0.02975653742110009 0.01205143837461542 0.007016385323372818 0.001651759693646041 0.0008467977418726883 0.000196492002477784
 0.07477567298105683 0.06489023885130471 0.05824462743522796 0.04158004158004158 0.03203472150459853 0.01330635853847303 0.007886435331230283 0.001863773380371423 0.0009546976482289871 0.0001949024652377532
 0.08207934336525309 0.0658055081647575 0.0563591959421379 0.04071151196292121 0.03210158367812812 0.01333592643013919 0.007818419228475166 0.001858302535445224 0.0009543229857455307 0.0001967493822268135
 0.07036423841059603 0.0675371454299865 0.06293266205160479 0.04295040659718245 0.03264591129867028 0.01236709147123143 0.007524936358251013 0.001785483638131852 0.0009151277430710714 0.0001869232473261027
 0.06055363321799308 0.05366246310705661 0.04856182293612252 0.03947176063544662 0.03124775519000072 0.01260376374462167 0.007271693886762173 0.001739946137319575 0.0009277979874515322 0.0001906149914719647
 0.03853564547206166 0.0692410119840213 0.06354585892819317 0.04381752701080432 0.03312009436958396 0.01252135996700253 0.007548381916004176 0.00178682765857145 0.0009154842473404697 0.000186938265427677
 0.07744433688286544 0.06875805758487323 0.0619608796015065 0.03975896129713611 0.02980625931445604 0.01205729393648857 0.006946971451255416 0.001837404684631985 0.0009477160526659349 0.0001927341988754655
 0.07894736842105263 0.06232686980609418 0.06144971156257838 0.03891656288916563 0.02744497809679633 0.01214724835197393 0.007551535211041309 0.00185050533749292 0.0009558817139828115 0.0001965749105286316
 0.07967422096317281 0.06993795826283136 0.06491499227202473 0.04382514889313406 0.03368166508334053 0.01269906143718344 0.007746808476299607 0.001850823616509347 0.0009512651340944101 0.0001965615624857294
 0.07117437722419928 0.06308610400682012 0.05649717514124294 0.0410107954888125 0.03092419155327797 0.01113155331550223 0.007467504686637055 0.001820734600714779 0.0009530676745437549 0.0001964124375497727
 0.03992015968063872 0.02002002002002002 0.0129366106080207 0.04133031966419115 0.03058245679069552 0.01258149376644173 0.007369317437442684 0.001718724935261361 0.0008786033720797421 0.0001925317910676761
 0.07718696397941681 0.06149641270925863 0.05247691015952981 0.03920171062009978 0.03080616123224645 0.01234865797056194 0.007187765926684788 0.001763451054752311 0.0009045988639016419 0.000184932753081964
 0.0789330430048993 0.06872852233676977 0.06294439911411587 0.04348808313566023 0.03318897478447404 0.01275472369709014 0.007287332751476533 0.001655367818879662 0.0008429488310456094 0.0001944900569935251
 0.06747638326585695 0.05102040816326531 0.04521656354117087 0.04261442249156013 0.0328750747160789 0.01268800342148407 0.00737157718621101 0.001704187514241455 0.0008700327484236766 0.0001907165917673607
 0.06013745704467353 0.04098360655737705 0.0624113475177305 0.0441306266548985 0.03299552203629508 0.0125232948192322 0.00737680731779286 0.001719122178013191 0.0008787097416690995 0.0001947108583490427
 0.08433344145313007 0.06935079946060489 0.06181318681318682 0.04332327940773238 0.0333306880406317 0.0130044408782148 0.007712020308320145 0.001825105466380987 0.0009350327553662114 0.0001909177635654529
 0.07630161579892279 0.06488070322310591 0.05694188578127617 0.04394769681514839 0.03402476018693121 0.01295638502300122 0.007467764151413067 0.001808182023657048 0.0009305797220862434 0.0001907315967353903
 0.03898635477582846 0.02610966057441253 0.05587392550143266 0.03762017556081928 0.02910211418300094 0.01123147176614894 0.006427278724016034 0.001724144393344803 0.0008894982166527601 0.0001826874636486698
 0.08123476848090984 0.0652954619653934 0.05896958410924891 0.04188049312805993 0.03222260131164942 0.01307682974506923 0.007775177145788579 0.001843198881159277 0.0009445436052937287 0.0001848365279909084
 0.07772020725388601 0.06453099792578935 0.05634936606963172 0.03942652329749104 0.03092897382083287 0.01313449172253386 0.007809076058807124 0.001859593128613635 0.0009535968114836409 0.0001948571239963367
 0.08469449485783423 0.0624442462087422 0.06056935190793459 0.04073822603542991 0.03065205275868475 0.01205493606578551 0.006984924205256988 0.0017825311942959 0.0009143737609749169 0.0001868913976076708
 0.07056451612903225 0.05602240896358543 0.04689942678478374 0.03674171357098186 0.03462182316238015 0.01377750061636187 0.007964161274265804 0.001838960680721945 0.0009386733416770963 0.0001910701380660876
 0.07380073800738007 0.05991611743559017 0.0571799870045484 0.04044803982576229 0.03071431536130826 0.01203793417305264 0.007565429141087373 0.001816881096487742 0.0009328865843135121 0.0001908292245415924
 0.0858704137392662 0.0718132854578097 0.06333739342265529 0.04074979625101875 0.03250780615081911 0.01293813220418725 0.007507817205276922 0.001784124706520976 0.0009147937723954167 0.0001869097182316114
 0.07912584777694047 0.06441638752898737 0.05706354102405922 0.03927628613740262 0.03241947987877934 0.01324274527867342 0.007663537388899533 0.001764026889905548 0.0009249667011987569 0.0001965910711115577
 0.07903780068728522 0.06567066163191594 0.05932605600379687 0.04111886598495915 0.03178484107579462 0.01345599340930935 0.007941138337871127 0.001867043631666584 0.0009555577873571905 0.0001949399555099281
 0.06993006993006994 0.06192660550458716 0.05863956215793589 0.03999753861300843 0.03020603218971192 0.01064912692819669 0.005942289878882151 0.001849440449904697 0.0009509254542367125 0.0001947464173117642
 0.07432970533581099 0.06342015855039637 0.05551149881046789 0.04076012117873864 0.03151752630009796 0.01145901080863452 0.007780494775953507 0.001871873121036451 0.0009615692810667008 0.0001967730804885379
 0.07123775601068566 0.06785795068988916 0.06276721550077322 0.04449454200284765 0.0332070023461469 0.01349757754003097 0.007853835978835979 0.001818380186929483 0.0009285241645970352 0.0001927672534144148
 0.06024096385542169 0.06395106353399138 0.05877843087145412 0.040324449594438 0.03210730976418965 0.0130440947114703 0.007596650867834789 0.001760448837912414 0.0009152239718578365 0.0001869277822410653
 0.07054673721340388 0.06723716381418093 0.06129841181387573 0.04398988232706478 0.03368779933436155 0.01273084008567107 0.007297004873057277 0.001811054222208807 0.000953571655612299 0.0001964327807024436
 0.07215007215007216 0.05877167205406993 0.05028421512898994 0.04184306389681992 0.03315132605304212 0.01273734411564324 0.007282457744809131 0.001763962627000516 0.0009249567947812964 0.0001965877138636039
 0.07508212106992022 0.06826604251999219 0.06221950224398205 0.04266032589691587 0.03095202436223853 0.01297621998337877 0.007756109915157654 0.001856626736561717 0.0009528041122247685 0.0001968332512200679
 0.0576923076923077 0.05980861244019139 0.05908572613247642 0.04183593039471291 0.03361213163448761 0.01301505605348005 0.007445575382220304 0.001869910867581979 0.00096103348959026 0.0001967846579524854
 0.07571345369831101 0.0663716814159292 0.05963029218843173 0.04348100069317537 0.03246150992394732 0.01308863280694267 0.007622383860007622 0.001818433230351924 0.000933279280908314 0.000196399773922038
 0.07486209613869188 0.060351613749672 0.05176682421787081 0.03738185921850755 0.03014123320702721 0.01230047485554093 0.007137344078079225 0.001647572703935017 0.0009535147130209659 0.0001964327807024436
 0.078125 0.06430041152263374 0.05529750055297501 0.04384343140880038 0.03421128560240716 0.01292527113356113 0.007561970765919611 0.001743896362730444 0.0009157553764095569 0.0001869484895258131
 0.07797931852856417 0.07019685640164811 0.06335529650278762 0.04387464387464388 0.03332558319770596 0.01318864056653813 0.007645005816852252 0.00176305330170058 0.0008997211842286701 0.0001967902907248562
 0.06811145510835913 0.06648052120728626 0.06185746645757101 0.04428805435903659 0.03345861215510129 0.01268381071851697 0.007438955603331999 0.001817871953644265 0.0009331323210791675 0.000196439055973424
 0.07343941248470012 0.06838074398249452 0.06286145335680161 0.04316710212427582 0.03312701595327348 0.01316058842453134 0.007564995923307753 0.001862719457515885 0.000959131317672043 0.0001966712106324827
 0.06102877070619006 0.06014102032351722 0.05914508468500761 0.04276514389213121 0.03371544167228591 0.01364889964541003 0.007973563936474533 0.001865721367840294 0.0009551954836798029 0.0001949259967431446
 0.05154639175257732 0.06960923904445498 0.06196840826245444 0.04103090139761508 0.03056643423440634 0.01282837065438944 0.007593014426727411 0.001835709662645769 0.0009425968251006733 0.0001928177572034826
 0.08039816232771822 0.06630750103605471 0.05988023952095808 0.04270575209574524 0.03337431933953978 0.01360756353739954 0.007977857375447737 0.001869059062266368 0.0009629572709596404 0.0001968321945895005
 0.03898635477582846 0.06911764705882353 0.06314658067983341 0.04283534796385401 0.03261403743912791 0.01239392260359861 0.007132907037242166 0.001801234698985241 0.0009240517040972452 0.0001888793410934245
 0.07414272474513438 0.06155679110405083 0.06043193976619774 0.0420057757941717 0.03204994797086368 0.01282792258137273 0.007587008458707302 0.001801234698985241 0.0009567704069946681 0.0001965723734803615
 0.0757390666992426 0.06865837817776953 0.0648156258211439 0.04622496147919877 0.03554731270043662 0.01386577925679423 0.007976624292599372 0.001824838549810409 0.0009301915705060732 0.0001891345957437151
 0.0375234521575985 0.02531645569620253 0.01714285714285714 0.0461853259280912 0.03496650798331719 0.01308631083664167 0.007504532231544332 0.001863483811219678 0.0009593357907833994 0.0001966807051658882
 0.07262393432270288 0.0607661822985469 0.06030507272082299 0.04305148958153952 0.03277981453525987 0.01236931232513621 0.007088906704924259 0.001615412574448404 0.0009305734077016582 0.0001907336051552115
 0.08293838862559241 0.07005253940455342 0.05931784478497282 0.03400422755261465 0.03031527890056589 0.01227535412327766 0.007230540503213123 0.001757200269815267 0.0009029564541968057 0.000196295876973641
 0.07705479452054795 0.069217709285621 0.06389391199517781 0.04400309210917524 0.0331339558500796 0.0127591706539075 0.007360567432834822 0.001848854276324478 0.0009507575500336161 0.0001947412316270093
 0.07142857142857142 0.06568516421291053 0.06038211968276857 0.04251184258472003 0.03292013818329608 0.01338268792710706 0.007779653722647069 0.001878982161057241 0.0009634286381595594 0.0001968868411773515
 0.0772081531809759 0.06653620352250489 0.05911949685534591 0.04115479115479116 0.0309783613833919 0.01186186186186186 0.007550018875047188 0.001800814726494155 0.0009239106121345447 0.0001888745719754272
 0.07769145394006659 0.06567028985507246 0.05970149253731343 0.04180144314506096 0.03284506191482935 0.01348920863309352 0.007884621702421235 0.001874932530836959 0.0009623628632919809 0.0001888338377515813
 0.06614552014431749 0.0490414623272403 0.04337218758471131 0.03822055137844611 0.02862640198976958 0.01230091933186585 0.0074325011539936 0.001794772488971595 0.0009452671054763761 0.0001945429124940024
 0.08781558726673985 0.07720517274657401 0.06585717225766619 0.04508330610911467 0.03416029719458559 0.01274793984186484 0.007372901236636616 0.001830762087748238 0.000941261406729728 0.0001927626565078759
 0.03780718336483932 0.06589411497386957 0.05786350148367952 0.0411522633744856 0.03102239007283518 0.01244193762441938 0.007321597084377339 0.001862582781456954 0.0009591127335294187 0.0001967052858088064
 0.0729646697388633 0.06657789613848203 0.06082725060827251 0.04083356800901154 0.02965690034258833 0.009645250940003269 0.007517076837598458 0.001773002322061106 0.0009071374157118151 0.0001926434816595461
 0.08727849775191748 0.07476212052560037 0.06472491909385114 0.04371455576559546 0.03320917291208544 0.01166732361056366 0.006490544854927551 0.001809534149718951 0.0009606175897813576 0.000196734915797456
 0.07580174927113703 0.06375027478566718 0.05580142389840292 0.04192244347956281 0.03308128544423441 0.0131694468832309 0.007786724036894622 0.001843864588105363 0.0009447128705928414 0.0001929069122723002
 0.07530593034201444 0.06277792309704421 0.05985593994115856 0.04101494612443517 0.02983760516532968 0.01180382616706733 0.006830032151126955 0.001839529823609529 0.0009529640068382388 0.0001964118140714185
 0.03992015968063872 0.07594605211470472 0.06998069498069498 0.04433321415802646 0.03182374541003672 0.01160128696943448 0.006856129965468516 0.00178231826515966 0.0009301604526780869 0.0001907166675440958
 0.07824331145885917 0.06743528388079183 0.05909264201296226 0.04156376121920367 0.031336735607485 0.01306099763790468 0.007670088287611992 0.001805850194271463 0.0009252486727551276 0.0001889300137600712
 0.08217770929635337 0.07048269970098249 0.06189047261815454 0.04266211604095563 0.03269361413043478 0.01308204897592085 0.007743996386135019 0.001858965239246929 0.0009600884445112519 0.0001967099368918757
 0.08130081300813008 0.06528835690968443 0.06062075654704171 0.0393254682396854 0.03060539996645984 0.01162790697674419 0.006628932741828565 0.001837535353611894 0.0009430788705609666 0.0001928379201257383
 0.07747318235995232 0.0651978417266187 0.05988023952095808 0.04207317073170732 0.03150374938989218 0.01284222410386678 0.0074930421751231 0.001799552574402028 0.0009235917413398691 0.0001926531617462321
 0.07023705004389816 0.05659891947517365 0.05035971223021583 0.03909270555889681 0.03176880508300881 0.01320572532091333 0.007682851874615857 0.001851998835886446 0.0009516032086506558 0.0001947767629731759
 0.04580152671755725 0.06786800842499414 0.05891913856156034 0.04129761451937184 0.03233486124435916 0.01313245013998326 0.007590924257590924 0.001860592275884066 0.0009633658250352505 0.0001968472232909635
 0.08500435919790758 0.07128075419636698 0.06629597946963216 0.0449407599073948 0.03264992557737553 0.01220188574597892 0.007183154292540012 0.001839690486012777 0.0009422168516940962 0.0001928000127208256
 0.09072580645161291 0.07959356477561388 0.06944444444444445 0.04673170161808517 0.03553957436133295 0.01310076928935943 0.00754242614707731 0.001728024330582575 0.0008817711451169963 0.0001910135297270775
 0.05780346820809248 0.06570080862533692 0.0583288117200217 0.04001474227346918 0.03109854604200323 0.0125505865478203 0.007616146230007616 0.001848456727250779 0.0009506459542254273 0.0001928099384976051
 0.06363636363636363 0.06127450980392157 0.0516389762011675 0.02706078268109909 0.03199217132748692 0.01320610036636278 0.007685251753972779 0.00186844628311302 0.0009606520789869487 0.000196735502232948
 0.07449856733524356 0.05634736493205171 0.0467047223663726 0.03941505769450474 0.03108244618851503 0.0122273442770407 0.007206944579405953 0.001768622750885723 0.0009427527803992078 0.0001944021696869094
 0.06928406466512702 0.06643635397289396 0.06103515625 0.04038298703836384 0.03185558800106185 0.01275835672365399 0.007429911171284219 0.001834890152503963 0.0009423569026185864 0.0001928079455955609
 0.03992015968063872 0.07015720410549564 0.06456241032998565 0.04260060296238039 0.03223115425451236 0.01258737116455396 0.007196132713619316 0.001699676679481083 0.0008688682551661051 0.0001966360927335813
