# Created by Octave 3.0.1, Sat Sep 05 14:01:21 2009 PDT <jwawerla@daneel>
# name: prt
# type: matrix
# rows: 200
# columns: 10
 246.4 340.4 434.6 525.6 714.2 1062.2 1907.3 2054.4 2121.6 2280.6
 92.09999999999999 108 144.4 838.3 917 1463.6 1512.9 1661.1 1728.5 3259.4
 77 170.6 186.2 881.5 1163.8 1316 1368.8 1923.3 1990.7 2143.4
 178.9 221.1 264.7 692.1 725.3 1563.2 1617.4 1764.1 1831.6 1986
 146.6 264.9 284.1 890 923.3 1200.4 1565.2 1712.5 1780 1935.5
 204.5 230 248.6 697.3 731.2 1419 1888.6 2277.7 2619.6 2775.7
 117.5 272 291.4 778.5 812.6 1277.1 1698 0 0 0
 137.6 159.8 176.5 586.5 917.8 1726.1 1779.8 1927 1994.2 2637.6
 183.1 227.7 246.9 288.6 606.9 1019.6 1361.5 2148.8 2869 3025.2
 178.8 298 339.8 463.7 792.8 1081.7 1136.1 1953 2019.2 2633.5
 158 180.8 198.5 648.7 842.4 1371.8 2086.1 2436.8 2503.1 2659.7
 124.8 145.5 243.5 324.8 1118.5 1220.4 1274.4 1429 1495.4 1652.3
 101 245.7 265.1 662.4 838.4 1098.1 1152.6 1307 1373.6 2747.7
 86.3 138.1 317.7 813.9 1077.1 1502.6 1557.3 1711.4 1778.1 2525.6
 56.3 125 165.5 585.6 613.8 1284.5 1339.5 2426.2 2492.9 2648.3
 145.6 458.8 640.9 721 750 1129.8 1378 1688.8 1755.6 2559.2
 128.7 433.9 474 522.4 551.9 867.8 923.3 2033.8 2100.6 2256.1
 58.1 139.7 196.3 637.8 667.9 1497.5 1553.1 2353.6 2420.5 0
 59.9 157.6 172.5 908.2 938.5 1504.5 1694 1843.7 1910.6 2065.8
 128.7 203.3 316.6 783.5 853.3 1006.5 1062.4 2008 2074.9 2236.6
 179.7 358.5 376.7 752.9 821.9 925.4 981.5 1641.3 1708.3 1869.9
 75.90000000000001 145.4 331.3 1029.5 1060.4 1215.1 1271.4 1420.2 1792.7 2588.5
 104.5 177.8 192.9 685 753.7 858.1 914.7 2818.2 2885.1 3046.1
 290.3 414.5 544.2 829.6 929.1 1236.5 1293.2 1670.1 1737 1898
 181.9 395.4 458 503.7 771.3 1184.3 1241 2300.2 2367.1 0
 40.1 75.5 129 811.2 842.4 947.6 1456.3 1603.5 1670.4 0
 128.1 416.8 434.5 675.5 1004.4 1373.1 1580.3 1727.6 1794.6 1946.8
 86.09999999999999 184.8 200 572.2 640 1196.8 1253.4 1733.6 1800.6 3414.9
 137.9 295.6 333.8 544.6 576.1 1380.1 1627 2118.7 2185.7 2353
 82.09999999999999 175.9 316.4 457.5 489.1 1490.2 1546.8 1694.1 1761.1 0
 134.6 152.4 166.3 499.6 576.1 1026.2 1082.9 2015.7 2082.8 2235.6
 108.2 124.1 136.7 805.9 838.1 1129.6 1186.4 1894.3 1961.4 2131.5
 83.8 135 148.4 524.7 714.8 1434.7 1491.5 2030.2 2584.9 2754.6
 85.90000000000001 232 554.6 739.9 772.3 1021.6 1502.1 1648.1 2194.8 2746.9
 217.5 239.1 254.8 450.5 482.8 1028.2 2149.6 2295.6 2802.9 2971.8
 98.8 113.9 125.5 337 990.4 1094.2 1150.2 1296.3 0 0
 196.9 218.1 233.7 804.2 836.2 1158.2 1214.3 2003.7 2066.7 2225.8
 74.7 215.6 453.2 548 887.9 1434.6 1490.7 0 0 0
 183 258.9 565.2 611.7 643.6 1485 1541.1 0 0 0
 71.40000000000001 201.4 216 827.2 906.5 1089.3 1769.8 2120.2 2187.4 2346.4
 83.09999999999999 194.3 230.7 668.7 700.8 1003.1 1449.7 2096.2 2165.2 2333.5
 74.3 175.1 368.3 448.3 480.3 877 1815 2140.6 2209.6 2835
 158.8 296.7 357.6 467.1 869.6 1212.3 1267.3 2399.6 2468.5 2986.5
 117 133.7 146.1 566.2 704.4 808.6 1620.8 1771.4 1840.3 2007.7
 58 68.09999999999999 387.4 433.3 510.4 1095.4 1149.6 0 0 0
 57.8 67.90000000000001 123.7 735.7 768.1 872.4 1550.8 1699.2 1766.7 3259.1
 130.6 148.7 251.7 294.7 325.8 1178.8 1232.9 1385.3 2069.8 2236.5
 114.6 151.1 206.7 248.2 855 1361 1415.2 2442.3 2510.8 3098.9
 59.3 124.8 426.5 777.2 911.7 1204.8 1477.4 1629.2 1697.7 3173.3
 131.1 149.5 184.6 487.5 519.6 1311.4 1690.1 1841.8 1910.3 2076.1
 73.2 128.4 140.2 860.7 1123 1358 1662.4 1814.1 2194.8 2806.6
 164.2 278.5 319 752.1 950 1321 1375.4 1722.5 1790.9 2361.8
 155.8 229.5 307.5 724.4 756.8 1445.4 1722.7 2155.1 2223.5 2388.8
 99 114.9 126.1 638.5 885.4 1313.1 1367.6 2056.6 2124.9 2290.1
 151.6 209.2 291.1 867 942.7 1350.6 1405.1 1556.4 1624.7 1789.8
 148.2 351.5 367.8 684.5 764.3 1027.8 1612.8 1764 1832.3 1997.2
 60 203.1 261.7 697.2 729.6 833 887.4 1038.6 1106.9 0
 57.1 67.5 75.2 582.2 614.7 1546.5 1601 0 0 0
 125.7 144.1 583.1 722 823.5 1250.4 1305 1982.4 2049.6 0
 62 73.3 125.8 691.8 1112.3 1215.7 1965.9 2329.1 2397.4 2543.5
 60.3 71.3 123.8 459.6 1026.6 1258.7 1313.2 1829.5 1897.8 2065.7
 130.6 190.9 391.5 565.2 1015.8 1445.9 1500.4 1652.8 1721.1 3795.5
 145.7 222.9 237.2 548.1 580.1 1479.2 1533.8 1923.8 1992.1 2159.5
 74.2 144.8 586.6 631.6 707 1611.1 1782.6 2145.6 2213.9 0
 75.09999999999999 109.5 119.6 374 1192.1 1688.6 1743.3 0 0 0
 139.4 423.9 439.2 559.7 835 1523.5 1578.2 1867.9 1935.3 2094.5
 73.8 107.1 117.1 764.9 796.8 964 1463.9 1617.6 1685.9 2856
 169.6 335.5 483.7 822.2 854.2 1049.2 1429.9 2353.8 2422 2590.5
 57.1 67.59999999999999 120.7 741.2 820.7 1525.1 1681.5 1834.9 1903.1 2071.4
 72 140.7 152.4 812 844.1 1410.5 1770.6 1923.9 1992.1 2160.3
 235.5 259.1 273.6 735.7 805.6 1402.4 1574.4 1727.7 1795.9 2767.9
 138.8 158.4 218.6 813.5 1065.6 1222.3 1923.4 2343.2 2411.4 2579.2
 235.4 317.9 393.4 591.1 790.3 1409.4 1619.5 2299.2 2367.3 2535
 158.6 265.9 280.7 834.5 906.7 1478.6 1533.2 2000.6 2068.8 2704.1
 142.2 162 390.6 739.8 772 926 980.6 1857 1925.1 2092.4
 161.9 343.8 402.3 446.2 923 1165.7 1220.3 1920 1988.2 2155.4
 88.59999999999999 233.5 625 724.8 800.5 1034.8 1267.7 1420.2 1488.3 2994.3
 148.9 298.6 337.9 381.7 413.2 971.9 1749.7 1902.1 1970.2 2665.5
 166.5 325.5 340.2 743.2 775.4 1232.8 1588.2 2009.2 2077.3 2932
 183.8 205.4 218.7 504 836.7 1113 1611.4 2019 2874.3 3040.6
 178.2 199.6 343.1 776.3 1125.3 1228.6 1283.1 1814.3 1882.1 0
 214.1 301.5 357.5 628.4 785.6 1442.1 1862.4 2014.5 2082.4 2226.1
 129.1 203.1 216.4 659 933.2 1196.7 1251.2 2015.4 2083.2 2250.7
 85.8 173.4 253.1 686.4 1000.1 1103.4 1158 0 0 0
 41.1 48.6 53.8 332.4 1032 1612.6 1667.2 2123.4 2190.6 2349.6
 209.6 232.3 268.7 748.6 780.1 1011.9 1682.4 1835.2 1903.1 2718.1
 181.1 221.2 235 276.6 306.4 1696.7 1751.3 1904 1971.9 2138.9
 175.8 254 468.6 845.2 922.8 1653.2 1843.3 1995.9 2063.8 2230.7
 86.09999999999999 155.5 480.4 649.9 762.6 1329 1383.6 1909.6 1977.5 2144.3
 155.4 176 188.5 570.1 601.9 1382.1 1436.8 1589.2 1973.5 2759.2
 238 313.1 327.9 480.7 512.4 1416.2 1584.4 1919.6 1987.4 2632.3
 71.40000000000001 184.9 197.9 361.1 392.4 1421.1 1475.9 1628.2 1696.1 2966.3
 73.09999999999999 517.8 612.9 659 811.1 1104.7 1583 1735.3 2337.4 3012.5
 72 365.7 423.8 523.1 592.3 1233.9 1288.7 2114.7 2182.5 2743
 132.1 308.5 345.7 907.5 939.6 1041.7 1619.6 1771.7 1839.5 2005.5
 150 169.7 182.2 850.3 973.2 1403.4 1571.7 1723.8 1791.6 0
 194.7 276.1 404 541 614.5 1354.6 1624.4 2098 2165.8 0
 73.09999999999999 126.2 137.1 906.9 939.2 1306.6 1361.4 2086.4 2443.5 2588
 108.9 125.7 136.7 629.7 758.2 1155.2 1209.9 2154 2221.8 2389.8
 129.9 148.5 160.4 632 664.3 1659.2 1714 2167.6 2235.3 2403.2
 1697.7 2476 2492.4 3559.8 3592.3 4136.3 4191.2 5077.9 5145.6 5312.9
 1160.2 2480 2625.8 3480.5 3555.3 4002.3 4057.6 0 0 0
 1378.9 1864.5 1900 2877.6 3433.4 3970.6 4026.1 4000.9 4066.4 0
 1017.4 2516.7 2882.1 2983 3387 3490.6 3546.2 4134.9 4202.6 4183.2
 2114 2189.2 2380 3078.7 3328.3 3432.3 3488.1 4101.2 4168.9 0
 721.9 742.8 2138.9 3223.8 3256.4 3665.6 3721.5 4558.3 4625.9 4612.5
 772.5 2162.7 2762.9 2875.8 3341.1 3847.3 3903.3 4470.6 4538.3 4713.5
 1286.5 1306 2481.3 3015.5 3455.9 3560.4 3616.5 4655.6 4723.3 4897.7
 1161.5 2406.7 2420.1 3048.2 3139.6 3940.7 3996.9 4150.5 4218.1 0
 1350.5 2006.9 2134 2326.3 2854.5 3970.5 4026.7 4414 4481.7 4480.9
 334.7 1385.4 1639.3 2667.3 2699.4 3689.7 4742.4 5147.5 5494.7 5671.6
 1124.1 1209.4 1222.8 3024.2 3284.3 3781.5 3837.6 0 0 0
 369.4 1540.9 1840 2970.4 3202.9 3817.9 3874 3881.6 3947.1 4367.2
 346.9 390.5 1428.1 3200.8 3512.3 4015.3 4071.5 4397.8 0 0
 76.8 852 892.7 2769.8 3300.8 3490.7 3669.7 4722.6 4461.4 4798.9
 331.1 346.8 1652.8 2865.2 3513.6 3758.2 3814.4 0 0 0
 1016.5 1117 1128.4 3340.7 3563.6 3735 4006.2 4019.5 4085 4242.6
 369 384.9 1268.8 2871.7 3253.1 3716.9 4385.4 0 0 0
 714.4 1643 1828.2 2551 2581.8 3527.4 3775.7 3795 4338.2 4739.3
 1160.4 1176.2 1815.6 2075.6 3281.1 3821.7 3877.8 4309.2 4379.8 4554
 618.7 1819.7 1830.5 2574.4 2646.8 3548.1 4178.3 0 0 0
 329.7 791.3 802.2 2681.5 3388.8 3638 3787.7 3810.9 4148.2 4305.7
 375.9 476.6 487.4 2584.3 3177.1 4135.7 4334.7 4497 4567.5 4740.7
 40.1 40.1 40.1 2552.6 2698.1 3782.4 3910.2 4182.4 4252.8 4425.7
 40.1 376.7 387.5 2352.5 3088.1 3758.8 4354 4515.6 4585.9 4758.3
 294.2 308.4 1450.9 2421.8 2477.5 3373.3 3429.1 4874.9 4945.1 5116.6
 525.1 650.4 2194.7 2461.7 2491.4 3012.4 3876.5 4661.4 5221.2 5391.8
 240 2067.1 2077 2573.7 2603.3 3547.4 3603 4426.8 0 0
 492.6 1681.1 1691 2122.9 2851.8 3919.2 3974.8 4134.8 4074.3 4231.8
 240.6 438.1 448 1904.3 2881.9 3627.2 3890.9 4629.7 5243.6 5413.7
 40.1 40.1 40.1 2711.6 2842.3 3389.2 3444.8 4178.5 0 0
 325.5 1292.6 1370.3 2646.9 2763 3597.6 3653.2 4457.7 4401.1 4558.5
 1203.8 1217.1 1265.9 1869.4 2795.4 3332.7 4112.3 4413.6 4721.5 4890.5
 320.6 796.7 806.9 2594.8 2767.9 3491.8 3694.4 3853.1 3927.3 4601.6
 345.9 695.6 1695.5 2318.7 2347.3 3590.4 4407.3 4801.7 5212.8 5381.4
 1273.3 1431.3 1535.5 2270.1 2321.8 3585 4102.2 4260.4 4334.3 5211
 83 590.6 1067 2710.7 2997 3650.7 4085.1 4406.1 4708.3 0
 517.9 636.5 646.2 1017.4 2605.9 3240 4239.3 4397 5301.8 5337.3
 338.1 553.1 562.8 2679.9 2878.5 3778.8 4512 4669.1 4742.3 4912.2
 708.1 721.5 1721.4 2086.2 2134 3562 3696.8 4767.8 0 0
 302.8 1369.6 1379.1 1850.7 1878.6 3384 3439.2 0 4104.8 0
 873.2 886.3 895.8 2306 2771.6 3717.8 3773 4182.5 4363 4405.3
 576.7 848.4 1351.7 2493.8 2905.5 3491.9 3547.2 3705 0 0
 781 815.5 824.9 2757.3 2807.5 3036.4 3733.6 4302.2 4260.9 4418.3
 314.5 388.6 481.6 1749.2 3154 3645.6 3700.8 4899.8 4974.3 5145.5
 392.4 555.8 665.7 2240.3 2705.1 4031.7 4086.9 4243.9 4318.2 4489.1
 243.5 413.6 422.9 2128.2 2943.5 3879.4 4062.2 4367.5 4441.7 4612.4
 449.6 462.8 678.4 1207.3 2969 3483.3 4076.2 4483 0 0
 114.5 123.4 388.7 2967.7 3117.6 3651.3 3706.4 0 0 0
 739.6 1301.5 1310.8 2495 2643.4 3256.4 3311.6 3623.5 4084.7 4242.3
 42.4 46.3 1257.1 2383.9 2531.8 3272.1 3893.1 4315.7 0 0
 271.5 361.9 370.5 1776.2 2887.1 3849.7 4123.1 4733.1 4247.6 5149.8
 40.1 40.1 40.1 2170.6 2646 3626.9 3682 4969 5046 5216.1
 771.1 856.9 1075.1 1232.7 2738.5 3487 3542 0 0 0
 297.7 310.5 768.5 1575.6 2942.3 3241.1 3829.6 3992.8 4058.4 4216
 579.5 604.8 613.6 2152.2 2294.8 3192.2 3247.2 5258.8 5335.5 6018.9
 242.1 254.4 262.6 1867 3126.7 3996.2 4051.2 4293 4369.5 4869
 276.3 311 319.5 433.1 2988.1 3427 3579.8 4238.4 4314.9 4483.9
 290.8 786.1 795 2639.1 2699.1 3500.1 3924.4 4609.7 4685.9 5215.5
 277.4 1097.4 1211.3 2015.6 2330.9 3486 3540.9 0 0 0
 307 319.7 328.2 690.1 3061.3 3484.6 4257.9 4320.2 4385.4 4542.7
 243.8 255.9 264.1 2277.5 2374 3874.7 4248.1 4406.2 4482.2 5397.9
 40.4 44.1 46.8 2539.9 2663.9 3053.3 3108.1 3890 3965.9 5167.8
 92.7 420.9 1254 1333.4 3022.7 3315.3 3370.2 4585.9 4661.7 4829.6
 292.6 305.2 372.4 2424.5 3145.2 3849.9 4060.9 4802.8 4878.4 5045.9
 313.9 326.8 335.1 1634.8 2510.8 3616.4 3937.3 4094.4 0 0
 416 902.2 911 2469.3 2493.4 3063.4 3118.2 4313.8 4124.8 0
 804.8 905.6 1371.9 1874.8 2312.5 3147.9 3448 0 0 0
 575.1 731.1 793.2 2073.4 2645.3 3695.7 3814.3 3880.9 4149.1 4306.7
 318.1 331 485.7 2265.2 2289.3 3151.7 3574.3 4062.4 0 0
 312.9 347.2 355.7 1829.5 2580.2 3272.1 3661.7 3819.3 3794.1 3951.9
 288.5 491.3 690.3 1787.5 3001.2 3606.8 3782 4016.9 4094.6 0
 258.3 709.7 1449.6 1915.4 2067.4 3308.3 3682.1 4363 5675.4 5731.8
 476.2 489.8 498.3 556.2 3058.2 3392.7 3447.5 3914 3991.3 4161
 329.4 342.7 351 1400.4 2526.6 3385.5 3440.2 4296 4373.2 4542.8
 651.4 804.3 856.9 2115.2 2138.7 2921.3 3814.8 4113 4190.1 4359.5
 302.3 315.5 347.4 1982.6 2057.4 3450.6 3505.3 3962.4 4039.4 5333
 323.9 337.2 345.5 1593.8 2550.4 3484.9 3539.5 0 0 0
 578.4 785.2 1044.7 1075.5 2365.7 3723.3 3778 3850.5 3916.1 4848.2
 428.5 452.3 460.9 2368.2 2467 3331.4 3447.2 3604.9 4549.6 4718.6
 324.2 367.8 376.3 1821.8 2326.6 3849.3 3904 4416.9 4493.5 4662.4
 237.9 507.1 515.8 2258.9 2729.8 3163.6 3218.2 3375.7 4866 5418
 113 558.7 590.3 1793.9 1817.2 3023.8 3952.9 4110.2 4186.5 4354.9
 638.7 652.6 661.4 1915.9 2410.9 3270.7 3325.3 3482.5 4286.1 4454.4
 57.9 63.4 1323.6 1766.9 2687.5 3288 3342.6 4308.3 4384.3 4552.5
 658.5 672.4 725.5 2369.6 2761.7 3255.8 3354.6 4294.6 0 0
 661.3 900.7 909.3 1401.4 2881.1 3285.3 3339.8 0 0 0
 315.1 328.5 1189.3 1417 2331.5 3149.6 3204.1 3284.5 3350.5 4909.9
 287 360.2 1182 2294.3 2317.3 2590 3834.2 0 0 0
 341.2 773.5 964.7 1208.6 2393.3 3559.3 3613.9 3779.9 3845.6 0
 316.5 545.6 732.1 1361.2 2863.8 3032.6 3709.1 0 0 0
 354.9 531.6 834.9 2626 2756.6 2925.7 3553.6 3632.1 4278 4435.5
 127.7 168.6 197.6 1929.1 2794.3 3581.9 3914.2 4329.2 4405.9 0
 363.4 377 385.1 1059.3 2719.6 3342.2 3396.6 4469.9 4546.5 4937.2
 40.1 40.1 46.7 1858.7 2751.9 2949.7 3004.2 3687.9 3764.4 0
 75.09999999999999 327.3 335.4 1544.3 2797.2 3737.8 3792.2 3950.9 4198.2 4264.1
 231.4 385.8 999.4 1382 1466 3007.5 4095.1 4381.5 4652.5 4823.1
 55.6 60.9 64.3 77.90000000000001 1228.8 3620 3674.3 4320 4396.2 4566.5
 40.1 40.1 40.1 1500.4 2811.3 3485.9 3730.4 4299 4375.2 4545.3
 40.1 1563.1 1571.5 2026.9 2525.5 2658.2 2759.9 3748.6 3824.6 3994.6
# name: collected
# type: matrix
# rows: 200
# columns: 10
 16 20 24 25 29 34 44 44 44 44
 5 5 6 26 27 39 39 39 39 48
 4 8 8 36 42 43 43 48 48 48
 13 14 15 29 29 48 48 48 48 48
 10 15 15 39 39 42 46 46 46 46
 14 14 14 29 29 42 46 47 48 48
 8 15 15 34 34 42 47 0 0 0
 9 9 9 24 33 46 46 46 46 49
 13 14 14 14 26 31 34 41 46 46
 12 18 19 22 35 39 39 46 46 47
 10 10 10 27 32 39 47 48 48 48
 9 9 13 14 43 43 43 43 43 43
 6 14 14 29 33 36 36 36 36 47
 5 7 15 34 40 46 46 46 46 48
 3 6 7 23 23 40 40 48 48 48
 10 27 36 37 37 42 44 45 45 48
 8 26 27 27 27 31 31 49 49 49
 3 7 9 30 30 45 45 49 49 0
 3 8 8 35 35 44 45 45 45 45
 9 12 17 35 36 37 37 47 47 47
 13 22 22 34 35 35 35 39 39 39
 4 7 16 44 44 45 45 45 46 49
 6 9 9 30 31 31 31 49 49 49
 20 26 31 40 42 45 45 46 46 46
 12 24 26 26 34 42 42 48 48 0
 2 3 5 33 33 33 39 39 39 0
 8 25 25 32 41 45 47 47 47 47
 5 10 10 26 27 38 38 41 41 48
 9 17 18 25 25 43 45 47 47 47
 5 10 17 21 21 47 47 47 47 0
 8 8 8 22 23 30 30 47 47 47
 7 7 7 35 35 38 38 46 46 46
 5 7 7 21 25 43 43 45 47 47
 5 13 31 36 36 38 45 45 48 49
 14 14 14 19 19 29 45 45 47 47
 6 6 6 15 37 37 37 37 0 0
 13 13 13 34 34 39 39 46 46 46
 4 11 22 24 35 44 44 0 0 0
 13 16 30 30 30 48 48 0 0 0
 4 11 11 33 34 35 41 42 42 42
 5 11 12 31 31 34 42 45 45 45
 4 9 18 19 19 27 47 48 48 49
 10 17 19 21 33 39 39 48 48 49
 7 7 7 24 27 27 48 48 48 48
 3 3 19 19 20 34 34 0 0 0
 3 3 5 34 34 34 43 43 43 49
 9 9 14 14 14 41 41 41 48 48
 7 8 10 10 30 38 38 48 48 49
 3 6 20 31 34 39 42 42 42 48
 8 8 9 22 22 44 48 48 48 48
 5 7 7 37 43 45 47 47 48 49
 11 16 17 33 38 42 42 43 43 44
 10 13 16 30 30 45 47 49 49 49
 6 6 6 31 38 44 44 49 49 49
 10 12 15 38 39 45 45 45 45 45
 10 20 20 31 32 36 46 46 46 46
 3 11 13 31 31 31 31 31 31 0
 3 3 3 25 25 42 42 0 0 0
 8 8 32 35 37 43 43 48 48 0
 3 3 5 28 38 38 46 47 47 47
 3 3 5 20 37 40 40 44 44 44
 8 10 20 25 38 43 43 43 43 49
 10 13 13 23 23 45 45 47 47 47
 4 7 30 30 31 46 47 48 48 0
 4 5 5 14 39 47 47 0 0 0
 9 25 25 28 35 46 46 47 47 47
 4 5 5 35 35 36 42 42 42 49
 11 19 26 38 38 39 43 48 48 48
 3 3 5 32 33 46 47 47 47 47
 4 7 7 33 33 43 49 49 49 49
 16 16 16 34 35 46 47 47 47 49
 9 9 11 33 39 40 48 49 49 49
 16 19 22 28 32 43 45 49 49 49
 10 15 15 33 34 44 44 46 46 48
 9 9 20 32 32 33 33 41 41 41
 10 19 21 21 38 40 40 46 46 46
 5 12 34 36 37 40 42 42 42 48
 9 17 18 18 18 32 44 44 44 48
 11 19 19 31 31 40 43 45 45 49
 12 12 12 21 32 35 41 42 49 49
 11 11 17 33 42 42 42 45 45 0
 14 18 20 29 33 45 49 49 49 49
 8 11 11 29 37 40 40 46 46 46
 5 9 12 26 34 34 34 0 0 0
 2 2 2 13 37 46 46 48 48 48
 15 15 16 36 36 39 46 46 46 48
 12 13 13 13 13 48 48 48 48 48
 11 14 24 37 38 48 49 49 49 49
 5 8 24 28 30 43 43 49 49 49
 10 10 10 25 25 39 39 39 40 43
 17 20 20 24 24 46 47 48 48 49
 4 10 10 15 15 46 46 46 46 49
 4 28 32 32 35 39 43 43 45 47
 4 21 23 25 26 38 38 48 48 49
 8 17 18 38 38 38 48 48 48 48
 9 9 9 36 38 46 47 47 47 0
 14 17 22 25 26 40 42 44 44 0
 4 6 6 37 37 43 43 48 49 49
 8 8 8 30 33 41 41 47 47 47
 9 9 9 25 25 45 45 47 47 47
 164 224 224 282 282 293 293 298 298 298
 118 232 240 284 285 294 294 0 0 0
 161 201 202 261 287 298 298 298 298 0
 110 248 270 272 285 285 285 290 290 290
 232 236 247 283 290 290 290 295 295 0
 79 79 210 279 279 286 286 295 295 295
 86 215 260 264 281 292 292 295 295 295
 138 138 241 271 288 288 288 298 298 298
 136 245 245 280 282 298 298 298 298 0
 150 211 219 230 257 295 295 298 298 298
 38 143 162 233 233 274 294 297 298 298
 127 132 132 275 284 295 295 0 0 0
 41 164 187 259 269 289 289 289 289 291
 35 37 137 271 284 294 294 295 0 0
 6 86 88 253 279 282 284 299 298 299
 35 35 171 257 286 291 291 0 0 0
 106 113 113 285 293 294 298 298 298 298
 37 37 128 250 269 285 298 0 0 0
 89 189 203 251 251 287 291 291 296 298
 135 135 192 206 280 291 291 293 293 293
 74 199 199 254 256 284 298 0 0 0
 38 87 87 257 289 294 295 295 298 298
 42 49 49 234 266 292 294 294 294 294
 2 2 2 248 253 295 296 297 297 297
 3 38 38 209 258 281 295 295 295 295
 32 32 151 230 231 275 275 298 298 298
 59 69 217 233 233 250 284 296 298 298
 25 218 218 255 255 284 284 296 0 0
 55 176 176 209 254 295 295 295 295 295
 25 44 44 182 255 283 286 295 298 298
 2 2 2 266 271 290 290 299 0 0
 35 134 139 246 250 285 285 298 298 298
 142 142 145 189 253 270 291 292 293 293
 38 90 90 248 256 289 292 292 292 294
 37 69 171 218 218 277 294 296 299 299
 147 161 169 224 225 286 295 295 295 298
 7 60 103 242 257 283 294 296 297 0
 61 71 71 106 235 267 292 292 299 299
 36 56 56 234 244 280 298 298 298 298
 88 88 187 211 212 290 291 299 0 0
 40 156 156 194 194 283 283 0 297 0
 100 100 100 213 239 282 282 290 290 290
 70 99 151 253 276 296 296 296 0 0
 86 88 88 261 262 265 285 294 294 294
 37 43 50 175 274 288 288 299 299 299
 46 60 69 215 242 295 295 295 295 295
 32 49 49 198 255 296 298 299 299 299
 56 56 76 129 265 281 297 299 0 0
 11 11 40 266 273 288 288 0 0 0
 88 150 150 249 256 282 282 286 292 292
 3 3 136 234 241 278 293 295 0 0
 32 40 40 166 248 283 289 294 289 296
 2 2 2 207 237 272 272 296 296 296
 94 101 124 133 256 284 284 0 0 0
 34 34 83 148 255 265 287 288 288 288
 67 68 68 215 223 260 260 294 294 297
 27 27 27 179 267 297 297 298 298 299
 34 36 36 42 256 275 277 294 294 294
 35 85 85 246 248 279 289 294 294 295
 36 136 146 216 234 289 289 0 0 0
 37 37 37 66 261 277 298 298 298 298
 27 27 27 211 215 284 296 296 296 299
 3 3 3 240 245 256 256 281 281 292
 9 47 137 140 275 281 281 299 299 299
 36 36 41 222 267 290 293 298 298 298
 41 41 41 179 245 291 298 298 0 0
 51 103 103 255 255 279 279 297 296 0
 111 120 172 212 241 283 288 0 0 0
 74 90 95 215 252 295 296 296 298 298
 38 38 52 224 224 275 288 296 0 0
 42 44 44 201 260 289 298 298 298 298
 34 54 75 173 271 290 292 293 293 0
 33 78 166 204 212 271 280 290 299 299
 58 58 58 60 281 291 291 295 295 295
 43 43 43 158 246 286 286 298 298 298
 79 92 96 215 215 261 293 294 294 294
 35 35 37 204 207 278 278 284 284 298
 37 37 37 161 233 290 290 0 0 0
 68 89 116 116 228 293 293 293 293 299
 55 56 56 239 243 282 283 283 295 295
 41 44 44 175 211 289 289 295 295 295
 26 58 58 229 259 275 275 275 296 297
 12 64 66 190 190 261 298 298 298 298
 81 81 81 208 246 286 286 286 298 298
 5 5 149 191 262 281 281 295 295 295
 84 84 88 236 265 282 283 299 0 0
 84 110 110 149 269 284 284 0 0 0
 39 39 135 152 230 279 279 279 279 297
 39 45 137 241 241 251 290 0 0 0
 43 92 111 132 236 283 283 284 284 0
 40 66 86 144 266 269 297 0 0 0
 45 62 94 260 267 270 290 290 298 298
 14 17 19 186 249 282 288 291 291 0
 44 44 44 110 250 272 272 293 293 295
 3 3 3 198 275 280 280 295 295 0
 7 37 37 159 263 297 297 297 298 298
 26 43 115 150 154 253 292 294 295 295
 5 5 5 5 119 287 287 294 294 294
 3 3 3 151 261 288 293 299 299 299
 3 201 201 239 278 279 280 297 297 297
# name: avgRate
# type: matrix
# rows: 200
# columns: 10
 0.062402496099844 0.05122950819672131 0.04489337822671156 0.02437597503900156 0.01691751254229378 0.005608524957936063 0.003695212180763061 0.0008452695641482757 0.0004308588976279259 8.760043688726978e-05
 0.04897159647404506 0.03164556962025317 0.02454991816693944 0.01942763207053725 0.01408450704225352 0.006033789219629927 0.003387504451528286 0.0007549200462243352 0.0003833733909376428 9.537824827514398e-05
 0.04597701149425287 0.03626473254759746 0.02795248078266946 0.02605863192182411 0.01941029670024956 0.006808106396453451 0.003782281331363029 0.0009244404727742651 0.0004706311457809389 9.559022382849202e-05
 0.06881948120698782 0.05164146071560309 0.04112969564025226 0.02432681821994799 0.01680867095577581 0.007313505607020965 0.004131733434331262 0.0009272835807055469 0.0004713664520639958 9.562019657918747e-05
 0.06385696040868455 0.0476341695776437 0.03905233012236396 0.02805755395683453 0.02027764779285603 0.006773756531836656 0.003977449590149759 0.0008895334783659656 0.0004519551974847711 9.16452412710398e-05
 0.06526806526806526 0.05 0.04016064257028112 0.02422116428631087 0.01675138632162662 0.006543075245365322 0.003869252897733964 0.0008990449082495979 0.0004677469021512459 9.547000779870625e-05
 0.06274509803921569 0.04658385093167702 0.03832396525293817 0.02659366445052796 0.0187575857883703 0.006690987876567204 0.004017780817233715 0 0 0
 0.06097560975609757 0.0428979980934223 0.0325497287522604 0.02208927749654855 0.01720721660235687 0.006839030047129837 0.003904989897960916 0.0008858589943574633 0.0004510060375982164 9.748574320743215e-05
 0.0673226307612636 0.05041411595246669 0.0403574517151917 0.01775297996449404 0.01618022278922148 0.005149843843444747 0.002992562601769133 0.0007862117632620501 0.0004471706733807075 9.144671082084953e-05
 0.0635593220338983 0.05172413793103448 0.04320145520691223 0.02282868112483138 0.01952253458277555 0.006412680664945657 0.003502123723745297 0.000885415664157989 0.0004508955177064709 9.350749601847072e-05
 0.05952380952380952 0.04332755632582322 0.03350083752093802 0.02350483154870723 0.01736864958749457 0.006120719419944128 0.003888764779374653 0.0009153876666768376 0.0004682785203569453 9.549203964431603e-05
 0.06676557863501482 0.04603580562659847 0.03784570596797671 0.01697381183317168 0.02029738022185509 0.006912738730628256 0.003813950188036614 0.0008361041435765813 0.0004236645207566057 8.571674045947762e-05
 0.05405405405405406 0.04734528238079135 0.03834565872363736 0.02494838265657261 0.01795039164490862 0.005903478132533084 0.003227946846475261 0.0007016586430701464 0.000355122043608987 9.348625563080646e-05
 0.05192107995846314 0.03721424774056353 0.0359109408666507 0.0258771596011873 0.01925761879543594 0.007074093439547258 0.003980168378427487 0.0008895524004378145 0.0004519636346129471 9.5517521893412e-05
 0.04524886877828054 0.03428571428571429 0.02636534839924671 0.0211864406779661 0.01425207584582972 0.006364865940011138 0.003527492393844526 0.0009155727479771565 0.0004683251230085206 9.54942053917222e-05
 0.06426735218508997 0.05306603773584906 0.0485895532460521 0.0303030303030303 0.02114285714285714 0.006851773304186107 0.003867111970469327 0.0008705947903607745 0.0004422361029761506 9.551113580250844e-05
 0.05767844268204759 0.05373010952676173 0.04703832752613241 0.02640845070422535 0.01739802822346801 0.005283070315961689 0.002837970210467533 0.0009416955901740791 0.000479918825158716 9.755979071234775e-05
 0.04405286343612335 0.03690036900369004 0.03037462031724603 0.02636667252592723 0.01798668984951136 0.006925740669488265 0.003895058469155465 0.0009359432780171755 0.0004784198475891057 0
 0.04291845493562232 0.03853564547206166 0.02935779816513762 0.02485442408748757 0.01805519731751354 0.006764547620877854 0.003848127244740893 0.000867993603851577 0.0004415634879983044 8.962968598936634e-05
 0.06488824801730354 0.0473746545598105 0.04080652904464714 0.02726918582002337 0.01942480979873739 0.00615999334054774 0.003344663002603413 0.0009037071219812336 0.0004604462017596883 9.358139171856452e-05
 0.06852925672113865 0.05385556915544676 0.04615061883784351 0.02713704206241519 0.01921071408968659 0.005906774226212577 0.003187178436461321 0.0007552094931769726 0.0003834495316508092 7.770938245150785e-05
 0.04656577415599534 0.03582395087001024 0.03709714815673545 0.02876757110166721 0.021355076684139 0.007240430564270889 0.003992405557428536 0.0008751424537438595 0.0004518988100325466 9.749526700272688e-05
 0.05240174672489083 0.03950834064969271 0.0307272106520997 0.02531645569620253 0.01767691167246393 0.005291818166299653 0.002840206327246741 0.000927710524023916 0.0004762594389275026 9.740657963554434e-05
 0.06660006660006659 0.05597416576964478 0.04812170133498913 0.03008423586040915 0.0217718106889223 0.007215585665036479 0.003984698756773987 0.0008902634212049135 0.0004521462201558922 9.165208867140336e-05
 0.06253256904637831 0.05388414907947912 0.04659498207885305 0.02590415462787685 0.01919494156833964 0.006791391103277655 0.00373632239124633 0.000917778517099361 0.0004689006526510959 0
 0.03992015968063872 0.02390438247011952 0.02183406113537118 0.02516778523489933 0.01791141988710378 0.005548456520277086 0.003404240461580092 0.0007557626905151782 0.0003835924713584288 0
 0.05792903692976104 0.05355612682090831 0.04677268475210477 0.02722245852828584 0.02045499900219517 0.007060927962843828 0.004058616788856938 0.0009086058506483966 0.0004617140791358284 9.363542112431038e-05
 0.05202913631633715 0.04258943781942078 0.03333333333333333 0.0242492072374557 0.01646341463414634 0.006132197263103537 0.003376757246698776 0.0007925216880325359 0.0004027481173981293 9.534878685553407e-05
 0.06085192697768763 0.04918981481481481 0.04149377593360996 0.02393260578211756 0.01586193769430874 0.006739706274196329 0.003870301883546917 0.0009017876501140666 0.0004599469397381434 9.355970801408572e-05
 0.05428881650380022 0.04426737494466578 0.04082612872238232 0.02193211488250653 0.01410247800684978 0.007241687467258329 0.004070391796861469 0.0009091946663158852 0.0004618660765262954 0
 0.05532503457814662 0.03952569169960474 0.03004130679684566 0.02200880352140856 0.01459298267876404 0.004978261591052404 0.002706872749912027 0.0009035733442018468 0.0004604105686756241 9.358157804823075e-05
 0.05922165820642978 0.0402067777139575 0.02957329953527672 0.02680143962018531 0.01904140144714651 0.006199425737405377 0.003396982049631696 0.000886417198035237 0.0004511511218951486 9.160946883435912e-05
 0.05330490405117271 0.03783783783783784 0.02818035426731079 0.02049380306431151 0.0145789596454397 0.006682518221517709 0.003741896184136101 0.0008648823183458838 0.0004581570971946164 9.348497258901261e-05
 0.05213764337851929 0.04609929078014184 0.04735716468072105 0.029034599564481 0.02031258816227501 0.006310615118905274 0.003912329052955547 0.0008712808409215441 0.0004696912171656483 9.746454925927936e-05
 0.06153846153846154 0.04842615012106537 0.03945885005636979 0.01998947922146239 0.01281359589964931 0.004810722935536312 0.0037038256403503 0.0008604930433917958 0.0004571855463221369 9.344460265963221e-05
 0.05514705882352941 0.03660768761439902 0.02660753880266075 0.01792114695340502 0.01858922829581993 0.006071346526205244 0.003318326128679306 0.0007212995869097771 0 0
 0.06283228612856452 0.0484893696381947 0.03895714713814804 0.02606962122373869 0.01851650147042806 0.006333019388782436 0.003477702576175063 0.0008845524453067763 0.000450685679070647 9.159226786039268e-05
 0.04722550177095632 0.0414156626506024 0.03976861894432393 0.02290076335877863 0.01853911753800519 0.006838031890094178 0.003829183600650961 0 0 0
 0.06735751295336788 0.05179669796050502 0.04509921828021647 0.02698569758028245 0.01825261620832319 0.007401696222050887 0.004159048964136867 0 0 0
 0.04914004914004914 0.04375497215592681 0.03481012658227848 0.02486437613019891 0.01783372672436402 0.005747787101965743 0.003483491648116366 0.0008058296015748213 0.000411009576523133 8.360764603866973e-05
 0.05370569280343717 0.04502660663119116 0.03628666465074085 0.02652519893899204 0.01822671683913453 0.005663740400792924 0.003668218381267631 0.0008637866101558272 0.0004404630931080251 8.95819211738815e-05
 0.04744958481613286 0.03998223011994669 0.03843689942344651 0.02003585363281662 0.01283523610079038 0.004594180704441042 0.003977994075327973 0.0009205877953073038 0.0004696232056480017 9.744747282905924e-05
 0.05924170616113743 0.0490337467551197 0.04152097902097902 0.02171440388791231 0.01765083440308087 0.006277868100381501 0.003461343888952988 0.000916037527004023 0.0004684366415044624 9.741812155992258e-05
 0.05511811023622047 0.03810560696788242 0.02844372206420154 0.0225098480585256 0.0158413517953532 0.00464828013634955 0.004130524576621231 0.0009271528295545417 0.0004713261842315861 9.561606325958746e-05
 0.04411764705882353 0.02540220152413209 0.0389823553549446 0.02035786992392586 0.01324152542372881 0.005577976834990321 0.003049436751094209 0 0 0
 0.04424778761061947 0.02544529262086514 0.02235136343316942 0.02751476895686655 0.01922968157909621 0.005789796335399496 0.003722685874571459 0.0008317343401832137 0.0004225350728676473 9.736535315506467e-05
 0.06401137980085349 0.04529441368897836 0.0398066533977822 0.01761671070844344 0.01055966209081309 0.006635592671716191 0.003649992432942517 0.0007978935609989627 0.000470266425524494 9.557250418876365e-05
 0.05617977528089888 0.03978120338140229 0.032605151613955 0.01336541031809677 0.01617250673854448 0.005973903474296494 0.003328894806924101 0.0009152916634091182 0.000468243346066951 9.739635685945646e-05
 0.0432900432900433 0.03432494279176201 0.03798670465337132 0.02427184466019417 0.01778521734581786 0.006285456420835482 0.003659365361493021 0.0008134931395411899 0.0004129886909930117 9.53945688294669e-05
 0.05669737774627924 0.04010025062656641 0.03162333099086437 0.02227848101265823 0.01447749407738879 0.00697151186741452 0.00410603844278492 0.0009258937768364524 0.0004710024403813942 9.560303706948011e-05
 0.06009615384615384 0.03923766816143497 0.02914238134887594 0.02719188652899243 0.02025435704192181 0.007077697389116074 0.004030045273700096 0.0009070889970104663 0.0004696912171656483 9.745297694978548e-05
 0.06314580941446614 0.0487062404870624 0.0405727923627685 0.02635572238639087 0.01948717948717949 0.006644518272425249 0.003692177857481935 0.0008313596597225579 0.0004224346184187388 8.758627745979094e-05
 0.06031363088057901 0.04651162790697674 0.0392638036809816 0.02450179679843188 0.01707650273224044 0.006981723399633848 0.004009315260136316 0.0009395054366687055 0.0004793418343140276 9.753402145907711e-05
 0.05504587155963303 0.03638568829593693 0.02653693056169837 0.02722880983750549 0.02015487429723136 0.006969634569387464 0.003870649917308842 0.0009412831418110287 0.000479804631387644 9.755318689339089e-05
 0.06188118811881188 0.0462962962962963 0.0383533623114293 0.02779809802487198 0.02007515313738611 0.007085944635152584 0.003945603282741931 0.0008728305312240575 0.0004428057352198826 8.967898510491843e-05
 0.06321112515802782 0.049813200498132 0.04275331338178709 0.02617138032925285 0.01813750495947401 0.005972328212614884 0.003961146321300634 0.0008886484815702032 0.0004517230780410538 9.163397724130732e-05
 0.04285714285714286 0.04346108257605689 0.03594138789051701 0.02589375208820581 0.01792321924144311 0.005314589405108864 0.00284732810404688 0.0006073834313637129 0.000306606176235252 0
 0.04470938897168406 0.02553191489361702 0.01712328767123288 0.02310109037146553 0.01548275221403357 0.006415641946078057 0.003620377553659167 0 0 0
 0.05895357406042742 0.04121586810922205 0.04684526423656858 0.02864157119476268 0.02029064984919112 0.006879559708178677 0.003803626713843432 0.0009233894548924251 0.0004703595114532541 0
 0.04166666666666666 0.024330900243309 0.02214348981399468 0.02349387481120993 0.01798986886332434 0.006113551168814454 0.003844257431534611 0.0008981618258292231 0.0004589960291960538 9.352424218003019e-05
 0.04267425320056899 0.0247320692497939 0.02234137622877569 0.02084201750729471 0.01825717951248396 0.006391103583811335 0.003535692819007885 0.0008489373812211193 0.0004318052008973697 8.763793264507016e-05
 0.05689900426742532 0.04151100041511 0.04069175991861648 0.02346977093503567 0.0188510764956841 0.006670907088226625 0.003739000382595388 0.0008324814918068333 0.0004227244888228696 9.726168653749389e-05
 0.06422607578676943 0.04763649688530597 0.03855278766310795 0.02194447094742868 0.01455604075691412 0.006945301889122114 0.003901576236799667 0.0009051725798188884 0.0004608200046866375 9.359575991293603e-05
 0.04750593824228028 0.03593429158110883 0.04369356248179435 0.02651113467656416 0.01816051552431166 0.006957994887386365 0.003988932833160762 0.000920499524408579 0.0004696034492373347 0
 0.04700352526439483 0.03134796238244514 0.02276867030965392 0.01601830663615561 0.01779115916244697 0.007026881559668689 0.004002282152376249 0 0 0
 0.06024096385542169 0.05275374551593164 0.04636498516320475 0.02642257242615835 0.01907356948228883 0.00705142944738254 0.003972983710766786 0.0009061481185858691 0.000461076781056219 9.360787660490207e-05
 0.0477326968973747 0.03182686187141948 0.02303086135421465 0.02767017155506364 0.01947907390917186 0.006036217303822937 0.003663674665689687 0.0008136759554880506 0.0004130366156959815 9.7443403280462e-05
 0.06124721603563475 0.04928664072632944 0.044543429844098 0.0287399788231735 0.02049401359076691 0.006447133505256893 0.00376206266021575 0.0009168388923058116 0.0004686493136240261 9.550518762292562e-05
 0.04470938897168406 0.02551020408163265 0.02265518803806072 0.02578150177247825 0.01812489701763058 0.007049700387733521 0.004023455891794718 0.0009067250057393764 0.0004612224750768131 9.361218344641817e-05
 0.04878048780487805 0.03670686942842161 0.0277337559429477 0.02515243902439025 0.01789490808524484 0.006707745105685984 0.004162914379895672 0.0009436887444895318 0.0004804293665881965 9.75784027530651e-05
 0.06517311608961303 0.0517631834357813 0.04282655246252676 0.02751476895686655 0.01938413823659725 0.007184805697863302 0.004060685651092065 0.0009086040941313842 0.0004617081827460635 9.746047828431369e-05
 0.06048387096774193 0.04318618042226487 0.03452605147520402 0.02512371526456033 0.01888071262587142 0.006428491072433023 0.004025697368200346 0.0009361292393281267 0.0004784623586827248 9.749707110839446e-05
 0.06519967400162999 0.05164446860559935 0.04458856911228213 0.02566217578590414 0.01787409931296431 0.006708896308546822 0.003872800034424889 0.0009369168170832441 0.0004786684810481472 9.750564637288945e-05
 0.05931198102016608 0.04748338081671415 0.03940110323089047 0.02472836268265268 0.01783185608643206 0.006791590775784891 0.003815073006624354 0.0008846051776325658 0.0004506764065022808 9.548360556438669e-05
 0.05913272010512484 0.04245283018867924 0.04076640847941296 0.02581061461526053 0.01805869074492099 0.005568680391495107 0.003005300256816567 0.0007906357868754459 0.0004022561665379774 8.165827644473407e-05
 0.05817335660267597 0.04824784154393093 0.0418076846506072 0.02219403931515536 0.01976079043161726 0.006487503446486206 0.003564967068616704 0.0008859784283513097 0.0004510325704346189 9.160510869742713e-05
 0.05070993914807303 0.04232804232804233 0.04689655172413793 0.02939255388634879 0.02054984726464871 0.006628222973420825 0.003727468782448947 0.0008167996234942688 0.000413840807265468 9.542851678438503e-05
 0.05663939584644431 0.04876649454962707 0.04110527517698105 0.02041510717931269 0.01273705066515709 0.005358428640801085 0.003744776462377763 0.0008477498983663474 0.0004314986143010409 9.549093781053205e-05
 0.06232294617563739 0.05059920106524634 0.04316219900045434 0.02493564993564993 0.01746085389208066 0.006417661404184315 0.003710671200013807 0.0008652315359590227 0.0004408423812150204 9.742867823085427e-05
 0.06191950464396284 0.04698512137823022 0.03765296517100722 0.02091633466135458 0.01742255131485817 0.005725503026337314 0.003531012625523193 0.0008073972971414291 0.0004763094378284955 9.740764463146713e-05
 0.05844845908607865 0.04407051282051282 0.03836605732340329 0.02585598997100995 0.01976191596480497 0.006743088334457181 0.003722381260469197 0.0008684861129070546 0.0004416870088072389 0
 0.06247211066488175 0.05120910384068279 0.04371584699453552 0.02570010634526763 0.01848118279569893 0.00698529982459136 0.004130698678176423 0.0009420450066808294 0.0004800043886115531 9.756561835396449e-05
 0.05751258087706686 0.04346108257605689 0.0347661188369153 0.02502157031924072 0.0191392509828264 0.006455048654929236 0.003555176336746302 0.0008843534799309435 0.0004506128334534968 9.158772700565674e-05
 0.05219206680584551 0.04028648164726947 0.03398470688190314 0.02191503708698584 0.01699915004249787 0.005570665530687814 0.003047141064706937 0 0 0
 0.03913894324853229 0.02028397565922921 0.0130039011703511 0.01561749159058145 0.01820866141732283 0.006956416538124187 0.003942676906198574 0.0009208915765280085 0.0004697105213199648 9.555098680281621e-05
 0.06830601092896176 0.05313496280552604 0.04339571467317602 0.0288322921672273 0.02022358294477838 0.00648713385119513 0.003937547079367254 0.0008874278482575548 0.0004514092309262426 9.548094647875221e-05
 0.06279434850863422 0.04793510324483776 0.03880597014925373 0.01673963430337368 0.009951010410287814 0.007167709468842863 0.004084654463761456 0.0009247842170160296 0.0004707179134643956 9.559108047594003e-05
 0.05920344456404736 0.04605263157894737 0.04220893422441083 0.02750520368718406 0.01976284584980237 0.007214573438345458 0.004137360364087712 0.0009423819955034915 0.0004800918641085282 9.756472473705809e-05
 0.05202913631633715 0.0389294403892944 0.04135079255685734 0.02434994347334551 0.01702031090434585 0.006794122294201296 0.003777363927052953 0.0009439487108357607 0.0004804981491015175 9.758151192794581e-05
 0.06045949214026602 0.04424778761061947 0.03466204506065858 0.02336230258854313 0.01560646732005743 0.006110841259146675 0.003410044767767208 0.0007559721802237678 0.0003922587731126224 8.552802216249847e-05
 0.06854838709677419 0.0550812448361333 0.04673989249824725 0.02447231569287244 0.01586881777307591 0.007169352576291263 0.004057180345982529 0.0009245063521290611 0.0004706463739638426 9.748677114463198e-05
 0.04914004914004914 0.04257130693912303 0.03356831151393085 0.0174195796074788 0.01077276644642344 0.007163881577922786 0.004008400212619489 0.0008909859340437978 0.0004523280637113911 9.742203404084926e-05
 0.04813477737665463 0.04931313842902431 0.04488708093701781 0.0276100086281277 0.01932527193418365 0.006388520320408865 0.003712337045670379 0.0008311539703065411 0.0004397219393887279 9.343704182301633e-05
 0.04878048780487805 0.05051719990377676 0.04390988927071401 0.0244355390479914 0.01632858129749419 0.00609570252971655 0.003366198056463543 0.0009210453096727027 0.0004697477552418467 9.746530533493257e-05
 0.05629838142153414 0.04741980474198047 0.04038590980480144 0.02699822380106572 0.01959166838523407 0.00628962047105947 0.004130951151502633 0.0009271474570083656 0.0004713298867335366 9.561648228953666e-05
 0.05625 0.04096495220755576 0.03189227498228207 0.0266607420573206 0.01925805797689033 0.007183683668051348 0.004061633122186023 0.0009086726033276751 0.0004617276867639373 0
 0.06839276990718124 0.05213124808340999 0.04365079365079365 0.02401536983669549 0.01610405698358625 0.006294652692537689 0.003613089707855889 0.000844562171292564 0.0004306724951011004 0
 0.04813477737665463 0.0340522133938706 0.02530577815267819 0.02629895514961973 0.01908003300330033 0.00681825389274728 0.003784744837784076 0.0009215457393868648 0.0004783124356352526 9.749536399595693e-05
 0.06728343145500421 0.04553215708594195 0.03379805661174483 0.0265557227582544 0.0187691957683995 0.006661034572394074 0.00365748133346417 0.000901177282662883 0.0004597845078055757 9.355285477531591e-05
 0.06433166547533953 0.04534005037783375 0.03456221198156682 0.02208480565371025 0.01502133028901039 0.006757568476693897 0.003841557111149052 0.0009009423473573636 0.0004597237940320026 9.355035955184999e-05
 0.09603560344322773 0.08867775138558986 0.08640641876253664 0.06946154983004088 0.06140713803540709 0.03206987511355801 0.02064659789165116 0.005410518556444599 0.002834165195690547 0.0005897336086215096
 0.100837463681422 0.091699604743083 0.08804754567466432 0.07134782062554955 0.06256448532478651 0.03265832065138909 0.02091395401775552 0 0 0
 0.1159190726474188 0.1049882475842256 0.101 0.07727380388441497 0.06473586863355439 0.03321962856442155 0.02124610547479342 0.005518426544742772 0.002863556344795246 0
 0.1070663811563169 0.0966221217906261 0.09054022333255089 0.07809359747344244 0.06496466833827216 0.03356653240053706 0.02103911059928245 0.005356987821165274 0.002783039962534524 0.0005751877492149679
 0.1092278719397363 0.1053947838513755 0.09959677419354838 0.07907899516584235 0.06700090104660028 0.03439156576497516 0.02150043371564564 0.005452744116581518 0.002831939283221768 0
 0.1079382429293619 0.09964682139253279 0.09379606056545625 0.0749234652774048 0.0655483507189174 0.03300406203840472 0.02084320227380388 0.005407059970710231 0.002819569532974149 0.0005846070004211152
 0.1099041533546326 0.09716635784335879 0.090817003737469 0.07820368505243201 0.06473013752274769 0.03300441942739593 0.02100220810886624 0.005415765568949122 0.002821932248754763 0.0005844900126507415
 0.1064404165059776 0.1017699115044248 0.09336380893348312 0.07708718532214479 0.06463340739244598 0.0336432876968366 0.02115080967943304 0.005452323275199613 0.002845594055955074 0.0005902185729901324
 0.1160904822876654 0.09972727642772826 0.09721836435062101 0.07891325178963982 0.06812252391535413 0.03333072354513628 0.02129042859490316 0.005503180949391049 0.002859388148507792 0
 0.1102535832414553 0.1025815547668822 0.09803043867502238 0.08137848069914728 0.06667531456738876 0.03288556936625606 0.0210313188419229 0.005476531774910869 0.002852174112787216 0.0005907062090953295
 0.110240789091964 0.0996237982443918 0.09314091876042087 0.07356423452151674 0.06298318646266962 0.03153158336881595 0.01994247883655307 0.005385556915544675 0.002824786458466634 0.0005893152789280632
 0.1119830702759898 0.1048118151500715 0.09978832778953735 0.07803189376312356 0.06628854188548887 0.03359334965552582 0.02131872579059953 0 0 0
 0.1080653663679494 0.1030863033503049 0.09639175257731959 0.07463116643614569 0.06400342620571511 0.03277424330055909 0.02083033011388208 0.005363612067941561 0.002780260343963419 0.0005769605953757501
 0.09806668534603531 0.08399545970488081 0.0896538184673778 0.07322741028966709 0.06293907763224962 0.03261122757978104 0.02089329495789361 0.005423013430690212 0 0
 0.06912442396313365 0.09534368070953436 0.08864712400523823 0.0773747629824454 0.06487165178571429 0.03321280930900868 0.02077587657373607 0.005463921670388469 0.002852728376223179 0.0005923150783410978
 0.1026092055115802 0.08820564516129031 0.09755819260611594 0.07636990372043267 0.06336405529953916 0.03322600534356374 0.02106497567755386 0 0 0
 0.1032635168046761 0.09682947729220223 0.09198957994138716 0.07420522300622283 0.06420369883425366 0.03365769891242129 0.02127629192786052 0.005516526439526467 0.002863044626987558 0.0005909853709305799
 0.09762532981530343 0.08507702920211543 0.09351256575102279 0.07414657294539846 0.06324798382356399 0.0326951094999369 0.02071544760660114 0 0 0
 0.1228602981778023 0.1116361488481985 0.1052795353179131 0.08226810881678139 0.07007649785024289 0.03365621408635692 0.02112415340055315 0.005409424667720048 0.002836928373309104 0.0005904037985550165
 0.1153451811346548 0.1100962322622737 0.1002296930465651 0.07998136356577108 0.06540375137231084 0.03298683927134226 0.02096874144316823 0.0053950343588195 0.002807056537759222 0.0005807108852570785
 0.1177031970733259 0.1064341873027758 0.1030821030821031 0.08261774655217279 0.07019853021827355 0.03322375732618944 0.02101803460217375 0 0 0
 0.1118634088901972 0.1034113871389516 0.09643094657503878 0.08077950652208078 0.06584943492526431 0.03403565640194489 0.02139588183670953 0.005482160677483558 0.002861307252549732 0.0005909114253517261
 0.1088364861363048 0.09304975313330802 0.08341845420497106 0.0758681062153487 0.06368054391802926 0.03196252066070471 0.02050967233356819 0.005394792373892141 0.002811581036172807 0.0005824772997303368
 0.03992015968063872 0.02219755826859046 0.01427551748750892 0.08124221974710083 0.06841350964008545 0.03358990708690108 0.02127934896694512 0.00548148476257973 0.002848844347585868 0.0005887883983706619
 0.05988023952095808 0.0890555425357394 0.07794871794871795 0.07326906222611744 0.06311000220151171 0.03208202036808695 0.02055176257489202 0.005411295115526565 0.002820647907605136 0.000584438136034613
 0.1051939513477975 0.08928571428571429 0.09736282158746534 0.07871859812444383 0.06642703091301222 0.03284248743028436 0.02047791735857206 0.005430533814184627 0.002839579932745788 0.0005899627927492385
 0.1102597645299944 0.09851513420902341 0.09456573844075479 0.07867103352804133 0.06673540700005728 0.031201637461934 0.02046625590026303 0.005415155850380707 0.002832128886574188 0.0005896415414733678
 0.1 0.102971045297813 0.1001378043178686 0.08296190259296614 0.07076846224294396 0.03322647822729719 0.02087774755568625 0.005438497210932849 0 0
 0.1094309590131317 0.1016694587256658 0.09826912339475154 0.07968279385413092 0.06594319538916869 0.03307471522109606 0.02110942553739589 0.005449359746410812 0.002834513419739552 0.000585048384493005
 0.09976057462090981 0.09014546199549273 0.08029197080291971 0.07569770827267812 0.0656894819547129 0.03280322700296735 0.02058901871009078 0.005399993044076758 0.002831526097548924 0.0005896159918102734
 0.03992015968063872 0.02219755826859046 0.01427551748750892 0.08282476024411509 0.07053067173307653 0.03456825442235255 0.02156967749613234 0.005518794355694602 0 0
 0.1043219076005961 0.09980634589602265 0.09453852955179215 0.07817216943658839 0.06643635397289396 0.03314878570763934 0.02087422728737585 0.005472137089888115 0.002854376055424703 0.0005906153597650223
 0.1169879716592519 0.1120669244732065 0.1061571125265393 0.07976702962775385 0.06665964061758971 0.03240246258715662 0.02062030994239068 0.005366305482452916 0.002797897279928191 0.0005803238523996787
 0.1149425287356322 0.1062950277548128 0.09923916639100232 0.08013441902546206 0.0679423551580456 0.03403283167290799 0.02132258441406706 0.00542215768451584 0.002809656365555537 0.000582637867180762
 0.1039617870188255 0.09254291845493562 0.09523809523809523 0.07734061801539717 0.0651271173781854 0.03224529707580555 0.02040632179520105 0.005401292295676959 0.002841859545606618 0.0005916323790309655
 0.1145484298293462 0.108688314318504 0.1033323142769795 0.08086350673260893 0.06773436088867481 0.03331391962725684 0.02091872190154728 0.00543674576671016 0.00282744984151904 0.0005898525566545463
 0.07526881720430108 0.09366219169528567 0.08826049700085689 0.07537297162612515 0.06429822366775081 0.03271411562070121 0.02087312124159573 0.005440566407075677 0.002836451360589371 0
 0.1155521879143777 0.1034231609613984 0.09514875368533905 0.06985633320152893 0.06517096979949527 0.03240291262135922 0.02050662602796486 0.005367943085096604 0.002839457635102154 0.0005916840098682603
 0.103418557885665 0.09285358978610513 0.08449004224502113 0.07358721972389069 0.06291091916978213 0.03189501982047661 0.02053472987872106 0.005450976877248757 0.002845077872072696 0.0005902016231732962
 0.1225456064614956 0.1140635126377187 0.1026682771494455 0.08158688423169129 0.06764518187619656 0.03387059098341509 0.02124583844401612 0.005459412282399512 0 0
 0.1278772378516624 0.1098901098901099 0.1054695422892299 0.08252860849959587 0.06739387202112138 0.03375477099236641 0.02105780105958688 0 0.002852894391036725 0
 0.1132246376811594 0.1068033749866496 0.1004217714400482 0.07590876692801141 0.06336833174249655 0.03234761063571084 0.020474842082335 0.005352281640751165 0.002778762588273622 0.0005749344822506821
 0.1193114027612067 0.1101959038290294 0.1040159812633464 0.08450798316520809 0.07066956855716297 0.03485674584015356 0.02184953348293374 0.005511591099525184 0 0
 0.1087231352718078 0.1016753321779318 0.09514542112660829 0.08012771313664691 0.06881155613919895 0.03297496391419043 0.02075202423253917 0.005414145283248193 0.002819849051753821 0.0005828495913015051
 0.1140215716486903 0.09803921568627451 0.08596973865199449 0.07780544193491019 0.06596051998074146 0.03331174238919219 0.02102067032582039 0.005446285778818866 0.002848316206919217 0.0005919086678986549
 0.1143141153081511 0.09904258831297459 0.09011362152278959 0.07845856293106594 0.06531537610320909 0.03266273237596466 0.02094144204899587 0.005438399525107892 0.002827886217361879 0.0005847499975718008
 0.126232741617357 0.1056945642795513 0.09370816599732262 0.07533673236435584 0.06466337010270065 0.03333558573777508 0.02119156319779266 0.00549960914149078 0.00286284118316726 0.0005925339924266625
 0.1218450826805918 0.109204368174727 0.09763617677286743 0.07555789843612722 0.06676744771982868 0.03312390225501868 0.02109944445233799 0.005487950369840133 0 0
 0.08835341365461848 0.06343713956170703 0.08184980560671169 0.07670790437465756 0.0663007577229454 0.03328979459734376 0.02101208194711959 0 0 0
 0.1173959445037353 0.1109877913429523 0.1063226538134392 0.08313856427378966 0.07026403908437173 0.03415532193207694 0.02118453078517984 0.005333482521655618 0.002805407519068605 0.0005790866811451558
 0.05725190839694656 0.03115264797507788 0.1002136909586619 0.08114012275044211 0.06823715952205674 0.03360694382321297 0.02108960563157251 0.005431210497149075 0 0
 0.1136767317939609 0.09711094925952901 0.08501594048884166 0.07292856515244707 0.06380077692881583 0.03197848514638914 0.02046292952680361 0.005371521072257921 0.002772246075689033 0.0005859647969770551
 0.03992015968063872 0.02219755826859046 0.01427551748750892 0.07751067175915524 0.06500274273176083 0.03152928630214794 0.01988013448326268 0.005384853280940166 0.002817813148525408 0.0005858879002470428
 0.1203431058763283 0.1113683978387915 0.1055229342183644 0.07675881572112887 0.06847666176273906 0.03346294332508543 0.02097179146359474 0 0 0
 0.1104972375690608 0.09431345353675451 0.0955670696603339 0.07130468298323377 0.06468305304010349 0.03215590151800124 0.02075258865043096 0.005334044539271903 0.002767676612363826 0.0005711837783806939
 0.1136556403731976 0.1038485033598045 0.0952914798206278 0.0810647764120353 0.06768240864392376 0.03173750640853495 0.01962678905731022 0.005320419553084758 0.002791081829013011 0.0005869345986879146
 0.10710035700119 0.08869908015768727 0.07446221731936017 0.07562315166877905 0.06470060823418228 0.03301393921878126 0.02113698474151674 0.005488737037923857 0.002855240276134311 0.0005922328366368305
 0.1187565490743975 0.0997229916897507 0.08581644815256258 0.0450112528132033 0.06419096813018731 0.03263320280052213 0.02039794400506635 0.005420513879465471 0.002818389319263116 0.0005827738011064377
 0.1163563829787234 0.1016624805645258 0.09497206703910614 0.0783664107546749 0.06704333486523749 0.03282314325713815 0.02075493378529775 0.005383658947036882 0.002808401131384456 0.0005839092426895057
 0.1252609603340292 0.1185288478298762 0.1113398917105163 0.08586420734615996 0.07025128343690894 0.0340560923874617 0.02134274678935669 0 0 0
 0.1167192429022082 0.1000811468758453 0.08640822045773003 0.05545752457776658 0.0642651367788639 0.03264738467340829 0.0209006936505376 0.005485988637744339 0.002854805365501306 0.0005906338551722183
 0.1063829787234043 0.08826413860738805 0.07415545179895633 0.07596759675967597 0.06372258446947243 0.03200108172670625 0.02077469978453268 0.005440556407174182 0.002833018447161335 0.0005916130636870473
 0.05952380952380953 0.03188097768331562 0.02043596730245232 0.07894996545939011 0.06686863724446628 0.03178821104391989 0.01952990898757257 0.005214325477825199 0.002702809286506441 0.0005780257569860945
 0.08763388510223953 0.09980887661923976 0.1011816838995569 0.07636085960510526 0.06836204539239814 0.03379312832970548 0.02101688830383988 0.005477605022542451 0.002856823460731098 0.0005922790581217901
 0.1189689358889623 0.1013513513513514 0.08679085520745132 0.07591041203624552 0.06441184985042941 0.03276873185007741 0.02083792644852037 0.005437678366798777 0.002841385833498604 0.0005900453800337752
 0.1265822784810127 0.1088110403397028 0.09423121121581245 0.08384860408469176 0.06978466446393984 0.03377280534794114 0.02138147273862226 0.005508888165872992 0 0
 0.1197183098591549 0.1081705524049569 0.1018793273986152 0.08587882665948203 0.07299479017576001 0.03460078874916288 0.02126816179048955 0.005468223545397302 0.002842742555087741 0
 0.1362297496318115 0.1255755546253663 0.1168557646579251 0.08927067542529897 0.07275471698113208 0.03473287595576775 0.0214158239143367 0 0 0
 0.1264741069902581 0.1152221226475483 0.106359158083296 0.08354705836636356 0.06913011274792198 0.03392481341352623 0.02142707194718517 0.00549359791688706 0.0028612825266853 0.0005909102536214569
 0.1158183480646144 0.09973753280839895 0.08878265323544476 0.08100679878489803 0.06809959565865077 0.03373529447845235 0.02121656365337439 0.005475154636124182 0 0
 0.130071229482812 0.1107754279959718 0.09655475093263112 0.08628461043142305 0.07262164124909223 0.03493671498168542 0.02181280514138065 0.005537047118784525 0.002871068779439294 0.0005913262753846151
 0.1139028475711893 0.09975983742841309 0.0949006706314058 0.07562841530054645 0.0677296810956713 0.03369428823720779 0.02118705557974169 0.005424228343351802 0.002814747354809952 0
 0.1229966455460306 0.1026721074108201 0.1071244192049561 0.08445806077668294 0.0691139075438482 0.03261798442521335 0.02046469474715139 0.005334510604639185 0.002829419145799306 0.0005912224621825244
 0.1192924722336487 0.1074472026676547 0.09694133377904063 0.05680742283658398 0.06924252131486866 0.03467298962193335 0.02163970998326827 0.005471677115406017 0.002836775768742193 0.0005851305436160274
 0.126694166175604 0.1094983447924624 0.09534368070953436 0.08314039149652705 0.06975557193897805 0.03410649335161887 0.0212794452463505 0.005488433770443495 0.002855139058685563 0.0005906337381090366
 0.1194436044753553 0.1076905068477116 0.1003239627965305 0.08221168553074336 0.0684996973269188 0.03294913713658112 0.02120913802588528 0.005433075231460093 0.002821765215697076 0.0005829175419517229
 0.1120717259045789 0.09575923392612859 0.08270004470272688 0.08217191653911222 0.06770458559560411 0.03289707239722623 0.02058451126594744 0.005262923813618372 0.002729735081132725 0.0005897101515238467
 0.1108116202455825 0.09555785123966942 0.08305274971941638 0.07689368612092845 0.06562640829202343 0.03417836391707622 0.02141881162524465 0 0 0
 0.1155676410605031 0.1065613026819923 0.1013365947409802 0.07362741986670898 0.06774222301452892 0.03358820629807528 0.0212657860357091 0.005440989405855099 0.002819582336134632 0.0005922572369278528
 0.1254275940706956 0.1114871590682859 0.09983954359065787 0.08332752248797155 0.07008941447937699 0.03384785270182682 0.02104527336545898 0.005279368117466873 0.002821627246780475 0.0005844841065892956
 0.1226810293237582 0.1053135471517472 0.09237875288683603 0.07537255577569127 0.06342812481212048 0.03265795034635508 0.02078538550057537 0.005421109986052127 0.002823142109317805 0.0005845491956603067
 0.1048810004033885 0.1041105726081493 0.09418642416368951 0.08300409583529668 0.0694407206820741 0.03368611886912636 0.02080464813666006 0.005152157255080496 0.002822649857913909 0.0005876324151494407
 0.0975609756097561 0.1051421061278134 0.09561060408518036 0.08282837089672609 0.06744285105778788 0.03252822852015255 0.02135756724408546 0.005507279588691226 0.002860255407370437 0.0005908537817318717
 0.1248651148450748 0.1152860802732707 0.1063829787234043 0.08609627881948756 0.07212172740332463 0.03457990254754736 0.02146293141617825 0.005347543589024447 0.002857523677652151 0.0005907372400756144
 0.07363770250368187 0.04409171075837742 0.1046642315257095 0.08425603246724601 0.07105084745762712 0.03390444015444016 0.02106036304768186 0.005431950548995273 0.002826095495203781 0.0005846765202828249
 0.1256544502617801 0.1162790697674419 0.1066020593579649 0.08224142737663787 0.0704468724247016 0.03415780421037332 0.02119120003594267 0.005506993328986676 0 0
 0.1251303441084463 0.1157042179446723 0.1089864262360052 0.07836331124434627 0.06931024709489578 0.03427757594776291 0.02128967450786369 0 0 0
 0.1199630882805291 0.1030383091149273 0.1047079810750019 0.0792905581637976 0.06903797088398619 0.03423480907038382 0.02112980059224029 0.00523604425301917 0.002699551526117435 0.0005882237603184251
 0.1313131313131313 0.1097025841053145 0.1068642745709828 0.08624700282718391 0.07264944382479727 0.03306982872200263 0.02096254210579578 0 0 0
 0.1224373576309795 0.1117182756527019 0.104254719639335 0.07725623317335831 0.0695488167860195 0.03306345145046909 0.02078757740250773 0.005280783340987989 0.002734829400571618 0
 0.1225114854517611 0.1108126259234385 0.1033529623843288 0.07736943907156672 0.06884414307158755 0.03348853422304111 0.02166444186708099 0 0 0
 0.1233214579336805 0.1066024759284732 0.1005455128890791 0.08317338451695458 0.07107490816163552 0.03406639161209735 0.02139652933537953 0.005407209488347464 0.002857745641458409 0.0005907593735968226
 0.1016702977487291 0.0777676120768527 0.06384408602150538 0.07657156971717921 0.06562475291885196 0.03285985620899801 0.02069827945552026 0.005356235689095367 0.002787198807730215 0
 0.1178361006963042 0.1030444964871194 0.09070294784580499 0.07054447508497402 0.06721152812130336 0.03260530795233871 0.02030365913739307 0.005379117641119224 0.002802580669845475 0.0005842310687348843
 0.05988023952095808 0.03329633740288569 0.02044989775051125 0.08394454572433968 0.07329619659372584 0.0352214548976691 0.02153150520601036 0.005494720411861891 0.002842978902205381 0
 0.08225616921269095 0.09806520010601642 0.08497932935231971 0.07777723426111628 0.0692615611503213 0.03399024926182792 0.02153391047113586 0.005505005477202419 0.002859934240706654 0.000590960173448794
 0.1077050538525269 0.09866911427260211 0.104602510460251 0.07970244420828905 0.0624493106244931 0.03159537933187637 0.02071641918113387 0.005406250287321976 0.002818852870213325 0.0005843631165055641
 0.07621951219512196 0.04508566275924256 0.03043213633597078 0.008652015919709292 0.05339195979899497 0.03329466357308584 0.02098827727927572 0.005412371134020618 0.002816194459185296 0.0005826783981893367
 0.05988023952095808 0.03329633740288569 0.02141327623126339 0.07548490301939612 0.06848057093380211 0.0339386511743009 0.02133950940977685 0.005506547081898377 0.002864665169503867 0.0005926127941336487
 0.05988023952095808 0.1246047982146178 0.1202512713131917 0.09458229451106098 0.07885406325343923 0.03643153743699564 0.02194374564063982 0.005525725321217669 0.002860593732121289 0.0005892920281288729
