# Created by Octave 3.0.1, Tue Sep 08 17:34:59 2009 PDT <jwawerla@daneel>
# name: prtA
# type: matrix
# rows: 100
# columns: 10
 208.9 249.8 587.8 868.1 1301.4 1425.8 1488.5 2495.9 2563.9 3143.2
 287.4 696.2 755.8 992.1 1341 1483.2 1549.5 1707.6 1776.4 1936.9
 307.2 672.1 737 1399.8 1452.1 2091.8 2157.8 2315.6 2384.5 2545
 413.8 515.4 586.3 1213.8 1269.6 2068.6 2135 2685.6 2754.5 2915
 466.1 835.9 870.8 1642.6 1699.1 1980.8 2048.1 2207.2 2048.1 2207.2
 406 513.3 1003.2 1117.9 1178.2 1385.7 2054.1 2213.2 2282.2 3462.5
 79.09999999999999 154.9 461.2 586.2 635.9 1117.6 1959.1 2170 2232 2392.5
 62.6 132.4 148.1 837.3 1118 1783.7 1844 2036.9 2101.5 2134.2
 116.6 197.3 312.5 849.9 948.9 1083.4 1144 2131.5 2196 2356.5
 72.2 126.6 140.7 544 749 1495.2 1556.7 2612.6 2709.1 2869.6
 79.09999999999999 178.2 472.2 840.4 888.1 1439 2047.9 2446.4 2542.9 2703.4
 49.5 115.3 127.5 594.1 1207.2 1338.5 1766.5 2504.7 2625 2785.5
 132.5 313.9 609 740.7 785.5 1390.4 1611.3 1783.9 2557.6 2550.9
 202.3 408.5 426 919 963.5 1298.9 1361.5 1761.8 1880 2040.5
 106.5 131.7 283.4 797.7 841 1704.8 1767.3 2415.8 2481.9 2681.7
 148.6 298.6 364.9 868.2 1149.7 1281.3 2324.1 2387.6 2454.5 2961.7
 66 204.9 250.3 907.7 951.5 1786.5 2048 2209.8 2296.8 3105.3
 79.2 157 487.2 762.8 806.7 1772.3 1832.2 1993.2 2078.2 2238.3
 177.5 225.1 245 595.6 638.1 1366.3 2053.8 2866.2 2947.7 3062.4
 80.09999999999999 132.8 241.3 696.9 739.6 1622.5 1681 1839.1 1919.6 2103.3
 172 293.5 334.5 772.8 814.1 1126.4 1185.6 2002.4 2080.3 2716
 55.7 154 169.9 919.4 1051.1 1546.6 1739.5 1895 1972 2147.7
 68.40000000000001 82.8 114.9 381.8 1295.2 1719.8 1778.8 2172.1 2238.7 2852.5
 172.3 197.1 213.7 513.6 854.2 1147.3 1649.9 2019.3 2859.4 3017.9
 54.5 135.7 192 644.6 684.7 1530.8 1589.4 2394.6 2470.1 2389.9
 164.6 251.5 388.6 598.7 805.2 1595.4 1654 2334.7 2409.5 2595.4
 88.09999999999999 104.7 117.1 281.8 917.5 1485.5 1544.3 1698.6 1773.5 3340.6
 122.9 217.6 234.6 557.5 596.1 1509.3 1568.1 1959.1 2033.5 2081.4
 133.5 154.6 436.9 812.9 851.7 1555.7 1763.5 1917 1991.5 2094.5
 171.4 193.2 273.5 783.8 1139.2 1257 1316.2 1848.4 1922.2 2710.8
 71 169.8 337.2 452 782.7 899.8 1841.2 2168.2 2195 2809.4
 40.1 85.2 151.4 1029.8 1067.6 1234 1292.3 1444.5 2457.3 2640
 121.2 138.6 206.1 655.9 935.3 1210 1268.2 2032.2 2104.3 2285.1
 77.59999999999999 140.3 193.8 562.5 1018.3 1459.6 1517.9 1670 2078.7 3829.5
 184 221.7 258.1 746.6 784.3 1028.1 1702.2 1854.4 1926.5 2755.3
 156.5 292.4 328.6 601.1 778.1 1247.7 1606.7 2027.5 2099.5 2967.3
 77.5 185.1 220.3 664.7 701.9 1013.4 1462.1 2109.2 2180.8 2360.8
 139.1 285.7 301.5 378.4 414.7 1707.1 1765.1 1919 2519.1 2693.4
 67.59999999999999 112.9 180.9 678.4 752 864.6 922.5 2831.1 2902.2 1672.6
 101.1 116.6 127.6 630.2 836 1136.3 1194.2 1908.3 1979.3 2116.4
 52.8 62.5 69.40000000000001 727.9 763.9 877.6 1559.5 1709.6 1780.3 3300.7
 82.40000000000001 155.3 167.9 749.6 871.5 1402.6 1573.5 1722.7 1796 1983.9
 179.1 214.7 228.9 275.3 718 1419.3 1887.7 2275 2615.1 2773.8
 75.5 133.7 416.3 563.4 993.9 1368.4 1577.8 1726.6 1799 1972
 101.2 162.3 260.7 307.6 892.9 1472.5 1531.2 1994.1 2066.2 2706.2
 65.7 75.40000000000001 155.9 639.9 714.3 1094.7 1576.7 1724.8 2330.7 3010.4
 151.4 166.7 197.3 341.6 928.2 1304 1362.1 1705.5 1776.7 2349.6
 64 72.59999999999999 178.1 339.3 371.1 1404.6 1462.7 1610.5 1681.6 2955.6
 162 194.4 258.6 493.6 526.2 1028.9 1087 2039.5 2110.5 2280.4
 66 74.7 101.4 132.2 773.4 944.2 1447.2 1594.6 1665.2 2835.6
 80.59999999999999 123.8 134.1 338.1 820 1162.6 1543.3 1690.9 1761.6 2520.8
 181.5 196.4 207.9 425.1 547.2 1235.7 1390 2074.2 2144.7 2144.9
 64.8 133.3 427.9 496.2 527.4 846.4 904.5 2012 2082.5 2246.3
 75.8 160.7 171.4 435.2 466.2 1469.3 1527.4 1686.9 1754.4 2581.1
 61.8 133 142.8 462.5 493.7 1287.7 1670.3 1819.1 1889.6 2054.4
 111.1 139.9 150.2 237.3 822.2 1202.4 1260.2 2055.9 2395.1 2553.9
 101.5 143.3 153.8 411.6 748.7 905.7 963.6 1836 1907.3 2074.3
 172 186.2 252.8 590.1 622 1466.2 1524.2 2017.4 2089.1 2260.3
 76 220.6 233.2 277.3 461.1 844 2132.9 2281.6 2351.1 2958.4
 54.3 61 67 437.9 689.8 1240.6 1298.6 1811.5 1881 2047.8
 77.8 86.90000000000001 166.1 303 698.5 1087.8 1145.8 1995.9 2169.8 2734.1
 40.1 63 69.2 470.1 850.7 1199.3 1597.9 2312.6 2384.6 2543.5
 76.7 217 294.1 382.6 641.8 1428 1851.9 2001 2071.5 2238.6
 103.8 201.9 213.9 258 289 787.5 1741.3 1890.8 1958 2117.1
 120.8 134.1 144.3 276.5 308.2 1165 1222.9 1372.5 2060.5 2227.7
 95.59999999999999 107.2 241.7 527.2 820.5 1085.6 1143.5 1293 1364.9 2750.7
 156.1 202.3 214.3 258.7 819.2 1145.4 1203.3 1996.2 2068 2234.8
 51.6 58.9 64.5 326.3 597 705.5 1592.1 2092.4 1784.2 2068.9
 83.59999999999999 112.2 121.3 578.9 741.7 1145.8 1203.7 2144.7 2215.6 2382.2
 54.4 186.3 198 314.5 712.8 822 879.9 1028.6 1099.4 1900.2
 66.2 75.59999999999999 122 828.5 923.6 1298.6 1356.7 2078.6 2438.8 2604.2
 103.1 133.6 143.7 291.4 649 1652.3 1710.6 2160.4 2225.2 2384.2
 80 91.09999999999999 152.3 708.4 742.5 1027.9 1264.5 1412.3 1483.8 2989.1
 128.5 193.7 293.9 530.8 564.8 1375.2 1624 2116.1 2187.7 2353.9
 66.3 76.2 83.2 844.6 981.5 1352 1521.8 1808.3 2192.4 2804.7
 136.7 186.5 198.3 668.7 703 1021.8 1610.8 1755.4 1822.9 1982.1
 66.90000000000001 77 140.2 616.6 694.3 1606.8 1782 2142 2213.7 2558.9
 40.1 42.9 47.1 319 816.4 1609.8 1668.5 2134.4 2206.2 2369.8
 165.9 202 214.3 288.2 707.5 1561.1 1619.9 1769.3 1840 2002.8
 114.8 130.2 140.5 644.5 811.9 1246.8 1305.6 1993.9 2394.3 1875.6
 78.40000000000001 90.59999999999999 230.8 695 763.2 1020.6 1503.4 1652.9 2203.5 2726.9
 136.6 154 165.2 567.8 910 1200.3 1569.9 1719.6 1778 1937.2
 93.09999999999999 166.8 338.7 432.9 912.5 1164.4 1223.2 1920.9 1992.3 2137.5
 171.4 190.2 395 491.9 526.6 1183.7 1242.5 2304.9 2376.3 2000.6
 68.2 78.90000000000001 86.2 205.4 895.9 1310.9 1369.8 1929.3 2000.7 2162.6
 117.8 133.6 143.7 269.9 1106.8 1221.1 1279.8 1430.4 1501.8 1663.7
 73.40000000000001 160.7 171.9 246.4 591.7 1383.9 1442.6 1591.9 1979.7 2665.5
 78.3 167.6 179.3 631.9 830.6 1373.5 2092.9 2438.1 2509.5 2648.6
 76.40000000000001 136.8 147.7 431.6 930.2 1045.1 1627 1776.5 1847.9 2010
 67.90000000000001 78.7 213.9 535.9 879.2 1436.9 1496 1935.2 2002.3 2167.4
 40.1 68.90000000000001 75.5 614.3 836.7 951.7 1463 1614.1 1681.7 2075.5
 74.90000000000001 104.1 113 326.2 627.7 1097.3 1156.5 1304 1693.1 2859
 51.2 59.7 65.40000000000001 730.3 765.5 1631.4 1690.6 1838.2 1889.9 2049
 53.6 62.8 123.1 601.9 903.5 1208.4 1486 1633.7 1704.2 3175.2
 74.5 104.2 112.6 627.2 877.4 1318.1 1377.4 2063.1 2133.3 2294
 79.2 92.2 185.7 232.8 636.4 1204.3 1263.6 1744.7 1815 3422.4
 169.3 253.8 358.7 444.5 817.1 933.3 992.7 1652.2 1722.5 1882.6
 85.8 296.7 310.3 363.8 507.7 1425.4 1598.3 1929.4 1999.8 2638.2
 220.2 242.6 255.8 727.8 801.3 1412 1589 1737.5 1807.7 2771.9
 87.59999999999999 147.9 159 577.9 912.1 1739.4 1799 1947.5 2017.8 2668.5
# name: prtB
# type: matrix
# rows: 100
# columns: 10
 497.3 508.8 520.4 940.7 1185.6 1418.1 1692.2 1934.1 3109 3267.4
 276.1 485.1 873.7 1539.9 1581.5 2340.4 2816 2726.9 2794.8 2954.5
 405.7 662.2 786.9 1114.4 1771 2259 2323 2344.2 2411.1 2569.9
 398.6 911.6 1001.3 1795.1 2060.6 2438.3 2706.2 3521.7 3590.6 3751
 389.8 683.1 1175.5 1684 2087.2 2380.8 2447.6 2930.5 3797 3226.2
 379.4 1030.3 1064 1178.5 1577 1163.5 1561 3275.9 3342 3500.1
 374.3 737 1070.2 1246.4 1357.4 2878.7 2941.9 3168.1 3237.1 4082.5
 481.6 762.7 1009.5 1195.6 1250.3 1891.2 2349.7 2585.1 2654.2 2551.7
 273.2 557.1 746.4 1407.2 1493.7 2340.1 2400.6 2587.3 2652.6 3695.1
 136 318.5 958.3 1344.2 1440.3 2082.6 2143.8 3234.4 3299.7 3884.2
 477.7 543.7 1021.8 1388.1 1494.8 1939 2000.4 3213 3220.5 3379.8
 286.3 466.7 486.2 1380.8 1606.7 2438.7 2500.1 2673.6 2586.3 2744.9
 234.2 535.4 575.2 1150.8 1957.1 2335.1 2397.1 3443.6 3536.3 4183.6
 40.1 630.9 650.3 1229.4 1780.4 1913.2 2730.8 2901.4 3020 3149.2
 256.3 340.3 423.5 1397.3 1688.2 2086.4 2145.7 3038.6 3119.9 3296.4
 85 678.8 995.4 1284.6 1327 2226.9 2285.5 2443.2 2523 2533.9
 325.4 480.6 523.1 1466 1507.7 2295.6 2354.7 2977.6 3056 3150.4
 312.5 544.3 990.8 1155.2 1580.8 2436.9 2649.9 2806.6 2885.1 2897
 265 699.6 719.8 1645 1686 1916.5 1975.9 2131.6 2565.7 3203.7
 241.7 874 1018.6 1441.6 1636.1 2048 2106.6 2715.8 2790.4 2826.9
 343.4 722.9 1113.5 1268.6 1347.2 1925.5 1984.4 3038.3 3112.8 3295.8
 160.3 264 1026.1 1113.9 1394 2747.8 2806.8 3323 3706.4 3886.7
 391.8 417.7 691.9 1211.8 1250.2 2214.5 2273.6 2628.5 2702.1 2877.9
 224.6 346.8 466.3 1904.5 1942.5 2059.4 2382.5 2935.8 3009 3051.2
 361.1 385.6 402.7 1355.2 1830.8 1948.2 2007.4 2693.4 2727.8 3543.9
 359.6 507.5 523.6 1661.1 1783.8 1899.4 2660.2 2812.4 2884.5 3064.8
 251.8 628.9 703.3 928 1013.2 2190.6 2395.4 2547.5 2619.2 3643.4
 369.3 394.2 432.3 1174.8 1212.2 2043.6 2101.6 2655.1 2726.7 3832.7
 208.3 704.4 720.9 1035.8 1637.2 2052.5 2110.5 2864.8 2936.2 3109.9
 295.3 642.6 659.2 1009.7 1045.7 1566.4 1624.3 1777.3 1848.5 3862.4
 215 540.3 614.4 1162.7 1268.1 1472.6 2858.9 3278.5 3878.1 4052.1
 189.6 273.8 310.4 1486.7 1639.8 2010.6 2068.1 2220 2290.8 3089.5
 57 257.8 606.7 1278.7 1580.1 1783.3 1840.9 3377 3447.9 3092.9
 235.7 290.7 305.8 967.6 1003.5 1116.3 1174 2860.4 2931.1 2999.2
 40.1 713.9 730.2 811.1 1041.2 1461.3 1955.7 2735.8 3208.8 3382.7
 374.3 506.1 723.2 854.7 1699.3 1812.1 2130.8 2697.8 2771.4 4268.7
 548.8 714.6 884.8 1512 1546.7 1933 2372.7 3798 2420.6 3375.1
 40.8 694.5 710.4 1153.9 1188.3 1766.7 1825.5 2578.2 2650.7 2822.1
 41.3 719.2 734.9 904.3 1561.8 1889.9 2294.6 2724.3 2796.6 3484.2
 136.3 327.6 603.7 931.5 1035.8 1933.9 1992.7 3803.5 3875.7 4048.1
 205.7 385.2 609.5 1333.4 1367.2 1791.4 1850.1 1998.3 2723 2894.4
 211.6 424.5 495.5 1341.1 1436.1 1863.3 2045.9 3082.7 3154.2 3324.6
 76.3 538.9 610.6 1126.7 1460.4 2459.6 2844 2992 3063.4 2914.8
 367.7 404 436.7 885.8 1309.6 1825 1883 2030.4 2101.3 3436
 103 208.3 425.6 500.3 1709.2 1864.2 1922.2 2069.7 2896.8 3590.7
 106.5 118.6 954.8 1080.6 1112.3 1691.5 1749.3 2331.2 2402.1 3292.9
 223.3 240.1 373.6 917.6 1487.9 2028.3 2086.1 2716.4 2787.1 2954.1
 279.7 768.2 864.1 1046.6 1343.6 1716.7 1774.3 1921.6 1992.2 3483.5
 229.5 402.6 842.3 1064.1 1254.2 1586.4 1644.1 2591.1 2661.7 2761.5
 332.1 397.9 411.1 1489.6 1520.5 2160 2428 2575.4 2645.9 2813.1
 42.5 383 396.2 1139.7 1207.7 1971.8 2267.7 2228.4 2896.9 3075.1
 127.4 582.2 632.2 1027.2 1205.8 1528.9 2181.5 3002.1 3872 4469.3
 449.9 605.7 828.7 956 987.8 1171.3 2362.8 3785 3875.3 4465.6
 85.5 572.8 586.7 761.1 1078.3 1994.3 2353.6 2901.7 2973 3140.1
 216.5 231.8 390.3 737.4 800.7 1720.6 1778.5 3462.8 3534 3701.1
 366.7 384 417 1180.4 1212.5 1318.7 1376.7 2412.6 2479.5 3123.3
 143 555.5 1001.3 1265.2 1554.9 2029.3 2087.5 2236.8 2641.4 2808.4
 55.4 127 737.7 1335.2 1543.5 1772.5 2168 2317.5 3191.1 3291
 235.6 335.6 387.2 825.4 1610.3 1934.4 2609.8 2759.3 3144.3 3311.4
 249.1 267.4 595 1388.8 1837.8 1946.2 2271.3 2419.3 2796.4 2963
 89.2 334.9 677.8 1287.5 1686.8 2047.8 2105.7 2254.2 2254.8 2790.7
 512.7 533 600.6 1157.6 1223.1 1857.6 1915.6 2064.4 2135.2 3225.3
 93.2 362.2 859.3 1145.3 1179 1756 1814.1 2938.8 3009.7 3175.1
 237.1 255.9 544.7 1198.8 1641.3 2420.7 2478.8 2626.8 2697.6 2204.3
 159.5 599.6 613.3 1315.8 1419.4 1674 1920.7 3004.9 2779.4 3467.6
 285.3 423.6 511.5 1151.3 1246.8 1883.3 1941.6 3039.6 3111.2 3277.6
 219.3 608.3 689.4 1255.2 1289.1 1832.2 1890.5 3141.3 3212.9 3379.1
 223.8 315.2 720.8 994.6 1377.4 1695.9 1754.4 2862.8 2934.3 3100.5
 103.3 427 1010.4 1483.2 1517.5 2102.3 2160.8 2521.8 2593.5 2759.7
 379.2 415.6 429.4 1252.7 1348.1 1682 2385.5 2902.4 2973.3 3144.6
 40.1 49.8 54.6 1048.5 1157.1 1993.3 2211.7 2360.9 2432.7 3226.2
 242.8 327.6 341.3 917.8 1324 1993.1 2051.9 2201.2 3831.1 3994.8
 415.2 585.1 599.4 1409.9 1444.5 1976.1 2034.9 2184.3 2908.5 3072.1
 164.3 250.1 281.9 1245.2 1566.7 2103.8 2337.5 3136.5 3940.2 4103.7
 256.9 335.2 349.1 1393.1 1427.9 1732.9 2036.8 2186.3 3297.5 3468.2
 443.1 466.4 870.8 1030.3 1341.9 1588.6 1935 2982.8 3054.1 3216.2
 264.9 286.9 354.7 1531.9 1567 1755.2 2661.5 2691 2761 2930.7
 40.1 717.1 731.6 1018.1 1628.1 1740.4 1799.2 2275.2 2342.3 3318.4
 118.3 596 1038.9 1250.7 1587.4 1851.2 1910 2060.7 2132 2204.3
 366.2 388.8 402.6 1318.1 1352.9 1466.1 2604.8 2900 2971.3 3133.3
 281.6 609.7 623.9 1228.9 1323.9 1489.3 1688.6 2611.9 2683.3 3317.3
 124.3 140.5 653.2 1153.7 1313.7 1427.6 2448.3 3051.6 3123 3285
 357.3 620.6 759.2 1272.8 1472.8 1744.6 1803.2 1953.7 2025.1 3880.7
 233.4 366.7 380.3 1111.7 1570.3 1814.3 2288.3 2438.9 2510.3 3438.5
 552.3 834.9 869.3 1277.4 1312.3 1849.6 2390.2 2944.7 3016 3084
 220.6 383.1 397.2 900.1 1722.2 2319.6 2560.6 2710 2781.4 2942.7
 116.9 420 434.3 1344.2 1460.4 1924.8 2192 2341.5 2412.9 2574.2
 399.9 644.5 659.1 986.1 1138.1 1873.9 1932.7 3320.6 3392 2971.8
 200.8 457.8 876.5 929.9 1005.4 1863.6 2641.2 2789.4 2860.8 3208.8
 149.8 273.5 712 1146.9 1182.3 2178 2236.8 2813 2884.3 2954
 279.1 300.8 368.1 1086 1789.8 2181.7 2240.6 2709.5 3110.7 3273.5
 285.8 497.6 927.2 980.8 1685.6 1800.5 1859.6 2945.2 3319.2 3386.4
 325.9 395 684.1 1140.4 1253.3 2085.9 2145.1 2789 2859.5 3500.5
 255.1 337.9 549 1059.7 1847.7 1963.1 2022.4 2654.8 3441 3602.4
 214 644.4 999 1191.3 1779.4 2052.4 2111.7 2259.6 2330 3214.4
 259.9 282.4 668.7 1112.4 1646.5 1825.6 2704.5 2852.4 2922.8 3083.5
 303.8 327.1 1025.9 1244 1366.1 1797.6 1856.8 2004.8 3168.3 3329
 155.4 175 602.2 1128.7 1207.1 1986.5 2045.9 2752.5 2822.8 2983.6
 187.1 669.3 683.2 1367.3 1616.6 2350.9 2410.2 2558.3 2628.6 2789.3
 520.2 602.8 687.2 1259.3 1587.4 1987.3 2046.7 2195.2 2924.3 3084.4
# name: collectedA
# type: matrix
# rows: 100
# columns: 10
 10 10 24 30 38 38 38 48 48 49
 15 34 35 39 45 45 45 45 45 45
 16 29 30 45 45 49 49 49 49 49
 23 25 26 38 38 48 48 49 49 49
 24 37 37 48 48 49 49 49 49 49
 19 20 34 34 34 41 48 48 48 48
 5 8 22 23 23 30 47 47 47 47
 4 7 7 33 39 49 49 49 49 49
 9 12 17 36 37 37 37 47 47 47
 5 7 7 21 25 43 43 47 47 47
 6 11 26 38 38 43 47 48 48 48
 3 6 6 23 40 40 44 48 48 48
 10 19 35 37 37 44 45 45 48 48
 15 26 26 42 42 45 45 46 46 46
 8 8 15 34 34 47 47 48 48 48
 10 17 19 33 39 39 48 48 48 49
 4 11 12 34 34 41 42 42 42 44
 5 8 24 30 30 49 49 49 49 49
 13 14 14 26 26 34 41 46 46 49
 5 7 11 27 27 48 48 48 48 48
 12 18 19 35 35 39 39 46 46 47
 3 8 8 35 37 44 45 45 45 45
 4 4 5 14 41 47 47 48 48 49
 12 12 12 21 32 35 41 42 49 49
 3 7 9 30 30 45 45 49 49 47
 12 16 22 28 32 45 45 49 49 49
 5 5 5 9 27 39 39 39 39 48
 9 13 13 23 23 45 45 47 47 44
 9 9 25 35 35 46 47 47 47 47
 11 11 14 33 42 42 42 45 45 48
 4 9 17 19 27 27 47 48 48 49
 2 4 7 44 44 45 45 45 49 49
 8 8 11 29 37 40 40 46 46 46
 5 8 10 25 38 43 43 43 44 49
 14 15 16 36 36 39 46 46 46 48
 11 18 19 26 31 40 43 45 45 49
 5 11 12 31 31 34 42 45 45 45
 9 17 17 18 18 44 44 44 48 48
 4 6 9 30 31 31 31 49 49 43
 7 7 7 29 35 38 38 46 46 46
 3 3 3 34 34 34 43 43 43 49
 5 9 9 33 36 46 47 47 47 48
 13 14 14 14 29 42 46 47 48 48
 5 8 25 29 41 45 47 47 47 47
 7 10 15 15 34 44 44 46 46 48
 4 4 8 32 33 39 43 43 45 47
 11 11 12 17 38 42 42 43 43 44
 4 4 10 15 15 46 46 46 46 49
 12 13 16 25 25 34 34 44 44 44
 4 4 5 5 35 36 42 42 42 49
 5 7 7 15 34 40 46 46 46 48
 14 14 14 22 25 39 40 44 44 47
 4 8 26 27 27 31 31 49 49 49
 5 10 10 21 21 47 47 47 47 49
 4 8 8 22 22 44 48 48 48 48
 8 9 9 11 33 40 40 48 49 49
 7 9 9 20 32 33 33 41 41 41
 13 13 16 30 30 48 48 49 49 49
 5 14 14 14 19 27 45 45 45 47
 3 3 3 20 27 40 40 44 44 44
 5 5 9 13 26 34 34 43 48 49
 2 3 3 21 32 38 43 47 47 47
 5 14 18 20 29 45 49 49 49 49
 7 13 13 13 13 23 48 48 48 48
 9 9 9 14 14 41 41 41 48 48
 6 6 14 25 33 36 36 36 36 47
 11 13 13 13 34 39 39 46 46 46
 3 3 3 14 25 25 42 45 47 48
 7 8 8 29 33 41 41 47 47 47
 3 11 11 14 31 31 31 31 31 46
 4 4 6 35 37 43 43 48 49 49
 8 9 9 13 25 45 45 47 47 47
 5 5 8 36 36 40 42 42 42 48
 9 12 17 25 25 43 45 47 47 47
 5 5 5 37 40 45 46 47 48 49
 10 12 12 31 31 36 46 46 46 46
 4 4 7 30 31 46 47 48 48 47
 2 2 2 13 31 46 46 48 48 48
 13 14 14 15 29 48 48 48 48 48
 8 8 8 33 37 43 43 48 49 39
 5 5 13 35 36 38 45 45 48 49
 10 10 10 26 39 42 46 46 46 46
 6 10 19 21 38 40 40 46 46 46
 12 12 24 26 26 42 42 48 48 46
 4 4 4 8 36 43 43 48 48 48
 9 9 9 13 43 43 43 43 43 43
 5 10 10 11 25 39 39 39 40 49
 5 10 10 27 32 39 47 48 48 48
 5 8 8 20 38 38 48 48 48 48
 4 4 11 24 35 44 44 48 48 48
 2 3 3 27 33 33 39 39 39 47
 5 6 6 15 26 37 37 37 42 49
 3 3 3 32 32 47 47 47 47 47
 3 3 6 25 34 39 42 42 42 48
 5 6 6 31 38 44 44 49 49 49
 5 5 10 10 27 38 38 41 41 48
 13 17 22 23 35 35 35 39 39 39
 7 20 20 20 24 46 47 48 48 49
 16 16 16 34 35 46 47 47 47 49
 6 9 9 24 33 46 46 46 46 49
# name: collectedB
# type: matrix
# rows: 100
# columns: 10
 45 45 45 69 79 83 88 89 99 99
 21 34 57 82 82 93 98 93 93 93
 30 46 51 63 87 96 96 96 96 96
 28 61 64 87 91 94 95 99 99 99
 29 45 71 87 96 97 97 99 97 95
 28 64 64 64 70 64 70 98 98 98
 27 48 64 67 68 98 98 98 98 99
 37 52 64 66 66 76 83 83 83 83
 23 40 50 77 78 98 98 98 98 99
 10 19 59 77 78 89 89 96 96 98
 45 47 74 85 86 90 90 99 97 97
 26 36 36 80 85 96 96 96 96 96
 19 39 40 70 92 94 94 98 98 99
 2 47 47 73 85 85 95 95 95 96
 20 23 26 78 85 93 93 99 99 99
 5 47 62 71 71 91 91 91 91 91
 28 35 36 75 75 89 89 93 93 97
 25 38 63 67 79 94 95 95 95 95
 21 52 52 94 94 95 95 95 96 97
 18 60 67 81 85 94 94 99 99 99
 27 53 73 76 77 88 88 98 98 98
 11 16 60 61 68 95 95 97 98 98
 31 31 47 70 70 94 94 95 95 95
 16 22 28 93 93 93 95 98 98 98
 29 29 29 76 91 91 91 98 95 99
 31 39 39 88 90 90 98 98 98 98
 19 45 48 58 59 92 93 93 93 97
 30 30 31 66 66 85 85 87 87 99
 15 50 50 62 84 90 90 97 97 97
 24 46 46 63 63 73 73 73 73 99
 16 37 40 68 70 72 96 97 99 99
 14 18 19 87 91 96 96 96 96 99
 3 17 39 67 75 76 76 92 92 97
 19 21 21 54 54 54 54 95 95 95
 2 58 58 59 65 75 82 94 96 96
 33 40 52 55 88 88 91 94 94 99
 46 56 66 93 93 98 89 99 89 95
 2 52 52 73 73 85 85 94 94 94
 2 54 54 59 82 87 93 95 95 97
 10 24 41 59 61 82 82 99 99 99
 17 29 43 84 84 89 89 89 96 96
 17 31 34 81 83 89 90 96 96 96
 5 39 42 66 77 93 98 98 98 99
 29 30 31 55 73 86 86 86 86 99
 7 13 26 27 86 87 87 87 92 96
 7 7 66 70 70 84 84 90 90 98
 18 18 25 54 77 87 87 93 93 93
 22 58 63 69 78 85 85 85 85 97
 17 28 60 69 75 82 82 94 94 94
 26 29 29 84 84 95 97 97 97 97
 2 29 29 68 69 86 90 90 97 97
 9 43 45 67 72 77 87 93 98 99
 39 49 62 66 66 68 89 99 98 99
 5 44 44 51 64 90 94 97 97 97
 18 18 28 49 50 82 82 99 99 99
 33 33 34 74 74 74 74 95 95 99
 10 40 67 77 88 97 97 97 99 99
 3 7 48 78 84 86 91 91 99 99
 19 25 27 48 83 88 97 97 98 98
 21 21 42 81 95 95 98 98 99 99
 6 23 46 71 87 92 92 92 92 94
 42 42 45 73 74 89 89 89 89 96
 6 25 57 69 69 88 88 99 99 99
 20 20 38 71 85 97 97 97 97 95
 12 44 44 80 82 85 87 96 95 97
 23 31 35 67 69 79 79 95 95 95
 17 46 50 76 76 90 90 99 99 99
 19 24 50 59 73 78 78 97 97 97
 7 29 66 85 85 97 97 98 98 98
 32 33 33 75 77 81 96 97 97 97
 2 2 2 64 66 88 90 90 90 95
 19 23 23 53 70 86 86 86 99 99
 34 45 45 86 86 94 94 94 97 97
 13 17 18 69 80 87 89 94 98 98
 21 25 25 83 83 87 91 91 99 99
 40 40 64 69 80 84 88 97 97 97
 20 20 23 85 85 86 98 98 98 98
 2 54 54 65 85 85 85 89 89 96
 8 43 74 81 92 95 95 95 95 95
 28 28 28 74 74 74 98 99 99 99
 24 48 48 80 82 83 84 95 95 97
 9 9 44 69 73 73 90 97 97 97
 29 46 54 77 82 86 86 86 86 98
 17 24 24 68 85 88 95 95 95 97
 45 62 63 78 78 87 96 98 98 98
 18 28 28 55 84 96 98 98 98 98
 8 29 29 79 81 93 96 96 96 96
 32 48 48 60 64 83 83 98 98 99
 16 35 61 61 62 89 98 98 98 99
 11 18 50 73 73 91 91 96 96 96
 24 24 27 65 90 96 96 98 99 99
 22 35 62 62 89 89 89 98 99 99
 26 29 47 69 71 91 91 95 95 97
 21 25 37 61 92 92 92 95 99 99
 16 47 69 75 92 95 95 95 95 97
 20 20 44 65 81 82 96 96 96 96
 23 23 68 75 77 84 84 84 96 96
 14 14 42 66 67 84 84 94 94 94
 15 47 47 78 85 98 98 98 98 98
 42 46 50 77 86 92 92 92 99 99
# name: avgRateA
# type: matrix
# rows: 100
# columns: 10
 0.04568296025582458 0.0333555703802535 0.03489386449549288 0.02192822162122652 0.01651168853741201 0.005913660555884092 0.003307655481568525 0.0009143571212228002 0.0004680009243018255 9.738778145068839e-05
 0.05043712172158709 0.04556419190565532 0.04089740593596635 0.02613765833389183 0.01922255446390431 0.006941016781836131 0.003896272565911944 0.000870278256968028 0.0004421457233700544 8.965270335773282e-05
 0.05044136191677175 0.04016064257028112 0.03584229390681003 0.02368670386356459 0.01835161698136292 0.006909388307622888 0.004030334435506424 0.0009366231105062353 0.0004785880675297531 9.750370613576894e-05
 0.05427088249174138 0.04421648390519986 0.0378843071543057 0.0221729490022173 0.01674303842086711 0.006790595025889143 0.003955500618046972 0.0009300454014000031 0.0004768647601808194 9.74319716055397e-05
 0.05040957781978576 0.04176543627948979 0.03811289658014009 0.02240268832259871 0.017783705679671 0.007019252807701123 0.004067031316141135 0.0009385678603717495 0.0004801657257704945 9.756929012566924e-05
 0.04567307692307692 0.03550505947097462 0.03081943437273386 0.02101489585264849 0.01560921862087963 0.006420596019230469 0.003982047602060709 0.0009193077612557744 0.0004692898666630166 9.533977207835737e-05
 0.05611672278338945 0.03904343582235237 0.03920171062009978 0.0211747376173817 0.01405953909163152 0.004903883876029815 0.00393006162671104 0.0009009009009009009 0.0004597386336959073 9.355235199570057e-05
 0.05509641873278237 0.03837719298245614 0.02821442966545748 0.02467658715321917 0.01841359773371105 0.007223196780518006 0.004137115839243499 0.0009416394904385157 0.0004799145947904781 9.758347469660501e-05
 0.07109004739336493 0.04852405984634048 0.04121212121212121 0.02666864212163864 0.01898506850017959 0.006082125127395865 0.003320172290021536 0.0009015662315490635 0.0004599005831930799 9.355905616827891e-05
 0.0608272506082725 0.03963759909399774 0.02908184461985875 0.02011494252873563 0.01429388221841052 0.006620273432688755 0.003720785345297533 0.0008933221319607851 0.0004576030750926646 9.346359374279138e-05
 0.06734006734006734 0.04820333041191937 0.04543865781195386 0.02834974634437481 0.02012605264551666 0.00667805559869545 0.003901094796603558 0.00091522011043656 0.000468096767304221 9.548373852255624e-05
 0.05042016806722689 0.03629764065335753 0.02637362637362637 0.02102184443835116 0.01812250815512867 0.006310641318924035 0.003739429736965113 0.0009142038712724766 0.0004677222898903776 9.546814695332303e-05
 0.07017543859649122 0.05221214619400934 0.04936530324400564 0.02982187474812606 0.02072248669840381 0.006885327991987982 0.003875535039142904 0.0008689959620654296 0.0004680296730812733 9.551271323959423e-05
 0.0706547338671691 0.05670665212649945 0.04942965779467681 0.02959830866807611 0.0213903743315508 0.007144104526187112 0.003960744619988557 0.0008886862512509225 0.0004515115822536317 9.16260739920385e-05
 0.06866952789699571 0.04402861860209136 0.03912363067292645 0.0262002003544733 0.01846822379141771 0.007009903352821859 0.003994119296695079 0.0009157544099298303 0.0004683753911666353 9.548786040947979e-05
 0.06305170239596469 0.04876649454962707 0.04086900408690041 0.02411928080689957 0.01814206633483742 0.006208905799754827 0.003894807734439026 0.0009162473562446075 0.0004685006515087185 9.74229250457838e-05
 0.05263157894736842 0.04315417810906238 0.0342563516985441 0.02415287348156567 0.01742249551626954 0.006041405731967877 0.00348605577689243 0.0008044466747622093 0.0004105700276059466 8.745684054610437e-05
 0.05605381165919282 0.03864734299516908 0.04087193460490463 0.02375673107380425 0.01660485968893563 0.007235355787546328 0.004141241696387823 0.00094243093327589 0.0004800241383566717 9.756324836238097e-05
 0.06933333333333333 0.05089058524173028 0.04057971014492753 0.02373128879152976 0.01587204688358464 0.005340621711198027 0.003401416980537258 0.0008701211738312949 0.0004468288266760695 9.740342351167568e-05
 0.05549389567147614 0.03829321663019693 0.0322297099326106 0.02255827554515832 0.01552080938146701 0.0072480181200453 0.00410923722284051 0.000925942001307893 0.0004709594621642942 9.559785805032551e-05
 0.06593406593406594 0.05240174672489083 0.04372842347525892 0.02749842866121936 0.01929331348878232 0.006365891877774876 0.003486625661564869 0.0008845745580973185 0.0004506256349168253 9.349215063773582e-05
 0.045662100456621 0.0392156862745098 0.02964060763245647 0.02465830632661688 0.01803910097021111 0.006721046039165368 0.003833212658120022 0.0008671355621928895 0.0004412976111089319 8.961506743932114e-05
 0.0510204081632653 0.03012048192771084 0.02326663564448581 0.01587661601270129 0.01786336702683862 0.006994255781422066 0.003990219716779299 0.0009200319711109962 0.0004694895377190829 9.744408151495718e-05
 0.06582556226001096 0.04856333468231485 0.03825310806503029 0.02071823204419889 0.01725811670801424 0.005693556520748946 0.003519343513678229 0.0008073926408083154 0.0004763784350287869 9.741204040651435e-05
 0.04651162790697674 0.03769520732364028 0.03082191780821918 0.02621002970470034 0.01780732474624562 0.006890426900226618 0.003882858474122906 0.000935210880510587 0.0004781882715055416 9.355283615375229e-05
 0.06872852233676977 0.05306799336650083 0.04502660663119116 0.0254846636934559 0.01772656769333038 0.006822937198653608 0.003861335163892226 0.0009362812818263982 0.0004784712355787305 9.749392851585987e-05
 0.05096839959225281 0.03232062055591468 0.02303086135421465 0.01151189562547966 0.01408083441981747 0.006013414540127978 0.003378290584964009 0.0007543724588286723 0.0003832038792023464 9.536286164875236e-05
 0.06772009029345372 0.04857997010463378 0.03885236102809324 0.02174940898345154 0.01441012467890483 0.006913185749619775 0.003890007866460352 0.0009045576232074844 0.0004606330273880637 8.763519222181901e-05
 0.0627177700348432 0.04398826979472141 0.04656360588563978 0.02665854215858024 0.01890154992709402 0.007016794545204937 0.003995409529476772 0.0009052911377776066 0.0004608227156184584 9.360787660490207e-05
 0.06063947078280044 0.04523026315789474 0.03748326639892905 0.02570493846393519 0.01963350785340314 0.006712482020137446 0.003711493257453916 0.0008679149211933251 0.0004415132326421525 9.548233298349667e-05
 0.04938271604938271 0.04094631483166515 0.03888380603842635 0.01995798319327731 0.0151455657149268 0.004576426319536256 0.003969192311590041 0.0009201007510322381 0.0004696902979597828 9.745243426236661e-05
 0.03992015968063872 0.02958579881656805 0.02784407319013524 0.02876192966400837 0.02128071193654479 0.007218479307025986 0.003985016338566989 0.0008747290769664396 0.0004782480116106905 9.748527773356677e-05
 0.06097560975609757 0.04241781548250265 0.03593596863770009 0.02508867549095942 0.01911848292254431 0.00644122383252818 0.003549812747377575 0.0008840679425432713 0.0004505197136653402 9.158145443693234e-05
 0.05707762557077626 0.04203888596952181 0.03403675970047651 0.02352941176470588 0.01882772630431551 0.006656758932441637 0.003733319441912154 0.0008322043739113605 0.0004310399720999582 9.725512301284462e-05
 0.07216494845360824 0.05520794994479205 0.04468025691147724 0.02887854965506177 0.02017597937566553 0.006469700237222342 0.003930884790894019 0.0008870992625505261 0.0004513055976610597 9.547388162790128e-05
 0.06606606606606606 0.05257009345794393 0.04433037797480167 0.02361275088547816 0.01743434002587031 0.006402356067032668 0.003704756735333902 0.0008649272019605016 0.0004407465266725106 9.742184034628097e-05
 0.05714285714285714 0.04678860059549128 0.03746487667811427 0.0266162960418992 0.01821493624772313 0.005654039312202748 0.003664250006543304 0.0008635711160409295 0.0004403958473607566 8.957705298661839e-05
 0.06036217303822938 0.0506404527852249 0.04234122042341221 0.02049180327868853 0.01272354562804835 0.006560212312325744 0.003739874714197074 0.0008474739498064292 0.0004682054368405497 9.548563796540793e-05
 0.05154639175257732 0.03683241252302025 0.03203987184051264 0.02545824847250509 0.01769406392694064 0.005285953006172629 0.002838178072785534 0.0009274840009009845 0.0004761802954650144 8.571327196263061e-05
 0.063006300630063 0.04201680672268908 0.03075571177504394 0.02565917536719165 0.01906318082788671 0.006192656812737317 0.003394615068517625 0.0008861781256562052 0.0004510719332256644 9.161222377918746e-05
 0.04777070063694268 0.02666666666666667 0.01770956316410862 0.02768955126638977 0.01927546913090311 0.005784674016605417 0.003719884078031057 0.0008315670591147485 0.0004224786132483398 9.735730548358069e-05
 0.05411255411255411 0.04383828543594739 0.0335946248600224 0.02640845070422536 0.01923590702644937 0.007184581263861556 0.004061001425670713 0.0009086919283022735 0.0004617077291838579 9.562059659682311e-05
 0.06874669487043893 0.05289006422364942 0.04256612952265126 0.01805752611892171 0.01688009313154831 0.006542769460844641 0.003869545833087981 0.000899091343854615 0.0004677674143474011 9.547036858324757e-05
 0.05847953216374269 0.04354926510615133 0.0484214603912454 0.02727101749106639 0.02056271628466824 0.007066139061616733 0.004059493167959371 0.000908623416192056 0.0004616941227320504 9.36307204385902e-05
 0.06294964028776978 0.04710315591144607 0.04158580537843083 0.01857355126300149 0.0179618574673781 0.006797991502510622 0.003815734702372693 0.0008847157658272766 0.0004506878868812594 9.548320669209968e-05
 0.05284015852047556 0.03189792663476874 0.03126221180148495 0.02807263795069743 0.01924983958467013 0.006399002411931679 0.003714357286618812 0.0008313226924028705 0.0004397507297419054 9.343743190995652e-05
 0.0681536555142503 0.05076142131979695 0.04036326942482341 0.02019961977186312 0.0197074992220724 0.00666243654822335 0.003696499766768467 0.0008316329984237653 0.0004224935569732562 8.758840456924819e-05
 0.05405405405405406 0.03262642740619903 0.03595828838547285 0.01787203622066007 0.01094012107067318 0.007182337694781875 0.004013016130580055 0.0008912915007605041 0.0004523925666000535 9.742410662094229e-05
 0.06976744186046512 0.05319148936170213 0.04461795872838818 0.02516103059581321 0.01638055300746953 0.005639503060259749 0.003066654640570037 0.0008455115825478723 0.0004309057344739277 8.760047176835886e-05
 0.05263157894736842 0.03207698476343224 0.02482621648460774 0.007908889591901296 0.01973610014661103 0.006056323811446452 0.003669019498217905 0.0008140386784663511 0.0004131207138725936 9.744735655152499e-05
 0.05518763796909493 0.04027617951668584 0.0299017513882956 0.01789762558167283 0.01868131868131868 0.006490766884107357 0.003984995625167846 0.0008899051864061178 0.0004520369176585274 9.551843426182559e-05
 0.0731070496083551 0.05681818181818182 0.04546930821695356 0.02378121284185493 0.01615822130299897 0.006254309860961881 0.003511852502194908 0.0008449481701111107 0.0004307614589890616 9.359848123519725e-05
 0.053475935828877 0.0436442989634479 0.04925175222580035 0.02710299136719534 0.01767709833704334 0.0053024083196497 0.002842863038195241 0.0009420902868568792 0.0004800039183993339 9.756169433204386e-05
 0.05827505827505828 0.0474608448030375 0.03684598378776714 0.02245508982035928 0.01432273905333515 0.007265082775570772 0.004077242049378003 0.000909321317393769 0.0004618964880142775 9.74967025222397e-05
 0.05571030640668524 0.04371584699453552 0.03294892915980231 0.02285714285714286 0.01472852647787374 0.006997789334732891 0.004113004807074368 0.0009262993760987744 0.0004710981297404249 9.560716926293245e-05
 0.06606110652353427 0.04739336492890995 0.03597122302158273 0.014919300149193 0.01810997695093843 0.006449116471043468 0.003552334772028916 0.0009220856809698804 0.000478538523816081 9.750197938967342e-05
 0.06278026905829596 0.04655975168132436 0.03546099290780141 0.02193944712593243 0.01829930805741408 0.005587821934741014 0.003009960232040571 0.0007909560922910718 0.0004023264280380306 8.166122026162264e-05
 0.07142857142857142 0.0550381033022862 0.04535147392290249 0.02752041097147051 0.01849568434032059 0.007423216108378955 0.004165148123080126 0.0009419924871293067 0.0004799728864295992 9.755897489807576e-05
 0.05813953488372093 0.05173688100517369 0.04201680672268908 0.01801106393927699 0.01300390117035111 0.004620123203285421 0.003708923670350864 0.0008607234667645979 0.0004396630812956578 9.344709224460711e-05
 0.04665629860031104 0.02702702702702703 0.01796407185628742 0.02132423499306962 0.01597822227482542 0.006409640098708458 0.003540261625334112 0.0008492323132895206 0.0004318764048252373 8.764105728578036e-05
 0.05694760820045558 0.03652300949598247 0.03382187147688839 0.0161892901618929 0.01530762437444804 0.005584940372548375 0.003050476412639739 0.0008269882817683702 0.0004698061462389082 9.746703078227637e-05
 0.03992015968063872 0.02654867256637168 0.01773049645390071 0.02164725286052984 0.0172907548495164 0.006129724323713968 0.003707567749333931 0.0008984451164728957 0.0004590534123295886 9.352424218003019e-05
 0.05767012687427912 0.05243445692883895 0.04567368688150215 0.02266032177656923 0.01766354001705445 0.007000622277535781 0.004134358204169796 0.0009422895713543971 0.0004800556472668669 9.756319008534987e-05
 0.06151142355008787 0.05160778086542279 0.04141446320484231 0.01715039577836412 0.01008533747090768 0.003974082073434125 0.004088133341282482 0.0009250194639512206 0.0004707820867415995 9.559523067427898e-05
 0.06880733944954127 0.04888647474198805 0.03683995088006549 0.0180296200901481 0.01070172756459257 0.006650446066504461 0.003653244705022766 0.000798092364591951 0.0004703092773404011 9.557417880375773e-05
 0.05681818181818182 0.03816793893129771 0.04097161252560726 0.02433800623052959 0.01812688821752266 0.005915604048902326 0.003230582850989366 0.0007018501549919092 0.0003551525232106972 9.348569778222088e-05
 0.06622516556291391 0.05152596115735236 0.04136175628380528 0.01713457229471464 0.01868953386103782 0.006346210173463079 0.003481117170833594 0.0008846800343101996 0.0004506799388642866 9.159062653563632e-05
 0.0487012987012987 0.02754820936639118 0.0182370820668693 0.01694299891080722 0.01565435190983093 0.004381736920515292 0.003623157150128105 0.0008638496210579662 0.0004617612556762248 9.560440808024555e-05
 0.07478632478632478 0.04932182490752158 0.03615002259376412 0.02687922884419316 0.01894700579893208 0.006671222623580331 0.003659505341985237 0.0009013380075060362 0.0004598123965422108 9.355427003584124e-05
 0.04658385093167702 0.04655099449851883 0.03691275167785235 0.01718845917740945 0.01809901914992994 0.005324630711095843 0.002849290894217778 0.0006075024594051179 0.0003066289216355389 9.165168692899504e-05
 0.05249343832020997 0.03184713375796178 0.02702702702702703 0.02634550244636808 0.01923476814306509 0.006826913917378464 0.00378631116433471 0.0009216837626203469 0.0004783343811134063 9.749222151346925e-05
 0.07073386383731212 0.04901960784313725 0.03693065244152647 0.0164265857973212 0.01516070345664039 0.00676457766486779 0.003842672450600311 0.0009010667096111226 0.0004597692154185074 9.355389759470939e-05
 0.05555555555555555 0.03543586109142452 0.03170828378913991 0.02979145978152929 0.02065997130559541 0.006635810149471624 0.003728527675440543 0.0008169251327017075 0.0004138591578163214 9.54295033431142e-05
 0.06498194945848375 0.04924086992203529 0.04315816197004316 0.02425300737291424 0.01597648261758691 0.006744886434935374 0.00387130075705437 0.0009018326390501209 0.0004599379377361463 9.3559540395725e-05
 0.0655307994757536 0.03961965134706814 0.02729257641921397 0.02751747731667411 0.02018672722684835 0.007084382871536524 0.003992431738096478 0.0009071905466884649 0.0004697022479166748 9.745334520540481e-05
 0.0681663258350375 0.0507399577167019 0.04022795843110962 0.02652519893899204 0.0182031708749266 0.005978278919924275 0.00396182864229855 0.0008887961449433295 0.0004517647798285062 9.163673366042335e-05
 0.05201560468140442 0.03149606299212598 0.02914238134887594 0.02686727565824826 0.01829664168093018 0.006962523460676879 0.003989135970123918 0.0009205630777492233 0.0004696043681032973 9.352137630036996e-05
 0.03992015968063872 0.02152852529601722 0.01359619306594154 0.01587301587301587 0.01706672539088306 0.006959363369542195 0.003942237648369542 0.0009206972747360667 0.0004696388281728506 9.554714475272997e-05
 0.07390562819783968 0.05555555555555555 0.044543429844098 0.01903070286729256 0.01698389458272328 0.007315846428190395 0.004130844499522371 0.0009271904391212552 0.0004713275726630008 9.561699655858494e-05
 0.06410256410256411 0.04439511653718092 0.03326403326403327 0.02883355176933159 0.0204205530106518 0.00688352436447461 0.003803424851401076 0.0009231852198046309 0.0004785422626064146 7.77084998752679e-05
 0.05656108597285067 0.03556187766714083 0.03929866989117291 0.02928870292887029 0.02041742286751361 0.006311663289373152 0.003911886920388755 0.0008711998745472181 0.0004696512350359821 9.746842669449356e-05
 0.06821282401091405 0.04901960784313725 0.03770739064856712 0.02434912905038397 0.02041884816753927 0.006773865780688031 0.003975833844717759 0.0008894113643570329 0.0004519640786810509 9.16449308797993e-05
 0.05819592628516004 0.04612546125461255 0.04330977889218145 0.02251045128095187 0.01986928104575163 0.006488871585231329 0.003564045904911255 0.0008859630707480032 0.0004510144393253216 9.160837420029374e-05
 0.0661521499448732 0.04995836802664447 0.04848484848484848 0.02621231979030144 0.01703131141097865 0.006792050067111924 0.003735823882588392 0.0009176960475978349 0.0004688585151055469 9.163335661351799e-05
 0.05115089514066496 0.03103180760279286 0.02148227712137487 0.01134108307343351 0.01898834326704995 0.006813608201682803 0.003781948671040828 0.0009243336613434034 0.000470585005789176 9.558656897188282e-05
 0.07042253521126761 0.04901960784313725 0.03693065244152647 0.01688530978049098 0.02041010062654262 0.006911960907235054 0.00381212432844554 0.0008360813837730214 0.0004236378074083415 8.571479259910573e-05
 0.05995203836930455 0.0474608448030375 0.03677822728944465 0.01473740621650589 0.01570647735125966 0.006109118250599164 0.003408316291751875 0.0007559326173294645 0.000392234925186091 9.748033234825147e-05
 0.05662514156285391 0.04595588235294118 0.03580379520229144 0.02385369732308508 0.01748060745110893 0.006119086843963286 0.003886578074738069 0.0009153649731778993 0.0004682492842126827 9.549414839711083e-05
 0.05787037037037036 0.04282655246252676 0.03229713362939039 0.021468441391155 0.01968707905916485 0.006286082943210203 0.004128322009116711 0.0009270615047367049 0.0004712910133640458 9.561562518674927e-05
 0.05134788189987163 0.03108003108003108 0.03504300732717426 0.02316825948450622 0.01862494678586633 0.00683558855971042 0.003827418232428671 0.0009242286541690414 0.0004705776242300419 9.558565530139949e-05
 0.03992015968063872 0.02523128679562658 0.0170940170940171 0.02423045858386431 0.01796700604344749 0.005544634306164625 0.003402250719706883 0.0007556074793515726 0.0003835498423020072 9.361141899973211e-05
 0.05889281507656065 0.03893575600259572 0.02816901408450704 0.01815541031227305 0.01597345948270566 0.006068259721516081 0.003316452292385605 0.0007211913301107126 0.0004130073721815934 9.74428219441235e-05
 0.04901960784313725 0.02734731084776663 0.0181378476420798 0.02600991628058197 0.01812517700368168 0.007087492837108304 0.004020324021008331 0.0009066672839720516 0.0004612822271883671 9.361636015608038e-05
 0.04716981132075471 0.02659574468085106 0.02689376961004034 0.02268808421816862 0.01786183346467034 0.006281811738934348 0.003656625457078182 0.0008134222416754949 0.0004129622965423257 9.539420861759483e-05
 0.05917159763313609 0.03891050583657588 0.02822201317027281 0.02750177430801987 0.02024075849579205 0.006964118959813867 0.003867315906973474 0.00094116562402162 0.000479765169636152 9.755242945366657e-05
 0.05605381165919282 0.03516174402250352 0.03500175008750438 0.01364628820960699 0.0164996333414813 0.006124784423706139 0.003373699350118967 0.0007923516804619604 0.0004026911555271817 9.534736634682922e-05
 0.07250418293363078 0.05595786701777485 0.04796163069544365 0.02435150873478031 0.01926146056903858 0.005898909544435642 0.003183931154311497 0.0007550501237120588 0.00038339600383396 7.770741603713697e-05
 0.07306889352818371 0.05768676088837612 0.04874482086278333 0.0231535077564251 0.01591828613119321 0.007159087371992405 0.004052318012122466 0.000924331881362003 0.0004705891580179569 9.748562683854908e-05
 0.06950477845351868 0.05468215994531784 0.04496908375491849 0.02769180648314058 0.01943041136956642 0.007174048658764816 0.004055569937009233 0.0009084319884029959 0.0004616546685565041 9.745970289906814e-05
 0.06147540983606558 0.04547751389590702 0.03474903474903475 0.02226551628165878 0.01725851158412217 0.006825533430275693 0.003898635477582846 0.0008855094085374657 0.0004509017053886675 9.74797505712015e-05
# name: avgRateB
# type: matrix
# rows: 100
# columns: 10
 0.08870490833826138 0.08052970651395849 0.07253384912959382 0.04789338515999167 0.03614568081991215 0.01293217618921488 0.007526385111441816 0.001713710259733008 0.0009601489685672444 0.0001967145100199218
 0.07340090877315623 0.06353952532236964 0.05853959124987162 0.04019804892396686 0.03176447801665698 0.01266960928559752 0.00764669163545568 0.001763805571729042 0.0009047150244954025 0.0001849073822781186
 0.0721674284339668 0.06458859870822801 0.0575036644492051 0.03902378592666006 0.03139660772284374 0.01322496211599394 0.007790310800941329 0.001834014083699818 0.0009373983874794822 0.0001910182046318333
 0.06852667645619187 0.06343594009983361 0.05811313901752475 0.03790684501764629 0.02973273214402405 0.01263729615637982 0.007476664935228471 0.00184971703066233 0.0009556851683453903 0.0001965256644651822
 0.07253626813406704 0.06138316737143636 0.05566444531556253 0.03983516483516483 0.03109613889608707 0.01314220680685021 0.007792666859474918 0.001870377192733868 0.0009345164118423461 0.0001887819036449215
 0.0719054956343092 0.0592428029251134 0.05498281786941581 0.03812928209711051 0.02716336825766395 0.01038371055406831 0.006054839546752011 0.001839480890984479 0.0009483075613013102 0.0001946374985824233
 0.07025761124121779 0.06099110546378653 0.054691505725517 0.03836463582226294 0.02884533808433019 0.01243860027669539 0.00757230391209946 0.00184321049651953 0.0009492711438039231 0.000196396423204535
 0.07526444263628966 0.06398425003076165 0.05768364127985579 0.0389242745930644 0.02932942274363418 0.01102855816113304 0.006720811031846927 0.001578393879635106 0.0008085397382669194 0.0001651571370666938
 0.08121468926553672 0.06588700378850272 0.05907372400756144 0.04037332214765101 0.03127882263303525 0.01335131673955396 0.007902843410802702 0.001863567819606635 0.0009546762575911374 0.0001965474748513535
 0.0684931506849315 0.05156037991858888 0.05574978739487858 0.04175252141850125 0.03196328320288489 0.01256600683364866 0.007328842701625521 0.001803345205355935 0.0009293347415336153 0.0001944891306375552
 0.09226983801517326 0.07916456122620852 0.06596541272954182 0.04501880197023463 0.0344717011383678 0.01297016861219196 0.007499750008333056 0.001860447634976416 0.0009397358082938951 0.0001926974423685654
 0.08774890313871077 0.06967292432746273 0.06141248720573183 0.04253509145044662 0.03260827866651322 0.01290548079637571 0.007679938560491516 0.001822544880167674 0.0009357974700325482 0.0001909517132844112
 0.07780507780507781 0.06662111376836352 0.05924170616113743 0.04240368306275745 0.03111156200331406 0.01281509454540497 0.007582418468835454 0.001833708807041442 0.0009465279327153858 0.0001963570413635033
 0.03992015968063872 0.06902628873549714 0.06264161002265761 0.04221117150456805 0.03057114084304417 0.01229531909969334 0.007462217613975555 0.001795793684099097 0.0009221510386332751 0.0001907982761375751
 0.07510326699211416 0.05892902895208814 0.04966571155682904 0.04111105254835819 0.03161967115541998 0.01312372996161662 0.007657030883357896 0.001866565105413793 0.0009600474787116745 0.0001967031753058436
 0.05263157894736842 0.06448957189901208 0.05660032864706956 0.03978482573125631 0.0305113880532875 0.01259184435926884 0.007407105937894265 0.001735210666015804 0.000887605707987476 0.0001810823110639899
 0.08348240906380441 0.06596306068601583 0.05777563793933558 0.03814852492370295 0.02990788371814811 0.01219913372443665 0.007203736229936785 0.001755458910935943 0.0009024219841639497 0.0001927852983918924
 0.07751937984496124 0.06394077065455157 0.05775577557755776 0.04047849202513291 0.03061066336019838 0.01263967513345614 0.007509940790045772 0.001799017547049043 0.0009233601366961785 0.0001889054816393814
 0.07636363636363637 0.06937033084311632 0.06343010490363504 0.04382284382284382 0.03499627699180938 0.01373527072941517 0.007932597967584901 0.00182231122773903 0.0009359854220270519 0.000192764878318661
 0.07151370679380215 0.06493506493506493 0.05989629894510996 0.04171817058096416 0.0322446037707219 0.01333711691259932 0.007764359935902731 0.001877994832668763 0.0009631249610858602 0.0001968868411773515
 0.07640067911714771 0.06857290723250098 0.06015657189946436 0.04297184213502205 0.0328050443081118 0.01270666377878854 0.007342879076132305 0.001847721363618366 0.0009504154673328626 0.0001947165066746037
 0.06459189665296534 0.05095541401273886 0.0532812361246781 0.03779664167544457 0.02840434419381788 0.01226154521283461 0.007417934222444327 0.001819102451099901 0.0009449754306388034 0.0001944881656928036
 0.07715281234444997 0.06628180457558264 0.05935092814749337 0.04089262764341629 0.03110834592480669 0.01302931596091205 0.007658714639551557 0.001805105598677523 0.0009250054283213293 0.0001889126565315358
 0.06820119352088662 0.05544354838709677 0.04944375772558715 0.03867747972551466 0.03160577740016993 0.01317392412952942 0.007672117908338381 0.001851299120821826 0.0009513731809841858 0.0001948111842293588
 0.07814605227701428 0.06657483930211203 0.05768848219614084 0.04096593359206555 0.03214638971315529 0.01309691718718517 0.007578659826440362 0.001859815460759792 0.0009247740144342622 0.0001966064925024412
 0.08387445887445887 0.06995515695067264 0.06254008980115458 0.04072000370181852 0.03232990875781306 0.01304461257500652 0.007740793984297246 0.001855624815384266 0.0009525244327376816 0.0001948059176471898
 0.07257448433919021 0.06628369421122404 0.05975351674343334 0.04061624649859944 0.02930657659447646 0.01279448168442133 0.007502783290575537 0.001769827299110329 0.0009062631554329015 0.000192596587188475
 0.07909306617453203 0.0675371454299865 0.05823783580687582 0.03940769047050394 0.02983455383780852 0.01206769265716395 0.007023864612943743 0.001652261604289043 0.0008469073765632499 0.0001964937964526717
 0.06871278057718735 0.06627783669141039 0.06090875867949811 0.04036983982289361 0.03185196420445928 0.01276143211627083 0.007431567647908839 0.001834869327038029 0.0009423312692716459 0.0001928008174754661
 0.07861120209629872 0.06641640196361535 0.06059009483667017 0.04173014506193283 0.03079630444346678 0.01111720272904483 0.006279948039881971 0.001409884254296767 0.000716750860346495 0.0001964822141918111
 0.07111111111111111 0.06267999322378452 0.05599104143337066 0.04089733565886811 0.03086283673559367 0.01112381423230232 0.007465646361663907 0.001820621826815695 0.0009530401499449836 0.0001964082681135541
 0.07014028056112225 0.05558987029030266 0.0462962962962963 0.04379121155685307 0.03447230850822032 0.01369354976749493 0.00795485619111542 0.001838376101110686 0.0009385008231434303 0.0001967840712239075
 0.04477611940298507 0.05523066926575698 0.0551860761284845 0.03766795974588182 0.02906864075035851 0.01120398626037474 0.006418431031424976 0.001723588811660453 0.0008893365645895181 0.0001928073324032202
 0.07733007733007734 0.06163780452010566 0.05174963035978315 0.03679476696647588 0.02695283254304966 0.00882886712554976 0.004832647216753177 0.001797186551747622 0.0009229474862310807 0.0001888670995898204
 0.03992015968063872 0.07592616834664223 0.06986268369067694 0.04500038135916407 0.03184401332549481 0.01160757123179546 0.006858653194710473 0.001782470352208557 0.0009301532427467425 0.000190709772107782
 0.0858704137392662 0.07192950908110052 0.06316812439261418 0.04059939469993357 0.03260104471529655 0.01291818969187182 0.00750156626108748 0.001783755678605179 0.0009146513524190583 0.000196323904299434
 0.08231925554760201 0.0732409102798849 0.06701868399675061 0.04622266401590457 0.03651784662504418 0.01413529496610414 0.007193256120329434 0.001840217108442693 0.0008689658135179836 0.0001887260613407378
 0.03937007874015748 0.06984553391537945 0.06416584402764067 0.044138097829373 0.03335922862496001 0.01256151447529815 0.007187856750243119 0.00178781320014759 0.0009157268289451509 0.0001869448459007669
 0.03898635477582846 0.07020280811232449 0.06467840459935321 0.04201381471195614 0.03200874385197908 0.01262717891406261 0.007564296520423601 0.001801825723622694 0.000924155079059035 0.0001926574855775017
 0.06835269993164729 0.0635593220338983 0.05826346454455023 0.04121550820817325 0.02996365065330583 0.0118259565323988 0.006837492808124943 0.001840028994396275 0.0009530621694968121 0.000196409826760581
 0.07881316643486325 0.06663602941176471 0.06060606060606061 0.04581651576306316 0.03548496113551876 0.01310480902317637 0.007510485143585286 0.001711594417509803 0.0009345521450892205 0.0001908949473289024
 0.07671480144404333 0.06533192834562697 0.05709487825356843 0.04399543751018413 0.0340708509502894 0.01296752291171885 0.007471421811570742 0.00180849881411458 0.0009306455772038366 0.0001907317862071514
 0.05793742757821553 0.06622516556291391 0.0591049817056009 0.04057293907911723 0.03129572427247602 0.01246715641589361 0.007630021800062286 0.001849335748792271 0.0009508710172573387 0.0001968524290794385
 0.07678051363516018 0.06607929515418502 0.0577603875535681 0.03968826670515226 0.03160720471077243 0.0126007326007326 0.007237229655810822 0.001652879854854085 0.0008423007346625361 0.000196648630610445
 0.06194690265486726 0.05032907471931862 0.04946727549467275 0.02699190242927122 0.0317436881736306 0.01267445587249789 0.007297310898995151 0.001670837358386932 0.0008940997193304359 0.0001906310025185136
 0.06008583690987124 0.04151838671411625 0.06257110352673492 0.04428697962798937 0.0331392321166501 0.01255323918403945 0.007149362089656406 0.001719815330051671 0.0008788882259250543 0.0001947176286412941
 0.07715387912558937 0.06204756980351602 0.05278716216216216 0.03809255079006772 0.03094979701756501 0.01237852681302733 0.007198351825650954 0.001764156884764513 0.0009047827986196711 0.0001849075293351819
 0.07594062823610633 0.07088731361525299 0.06534591847318742 0.04461399198241304 0.03328213005632361 0.01265502404454569 0.00721911281350059 0.001637083602970633 0.0008333970636970278 0.0001926577534318404
 0.0709812108559499 0.0618647812638091 0.06367398917542184 0.04411482641774823 0.03327122704285335 0.01244989675695372 0.007042193041969753 0.001787374669858588 0.0009156287106097017 0.0001869673791648724
 0.07600116924875767 0.0647465952221478 0.0567403639209548 0.04221954161640531 0.03332672088871256 0.01326815642458101 0.007804956549726424 0.001844969320252437 0.000944996341792512 0.0001929146237438921
 0.0380952380952381 0.06697459584295612 0.05844417573559049 0.04147100079282796 0.03125424650088327 0.01233540835939069 0.007336338514962054 0.001723200404377695 0.0009426911792289176 0.0001928141543876849
 0.06550218340611354 0.06801645049035115 0.06145861786397159 0.04387113672079623 0.03264121860549461 0.01179371716521926 0.007141977588966876 0.001754647457364897 0.0009434688847812692 0.0001962458369617339
 0.0848010437051533 0.07472929693457374 0.06675998707871217 0.04532967032967033 0.0332025354663447 0.0110187480757701 0.007199016404050863 0.001840661894580273 0.0009434389118491114 0.0001962472763256801
 0.05235602094240838 0.07064868336544637 0.06407455948740352 0.04044088494171755 0.03079439926863302 0.01286762077691835 0.007609117989897681 0.001833589468769435 0.0009419945034135162 0.0001927892449836537
 0.07947019867549669 0.06387508871540098 0.05710789312665715 0.03959915952804267 0.02776697950796912 0.01220129155134958 0.006961837245829265 0.001851754865065054 0.0009562076226167249 0.0001965451336119774
 0.0876028670029201 0.07603686635944701 0.06576402321083172 0.04403713401571054 0.03344632768361582 0.01171126972320256 0.006504522401047755 0.001812541259162873 0.0009270146712269283 0.0001967708512008885
 0.06535947712418301 0.06606110652353427 0.06083719240897122 0.04362111941989576 0.03444361814552428 0.01379938258432561 0.008024819027921407 0.001856928448909581 0.0009645230871753504 0.0001968940853016775
 0.04587155963302752 0.03954802259887006 0.05729974931359675 0.04250217959895379 0.03302535875761746 0.0126984126984127 0.007478632478632479 0.001739379748650069 0.0009593850632467335 0.0001967052858088064
 0.07736156351791532 0.06483402489626555 0.05541871921182266 0.0362154821186057 0.03179711144312914 0.01269035532994924 0.007692429697536837 0.001838538418819052 0.0009501252129298468 0.0001947104714894199
 0.08104978772674643 0.06616257088846882 0.06043165467625899 0.0428843710292249 0.03347663683134822 0.01367654257003829 0.007986113940658285 0.00186954041736536 0.000963068745598095 0.0001968335642979702
 0.06048387096774193 0.05975578072226553 0.05914116739521728 0.03972027972027972 0.03238052702099151 0.01305371889100145 0.007599725749027317 0.001760624026394051 0.0008997132652941476 0.0001869565208743917
 0.08035201836617561 0.07204116638078903 0.0642306594347702 0.04403957528957529 0.03328685169358104 0.01297830144657023 0.007469200040283326 0.001709421408870553 0.0008713939954100055 0.0001907694227615344
 0.05813953488372093 0.0606501698204755 0.05941832586260815 0.04193764055187504 0.03166590178981184 0.01302545885139136 0.007448726521698648 0.001870083945990464 0.0009610745395821947 0.0001967505943755961
 0.08093889113719142 0.06538084341288003 0.05894214363269738 0.04179420767600659 0.0321811229318896 0.01307154311587856 0.00777318331890887 0.001843167359596251 0.0009445206119714579 0.0001891660425846613
 0.07079646017699115 0.06773399014778325 0.06168512547315295 0.04405771560744576 0.0338927006695875 0.0127359904105484 0.007298229130839631 0.001811153308467708 0.0009243097352193145 0.0001926638377524194
 0.07788689468337284 0.06545608108108107 0.05723630417007359 0.04057409313873918 0.03071034359978636 0.01147705315764241 0.006615528907349098 0.001791114563458246 0.0009213354126418856 0.0001887626232520581
 0.07413868294810291 0.06987695579523014 0.06333924499619965 0.04329990884229717 0.03320082128347385 0.01317291648370949 0.007569067743156301 0.001862957812473537 0.0009591824277779232 0.0001966708590007015
 0.08126603934987169 0.06571741511500548 0.06091617933723197 0.0394754449350997 0.03070581307310507 0.01164891948804492 0.006635812972163616 0.001834938747096257 0.0009423486631764145 0.0001928044197928645
 0.0617828773168579 0.06079664570230608 0.05943804034582132 0.04286002420330778 0.03376365441906654 0.01365754755501739 0.007976448917834354 0.001865891877277625 0.0009552262082880495 0.0001949241357252779
 0.08221993833504625 0.07087628865979381 0.06233471854930109 0.04279112226850003 0.03279247050807035 0.01212211912601018 0.007750999152234468 0.001833565206871522 0.0009419917590287967 0.0001927875207246585
 0.03992015968063872 0.02004008016032064 0.0129366106080207 0.04133031966419115 0.03059663437021928 0.01258347275249167 0.007369981247492159 0.001718839821317051 0.0008786256732469221 0.0001887819036449215
 0.07515822784810126 0.06091101694915254 0.05211874008610922 0.03738185921850755 0.03012048192771084 0.01229783643877536 0.007135804313012886 0.001647471705631288 0.0009534715513945243 0.0001964305980934724
 0.0799623706491063 0.07085498346717052 0.06434086359736918 0.04502853552542017 0.03518101861321334 0.01347457748598787 0.00781061745423726 0.001801308056254467 0.0009425849176695803 0.0001928153042078859
 0.07458405048766494 0.056647784071976 0.04713275726630008 0.03953701581480633 0.03116842638407294 0.01224696641234269 0.007213779128672746 0.00176902882199618 0.0009428498309604946 0.000194404444958448
 0.07868115399025853 0.06490134994807892 0.055666889334224 0.04384343140880038 0.03418592199019729 0.01292162366884998 0.007560148876777881 0.001743752670720093 0.0009583968634284469 0.0001966360536772729
 0.08828073273008165 0.07745933384972889 0.06592501030078286 0.04508919819643208 0.03416029719458559 0.01274929423549768 0.007373271889400922 0.001830782820085009 0.0009412531864331453 0.0001927600899971026
 0.07275372862859222 0.05936479667557139 0.05058280184737189 0.04183276736059845 0.03311258278145696 0.0127309332070109 0.007739999210204162 0.001859900172705016 0.0009536691935656523 0.0001948578601385837
 0.03992015968063872 0.07039499413375049 0.06493506493506493 0.0428166787431658 0.03234275712491914 0.01261052756512967 0.007203878229032477 0.001702528158667973 0.0008696306414845083 0.0001907341356882641
 0.06235385814497271 0.06656346749226007 0.0649749758538941 0.04626720740275318 0.03555692973641493 0.013866184026156 0.00797649034424853 0.001824792982038275 0.0009301688011592841 0.0001891660425846613
 0.07442849548112707 0.06381039197812215 0.05571030640668524 0.04070183158242121 0.03145055038463173 0.0114443018202626 0.007774815943132775 0.001871455576559546 0.0009614329429656613 0.0001967669402919664
 0.08230452674897119 0.07276034561164164 0.06630750103605471 0.04627219619411186 0.0352855114247601 0.01279028554697733 0.007186489399928135 0.00180567514193557 0.0009251747849942493 0.0001927213707933345
 0.06701414743112434 0.04724409448818898 0.05841741901221455 0.04172461752433936 0.03155119505553875 0.01135727176551123 0.007229902878304668 0.001828408568261843 0.0009406243030167857 0.0001927337393325849
 0.07895453307922679 0.06859528780196839 0.06284916201117319 0.0434341155234657 0.03316078938854739 0.01275094149393589 0.007286159685509014 0.001655320025330246 0.0008429298280521165 0.0001944904815762938
 0.06984387838948233 0.05759539236861051 0.04996876951905059 0.04219147484023081 0.03307006964167607 0.0129140190481781 0.007730931048232872 0.001811632204336857 0.0009267361426120107 0.00019267497420241
 0.08002845456162191 0.07006441405808567 0.06499535747446611 0.04388432541915157 0.03373264714786144 0.01270147161878066 0.007748058949815176 0.00185098791758193 0.0009513085345965675 0.0001947984829571205
 0.07805724197745013 0.06465019625952435 0.05631536604987933 0.03928290836368831 0.03085739475424289 0.01311547079075359 0.007802175055331751 0.001859229747675963 0.0009534799097891254 0.0001948532109124956
 0.06304176516942474 0.06170212765957447 0.05427662361968932 0.04283700249430648 0.03292147618273451 0.01342999075785582 0.007874015748031496 0.001834108690045184 0.0009373819118489957 0.0001910165702895214
 0.0780678214198585 0.06911447084233262 0.06323277565538137 0.04037413363838235 0.02993311818904635 0.01207465921820219 0.006955676418580874 0.001837938807890384 0.0009478489631692974 0.0001968301204958211
 0.07590132827324478 0.06892477353288697 0.06246799795186892 0.04266032589691587 0.03091652538147003 0.01296695611632379 0.007752428566908205 0.001856433299109291 0.0009527439024390244 0.000196737417946586
 0.06883604505632039 0.05564142194744977 0.06157635467980296 0.04432570283563057 0.03345094624936993 0.01267762607968794 0.007436584728033473 0.001817734269971409 0.0009330869724535231 0.0001908723262962418
 0.08301625735039778 0.06841505131128849 0.05767998290963469 0.04098360655737705 0.0322603770879633 0.01336730857596391 0.007842752806234988 0.001859247384247621 0.0009601331384618667 0.0001967121257129573
 0.07437457741717377 0.06391526661796931 0.0603582554517134 0.04186925985953539 0.03313970807268395 0.01308727299463275 0.0075044689534217 0.001850970437357872 0.0009581955725557303 0.0001966680069227138
 0.07740398928252457 0.0651685393258427 0.05994133401351869 0.04206291148500366 0.03150934185416944 0.01284240534018262 0.00749273369507044 0.001799617344522533 0.0009235899455081932 0.000192651248608492
 0.07921539041870991 0.06444960041247745 0.05701078582434515 0.03911008527280888 0.03230677388769885 0.01321250592408554 0.007652382219856269 0.001804203985201729 0.0009570673137343993 0.0001965836540890194
 0.07142857142857142 0.06768433179723503 0.06278434940855324 0.04434458700407971 0.03310066920918184 0.01347059157166355 0.007843655308503348 0.001817847821261548 0.0009283690022476302 0.0001927607795007456
 0.07410151908114117 0.0601684717208183 0.05723949525172368 0.04031257752418754 0.03060646136406575 0.01201359587435537 0.007556377661458539 0.001816379199430868 0.0009327379356177639 0.0001908231933665087
 0.07329509241555131 0.06099177936886767 0.06039612754241051 0.0430045871559633 0.03254300325430032 0.01235730257738025 0.007084542203629984 0.001615235516721533 0.0009305183859770879 0.000190730118868573
 0.08464328899637243 0.06222222222222222 0.05981201936770151 0.04052311659605821 0.03035657650310362 0.01202318757603951 0.006973327024132693 0.001781906070802332 0.0009141941281505658 0.000186884820896745
 0.076103500761035 0.06534130404559989 0.06001021450459652 0.04177154179831843 0.03248490407398915 0.01333170088016433 0.007896730109103802 0.001864596077118171 0.0009548995114422295 0.0001949126602336207
 0.07921539041870991 0.0704656862745098 0.06351626016260162 0.04376740749161599 0.03323799953621396 0.01316674538090536 0.007636946217636365 0.001762614186745142 0.0009618719777545244 0.0001967860661153476
