# Created by Octave 3.0.1, Thu Sep 10 07:34:38 2009 PDT <jwawerla@marvin2>
# name: prtA
# type: matrix
# rows: 100
# columns: 10
 208.9 249.8 587.8 868.1 1301.4 1425.8 1488.5 2495.9 2563.9 3143.2
 81.3 175.9 471.9 833.5 881.6 1426 1484.5 2339.9 2406.9 2565.7
 115.4 138.4 240.7 1107.5 1155.7 1285.8 1345 1501.4 1570.1 3790.5
 95.09999999999999 244.7 480.3 899.7 1056.8 1191.5 1251.1 1408.6 2688.5 2848.9
 80 538.8 568.8 794.9 850.2 1551.6 1611.8 2247.6 2698.5 2859
 98.40000000000001 186.3 658.3 771.2 823.6 960.7 2402 2926.1 2994.9 3032.8
 223.3 260.6 588.3 812.3 1261.8 1603.4 1665 1822.2 1886.2 2870.1
 174.4 211.2 237.3 850 1072.4 1649.5 1711.3 2907.9 2971.8 3152.5
 65.8 122 136.7 931.8 1171.8 1769 2009.6 2455.1 2519.9 2588
 119.8 145.6 251.8 325.8 1118.5 1253.8 1313.4 2084.2 2149 2727.7
 83.09999999999999 123.2 138.7 758.1 1101.3 1237.7 1297.4 2245.2 2309.9 2370.6
 119.2 201.6 245.9 936.7 1146.5 1283.7 1343.5 2111.2 2176 3048.2
 103.9 148.6 166.1 673.3 1326.9 2051.5 2111.4 2268.7 2333.5 2549.5
 76.40000000000001 117.5 302 1000.6 1051.8 1190.6 1250.6 2018.8 2084.4 2857.2
 84.5 173.2 192.1 985.1 1363.4 1615.5 1675.8 1713.2 1780.7 2696.4
 124.2 428.9 546.3 1025.6 1078.3 1631.5 1688.7 1845.6 1910.9 2745.7
 182.2 229.5 272.1 785 963.3 1715.8 1775.1 1931.7 2016.1 2863.3
 139.6 310.1 606.7 737.8 782.6 1383.4 1601.5 1761 2503.2 3240.9
 40.1 44.2 50.2 808.3 1056.2 1659 2035.5 2204.5 2296.5 2504.6
 174.4 288 327.3 772.8 817.5 1132.4 1853.1 2028.2 2120.4 2786.5
 56 65.40000000000001 116.5 694.2 1181.8 1260.1 1318.8 1823.9 1891.3 2050.5
 56.2 193.4 253.3 714.3 759.7 887.4 947.5 1068 2736.6 2543.5
 156.2 194 286.1 935.2 1037.2 1376.1 1436.3 1806.3 2302.5 2349.6
 70.3 82.3 170.6 888.5 1235.3 1360.9 1829.7 2001.9 2090 2286.9
 119.4 154.4 225.8 556 599.3 1518.3 1815.8 1985.4 2070.5 1877.8
 162.6 246.5 382 601.6 986.3 1608.5 1668.6 2284.4 2351.3 2510.1
 138 190.4 355.1 691.1 942.2 1596.4 1656.3 1824.2 1907.8 2094.6
 74.5 163.6 178.4 576.7 859.5 1420.5 1480.6 1964.2 2047.3 2735.1
 80.3 93.7 191.7 618.3 798.4 1237.1 1297.2 1797.5 1880.5 3397.5
 53.1 62.5 70.59999999999999 742.8 786 1533.4 1593.6 1760.3 1842.8 3371.7
 40.1 83.59999999999999 151.5 1036.3 1129.8 1252.2 1312.3 1783.7 1786.7 2574.5
 52.4 61.8 69.7 746.8 836.7 1661.5 1721.6 1886.7 1966 2885.8
 113.3 148 185.1 820.3 1136.5 1259 1965.5 2397.2 2476.5 2660.1
 77.90000000000001 183.8 221.2 673.9 715.9 1426.3 1486.5 2145.9 2224.5 2406.3
 147.4 216.8 233.4 727.1 768.4 1474 1756.9 2200.9 2278.8 2459
 66.09999999999999 128 141.3 810.7 850.3 1737.5 1797.4 1958.2 2034.4 2211.4
 150 263 300 464.6 874.2 1230.4 1290.2 2431.6 2857.8 3033.7
 67.59999999999999 77.5 144.1 624.4 706.1 1623.6 1800.1 2168.8 1947.2 2112.1
 88.8 146.2 160.5 576.5 912 1736.8 1796.2 1953.1 2025.1 2686.6
 102.5 146.9 161.2 425.4 767.7 932.7 1566.7 1872 1943.8 2114.3
 64.7 74 182.8 350.2 386.2 1424.9 1484 1639.2 2055.3 2986.2
 81.2 140.3 153.7 490.4 572 1031.4 1090.6 2032.1 2103.6 2275.3
 80.09999999999999 91.40000000000001 230.6 714.2 794.6 1038.7 1276 1430 2469 3011.3
 50 57.3 63.9 324.1 596 707.5 1594.3 2111.7 2182.5 2348
 177.7 194.9 209.2 428.9 553.6 1247.7 1401.9 2092.1 2162 2072.1
 75.90000000000001 118.1 129.5 546 685.5 796.9 1612.7 1766.3 1836.2 1985.3
 64.2 73.09999999999999 81.09999999999999 636 669 1090.8 1571.6 1724.7 2328.7 3006.6
 53.4 61 152.5 191.2 917.5 1118.9 1549.1 1836.1 1905.8 2075
 40.1 40.1 73.3 147.3 824.7 934.9 1444.3 1596.2 1663.5 2414.8
 86.8 198.7 212.8 255.5 815.3 1143.2 1200.4 1997.4 2064.7 2225.8
 98.5 157.9 255.5 299 842.1 1459.2 1515.8 1983.2 2050.3 2687.2
 62.9 71.5 145.5 496.9 566.3 792.5 1270 2096.1 2163.2 2725.3
 75.2 85.5 164.9 299.6 694.2 1083.9 1140.7 1992.3 2016 2638.9
 74.09999999999999 213.8 291.6 378 636.5 1422.9 1845.4 1995.9 2067 2226.1
 76.40000000000001 162.5 174.3 213.9 652.4 1108.4 1408.7 2415.6 2483.3 2650.6
 160.9 208.5 221 264 703.6 1401.3 1569.1 2266.8 2609.4 2776.5
 62.4 131.4 426.3 495.1 527.2 848.4 905.6 2015.4 2083.3 2246.3
 104.2 178.4 190.1 452.2 784.3 1209.7 1267.1 1795.8 1863.7 2623.3
 133.5 148.9 159.9 299.5 896.6 1183.8 1552.1 1701.9 1770 1937.2
 100.1 181.3 211.4 254.3 284.2 783.1 1736.2 1886.1 1954.1 2121.2
 90.2 175.5 205.4 489.5 852.7 1217.2 1692.1 1977.5 2045.6 2212.3
 141.8 187.6 219.4 263 292.9 688.4 1346.9 2125.9 2194.1 3014.8
 202.8 293.4 407.1 567.7 908.5 1017.6 1277.4 1656.8 1725 1891.7
 64 73.5 99.90000000000001 132 773.9 947.7 1450.1 1599.9 1668.2 2834.5
 64.09999999999999 148.6 287.3 359.8 390.9 956.2 1736.8 1886.9 1955.9 2649
 116.6 131 196.4 760.5 832 992.7 1050 1997.1 2066.2 2230.7
 74.7 85.5 130.3 504.7 536.8 1421.9 1479.2 2022.4 2577.9 2742.4
 52.2 60.2 119.1 592.1 788.2 1190.9 1466.7 1617.1 1684.8 3159.1
 40.1 94.5 103 163.6 543.7 1441.7 1499.1 1649.5 1717.4 3263.7
 52.1 60.1 135.2 616.1 648.4 1487.3 1544.5 2345.7 2414.4 2954.3
 65.8 75.59999999999999 82.90000000000001 137.2 386.4 1678.8 1736 1892.5 1961.3 2654.1
 84.3 153.4 201.7 711.3 880.4 1340.5 1397.8 1547.3 1615.4 1780
 72.90000000000001 100.5 109.5 620.3 867.1 1304 1361.3 2048.5 2116.7 2281.4
 97.7 111 120.9 620.7 822.9 1122.9 1180.3 1891.9 1960 2124.9
 75 133.7 144.7 427.4 922.9 1035.3 1615.9 1765.4 1833.5 1998.4
 66.3 76.40000000000001 171 398.7 465.2 870.5 1810.8 2133.5 2201.7 2823.9
 73.7 132.2 143.2 514.5 954.7 1265 1496.6 1645.1 1713.3 3784.6
 74 161.4 173.6 443.9 475.8 1486.6 1544.1 1692.8 1761 2072.7
 64.5 74.7 82.3 842.9 875.5 1350.6 1519.6 1807.3 2187.7 2798.8
 84.2 241.3 306.5 356.5 497.2 1411.8 1583.1 1914.8 1982.8 2626.1
 76.3 88.3 150.5 598.1 667.5 1325.5 1383.4 1905.9 1974 2139
 113.2 129 139.7 643.3 809 1246.2 1304.1 1992 2389.7 2131.4
 169 188 255.5 597 630 1481.5 1539.5 1919.1 1988.1 2152.3
 125.6 142.1 153.3 544.4 820.9 1520.6 1578.6 1876 1944.1 2108.3
 167.2 250.3 356.1 440.1 810 924.2 982.2 1642.1 1710.1 1874.4
 164 200.7 213.9 289.1 706.8 1563.3 1621.4 1770.1 1838.2 2002.6
 126.7 193.5 295 534.5 567.5 1381.5 1629.8 2123.1 2191.2 2354.2
 161.3 248.5 262.5 505.4 538.4 1048.5 1911.3 2060 2128.2 2291.3
 51.4 60.3 122.7 481.7 604 1288.2 1346 2428.6 2496.8 2658.7
 109.4 125.5 270.6 703.8 802.5 1283 1708.5 1747.9 1814.8 3423.6
 67.7 79.3 215.5 540.1 881.5 1439.3 1497.2 2284.4 2351.3 2510.1
 61.2 136.5 147.6 477.8 510.9 1314.3 1696.7 1845.5 1913.8 2075.7
 171.2 190.8 396.9 497.4 767.4 1190.5 1248.5 2309.5 2377.8 2393.4
 52.4 61.3 67.90000000000001 425.9 504.2 1100 1158.1 2022.6 2091.7 2226.1
 153.8 172.9 323.6 597.6 771 1240.4 1599.3 2002.7 2070 2908.9
 75.90000000000001 226.4 240.4 445.4 479.2 1036.4 2160.1 2307.8 2816.7 2977.9
 65.2 76.40000000000001 202.7 786.2 856.5 1098.8 1781.4 2128.4 2196.7 2357.9
 93.7 168.9 342.6 441.9 920.8 1176.5 1234.7 1929.8 1998.1 2158
 81.2 128.5 139.8 806.1 840.3 1515.1 1573.4 1721.3 1789.6 2542
 40.1 66.2 73.40000000000001 689.2 1111.3 1568.1 1981.7 2340.3 2408.6 2568.5
# name: prtB
# type: matrix
# rows: 100
# columns: 10
 265.3 304.5 322.7 761.2 1461.6 1828.6 1884.1 2131 2198.2 2357.2
 622.3 687.9 707.9 1160.7 1255.6 1796.5 2455.7 2610 2678.4 2838.4
 239.4 445.5 462.5 1012.2 1053.2 1578.1 1922 2968.3 3036.2 3195.9
 40.9 377.4 397.8 1147.7 1227.2 2238 2296.4 2853 2916.9 4035.1
 242.9 429.4 606.2 1826 1872.3 2268.6 2329.2 2790.3 2858.9 2878.5
 40.1 57.8 746.2 1163.9 1931.9 2224.7 2285.8 2442.9 2511.6 3880.4
 279.1 568.3 886.6 1473 1838.3 2373.5 2435.1 2592.7 2661.5 2533.9
 370.1 622.3 1194.6 1331.6 1432.9 1709.6 2541.3 2698.5 3234.7 4109.8
 325.7 507.1 528.4 1484.5 1534.4 2332.6 2390.3 3012.2 3077.8 3072.5
 86.09999999999999 685.2 1000.4 1301.7 1352.5 2261.8 2319.7 2476 2541.7 3487
 360 999.1 1129 1486.6 1694.8 1833.6 1891.6 2974.1 3039.8 4004.8
 264.7 673.9 1008.2 1659.9 1774.4 2730.1 2788.1 2944.6 3010.4 3210.5
 371.3 467.9 817.2 1368.3 1419.1 2776.1 2834.8 2991.2 3057.2 3251.8
 595.1 909.1 931.3 1641.6 1692.4 1830.5 1889.2 2045.9 3970.5 4137.1
 87 588.7 736.7 1187.2 1955.2 2527.7 2850.3 3006.5 2907.2 3065.7
 40.1 721.4 744.2 1049 1405.1 2607.4 2667.1 3222.6 3305.5 3500.4
 129.4 960.1 1004.5 1231.5 1282.1 2229.8 2960.3 3915.6 4428.2 3547.9
 203.9 867.9 888.6 1005.1 1794 2644.2 2703.8 2858.6 2808.9 3905
 317.1 680.5 700.8 1288.6 1764.9 1895.2 1955.3 3212 3132.7 3291
 216.7 539 615.9 1249.5 1385.1 2627.6 2898.6 3862.9 3953.3 4156.8
 265.7 479.1 1006 1559 1602.8 2785 2845.2 2782.3 2856.4 2878.5
 367.8 391.6 428.9 1212.1 1256.2 1382.7 1443.1 2412.6 2479.5 3123.3
 550.7 717.6 889.8 1534.6 1628.1 1916.5 2325.7 2768.5 2841.9 3521.6
 162.5 605.4 645.6 1414.4 1603.5 1918.9 2485.3 2945.6 3012 3964.9
 395.9 420.8 438.7 1335.5 1512.6 2370 2430 2632.8 2705.5 2869.4
 40.1 720.4 739 1036.6 1653.6 1776.5 2237.3 2403.1 2702.9 2866.7
 167.1 274 291.2 1262.2 1590.4 2312.7 2372.7 3186.6 3998.2 4705.9
 258 337.7 594.2 1068.7 1860.2 1979.2 2039.1 2684.9 3477.3 3654.9
 139.7 186.8 326.2 1317 1403.4 2030.4 2090.1 2248.2 2323.2 4065.9
 294.3 639.7 658 1010 1048.5 1573 1632.7 1790.3 1780.4 1939.6
 401.4 643.7 722.2 1107.4 1145.1 1881.9 2088.7 3336.7 3408.7 2787.9
 118.5 419.9 437.9 1348.1 1513 1932 2199.8 2356.9 2428.9 2483.1
 156 172.3 602.9 1126.6 1206.3 1982.3 2041.5 2755.5 2827.1 2998.9
 223.9 314.9 724.2 999.2 1384.4 1704.6 1763.6 2878.3 2949.6 3120.7
 366.1 387 404.3 1166.9 1203.6 2033.5 2092.6 2648 2719 3821.1
 153.6 170.1 267.3 1094.2 1130.5 2721.1 2779.9 2933 3676.8 3846.2
 263.4 653 706.3 1392.1 1657.6 1768.9 1934.7 2087.7 2158.4 3147
 210.1 422.9 495.5 1343.6 1440.9 1871.5 2054.6 3096 3166.7 3335.4
 483.5 534.6 551.2 1203.7 1381.9 1551.6 1610.3 2071.8 3169.2 3624.8
 292.9 545.8 599.1 1028 1062.9 1272.8 1837.4 2387.8 2457.9 2551.7
 327.6 396 412.4 1493.3 1527.8 2173.5 2441.8 2518.6 2585.5 2744.2
 246.9 280.5 350.3 397.7 1557.3 1744.2 1802.1 2182.7 2250.4 3068.3
 162.7 410.7 664.8 1070 1103.3 2205.4 2263.3 2344.2 2411.1 2569.9
 100.6 421.4 504.1 1476.6 1509.8 2094.2 2151.7 2518.4 2588.1 2757.6
 133.7 323.3 600 926 1029.6 1302.4 1984.4 3799.9 3867.2 4036
 111.3 319.5 335.2 1231.8 1264.7 1776.6 1833.8 1987.4 3147.7 3316.8
 293.3 368.7 478.1 1316.3 1510.9 1901.8 2433.8 2587.2 2654.2 2824.1
 218 451.3 467.5 1115.8 1148.5 1641.5 2429.9 2736.9 2804.3 2973.9
 40.1 62 593.8 930.3 1329.9 1666.6 1813.8 2189 3418.4 3587.5
 281.3 299.9 504.8 966.5 1465.8 1775.5 1832.1 2922.5 3292.3 3460.9
 201.7 219.4 707.9 1016.1 1048.6 2023 2079.7 2230.1 2898.7 3066.1
 86.5 330.1 673.8 1192.1 1678.5 2037.8 2094.5 2244.9 2691.8 2859.1
 238.5 346.6 541.1 1043 1143.2 2011.7 2188.1 2776.5 2844.2 3572.6
 139.2 476.9 645.9 1260.3 1549 2023.4 2080.5 2231.1 2632.9 2800.3
 212.4 230.4 389.5 736 800 1721.7 1779 3464.8 3532.5 3699.8
 230.7 331.3 345.6 819.6 1603.3 1926.9 2601.5 2751.8 3132.7 3299.8
 183.6 399.9 840.5 1062.7 1254.2 1588.6 1645.8 2595.7 2663.4 2830.5
 217 325.9 390.8 889 1708.5 1861.3 2538.9 2689.3 2757.2 2924.4
 243.3 277.6 291.3 1049.9 1082.3 1536.2 1593.4 3339.7 3407.7 3574.8
 89.8 356.5 370.7 1137.1 1169.4 1744.9 1802.1 2928 2995.9 3162.8
 231.6 250.4 519.4 1190.3 1590.4 2409 2466.2 2616 2683.9 3071.4
 102.6 116.1 621.5 1077 1109.5 1690.3 1747.7 2331.8 2399.8 3289.6
 248 594.6 678.7 726.7 1483.3 1960 2017.5 2167.3 2235.3 2985
 125.6 382.9 397 1181.3 1634.4 2098.2 2155.7 2455.7 2850.1 3073.6
 477.7 527.8 595.9 1150 1214.6 1848.4 1905.5 2055.3 2123.4 3297.6
 332.9 577.9 592.4 640.6 1431 1959.9 2017.1 2167 2235.2 3055.3
 242.2 706.2 720.8 1171.1 1311.4 1881.1 1938.3 2988.6 3056.8 3221.8
 428.9 568.7 842.6 1114.2 1300 1832.4 2371.4 2926.5 2994.8 3631.3
 53.9 370.3 384.5 1329.1 1400.1 1908.6 1965.7 2648.9 2311.7 3199.8
 53.2 124.4 734.3 1332.1 1539.4 1770 2164.5 2314.4 2321 2966.8
 100.8 113.8 324.8 500.2 1708.9 1867 1924.3 2074.2 2899.6 3515.7
 188.3 384.8 434.3 886.1 1309.2 1827.9 1885.2 2035.3 2104.3 3434.9
 131.9 255.6 876.5 1078.3 1450.1 2011.9 2069.3 2675.3 2743.1 2907.8
 215.6 268.7 348.3 895.5 1915.6 2026.7 2084.3 2899.3 2967.2 3131.6
 445.7 605.8 829.5 960.6 992.6 1181.4 2372.6 3796 2678.4 2761.5
 253.7 330.6 344.6 1387.2 1419.3 1724.2 2026.8 2177.1 2177.5 2941
 244.8 618.4 633 912.4 944.6 1104 2224.3 2521.1 2589.8 3520.8
 210.4 509 840.7 1181.4 1766.3 2035.5 2092.7 2243 2311.7 3201.1
 238.9 258.7 336.8 912.4 944.9 1986.2 2043.5 2131.3 2198.3 3901.8
 98.09999999999999 271 338.1 451 1393.9 2024.3 2081.6 2965.9 3034 3198.7
 202.9 386.8 434.6 1149.2 1243.1 1880.8 1938.1 3037.9 3106 3270.6
 40.7 717.8 732.9 905.7 1561.3 1891.7 2294.8 2724.1 2792.3 3472.2
 276.8 297.1 365.2 1083.3 1784 2174.1 2231.6 2700.6 2768.8 3263.5
 370.4 500.3 696.2 850.4 1337.9 1805.1 2123.9 2690.1 2758.2 2922.9
 40.1 65.40000000000001 72.2 1206.9 1368.2 1796.3 1853.8 3119.5 3187.7 3352.4
 202.2 250.7 377.8 1109.5 1565.3 1808.2 2281.1 2429.5 2497.7 3428.5
 316.6 404.3 419.4 1154.4 1224.3 2185.3 2242.9 2593.3 2661.5 2744.6
 203.3 383.6 607.8 1335.8 1368.3 1795.7 1853.3 2002 2723.2 2888.3
 219.4 239.3 374.1 1462.4 1494.9 2042.1 2099.8 2731.4 2799.5 2964.5
 322.4 389.8 680 1134.2 1244.3 2074.6 2132.3 2777.3 2845.3 3489.9
 199.9 392.5 461.3 1017.9 1395.5 2088.1 2383.2 2734.4 3463.8 3628.8
 147.6 271.3 710.4 1144.3 1177.2 2171.6 2229.6 2806.5 2874.6 3973.6
 116.5 593.7 1037.4 1248.8 1315.7 1848.2 1906.2 2055.2 2123.2 2204.3
 75.40000000000001 540.5 611.9 1290.8 1467 2797.6 2855.6 2925 2991.5 3149.8
 159.1 382.2 665.9 1129.4 1223.3 1395.6 2851.2 2999.9 3068 3231
 122.8 139.7 653.4 1156.1 1314.3 1428.9 2448.8 3050.3 3118.5 3281.5
 40.3 626.9 642 1206.3 1239.5 1862.3 1920.2 2741.6 2808.1 2966.6
 186.8 668.1 683.8 1368.6 1615.8 2348.6 2406.5 2555.4 2623.7 2785.6
 356 425.8 518.2 1657.8 1729.2 1891.9 2652.6 2801.4 2869.6 3030.9
 233.9 287.8 302.6 969.2 1003.3 1118.6 1176.7 2860.9 2929.2 3090.5
# name: collectedA
# type: matrix
# rows: 100
# columns: 10
 10 10 24 30 38 38 38 48 48 49
 6 11 26 38 38 43 43 48 48 48
 9 9 13 43 43 43 43 43 43 45
 6 14 24 34 36 36 36 36 47 47
 5 31 31 36 36 45 45 48 49 49
 6 9 30 31 31 31 46 49 49 49
 16 16 30 35 45 47 47 47 47 49
 12 12 12 32 35 41 41 49 49 49
 4 6 6 37 42 47 48 49 49 49
 9 9 14 14 41 41 41 48 48 49
 7 8 8 33 41 41 41 47 47 47
 8 11 12 37 40 40 40 46 46 48
 8 9 9 25 40 47 47 47 47 47
 5 6 15 37 37 37 37 48 48 49
 5 9 9 38 46 47 47 47 47 49
 8 25 29 41 41 47 47 47 47 49
 14 15 16 36 39 46 46 46 46 48
 10 19 35 37 37 44 45 45 48 49
 2 2 2 31 37 46 48 48 48 48
 12 18 19 35 35 39 46 46 46 47
 3 3 5 27 40 40 40 44 44 44
 3 11 13 31 31 31 31 31 49 47
 11 12 16 38 39 42 42 43 44 44
 4 4 8 36 43 43 48 48 48 48
 9 10 13 23 23 45 47 47 47 39
 12 16 22 28 36 45 45 49 49 49
 10 12 20 31 36 46 46 46 46 46
 5 10 10 25 32 39 39 40 40 49
 5 5 10 27 31 38 38 41 41 48
 3 3 3 34 34 43 43 43 43 49
 2 4 7 44 45 45 45 46 46 49
 3 3 3 32 33 47 47 47 47 49
 8 9 10 33 40 40 48 49 49 49
 5 11 12 31 31 42 42 45 45 45
 10 13 13 30 30 45 47 49 49 49
 4 7 7 33 33 49 49 49 49 49
 10 16 17 21 33 39 39 48 49 49
 4 4 7 30 31 46 47 48 41 41
 6 9 9 24 33 46 46 46 46 49
 7 9 9 20 32 33 40 41 41 41
 4 4 10 15 15 46 46 46 47 49
 5 8 8 22 23 30 30 47 47 47
 5 5 12 36 37 40 42 42 47 48
 3 3 3 14 25 25 42 45 45 45
 14 14 14 22 25 39 40 44 44 44
 5 7 7 24 27 27 48 48 48 48
 4 4 4 32 32 39 43 43 45 47
 3 3 8 8 35 37 44 45 45 45
 2 2 3 5 33 33 39 39 39 47
 6 13 13 13 34 39 39 46 46 46
 7 10 15 15 33 44 44 46 46 48
 4 4 8 25 26 28 38 48 48 49
 5 5 9 13 26 34 34 43 46 47
 5 14 18 20 29 45 49 49 49 49
 5 10 10 10 27 36 39 48 48 48
 12 14 14 14 29 42 43 47 48 48
 4 8 26 27 27 31 31 49 49 49
 7 11 11 21 33 42 42 45 45 47
 10 10 10 15 39 42 46 46 46 46
 7 12 13 13 13 23 48 48 48 48
 6 11 12 24 37 41 48 49 49 49
 11 13 14 14 14 26 34 41 41 46
 15 20 26 31 42 42 45 46 46 46
 4 4 5 5 35 36 42 42 42 49
 4 9 17 18 18 32 44 44 44 48
 9 9 12 35 36 37 37 47 47 47
 5 5 7 21 21 43 43 45 47 47
 3 3 6 25 31 39 42 42 42 48
 2 5 5 6 18 39 39 39 39 48
 3 3 7 30 30 45 45 49 49 49
 4 4 4 5 14 47 47 44 44 48
 6 10 12 34 38 45 45 45 45 45
 5 6 6 31 38 44 44 49 49 49
 7 7 7 29 35 38 38 46 46 46
 5 8 8 20 38 38 48 48 48 48
 4 4 9 18 19 27 47 48 48 49
 5 8 8 24 37 41 43 43 43 49
 5 10 10 21 21 47 47 47 47 48
 5 5 5 37 37 45 46 47 48 49
 7 17 20 20 24 46 47 48 48 49
 5 5 8 27 28 43 43 49 49 49
 8 8 8 33 37 43 43 48 49 46
 13 13 16 30 30 48 48 46 46 46
 9 9 9 28 35 46 46 47 47 47
 13 17 22 23 35 35 35 39 39 39
 13 14 14 15 29 48 48 48 48 48
 9 12 17 25 25 43 45 47 47 47
 12 16 16 25 25 34 44 44 44 44
 3 3 6 20 23 40 40 48 48 48
 8 8 15 32 34 42 47 41 41 48
 4 4 11 24 35 44 44 49 49 49
 4 8 8 22 22 44 48 48 48 48
 12 12 24 26 34 42 42 48 48 49
 3 3 3 19 20 34 34 49 49 49
 11 11 19 26 31 40 43 45 45 49
 5 14 14 19 19 29 45 45 47 47
 4 4 11 32 33 35 41 42 42 42
 6 10 19 21 38 40 40 46 46 46
 5 7 7 34 34 46 46 46 46 48
 2 3 3 28 38 43 46 47 47 47
# name: collectedB
# type: matrix
# rows: 100
# columns: 10
 18 19 19 47 87 95 95 96 96 96
 49 52 52 73 74 85 94 94 94 94
 22 40 40 69 69 84 88 97 97 97
 2 29 29 68 69 90 90 95 95 99
 21 32 42 95 95 98 98 99 99 99
 2 2 50 66 88 90 90 90 90 97
 23 40 56 78 86 98 98 98 98 91
 31 48 80 82 83 84 95 95 97 98
 28 36 36 75 75 89 89 93 93 93
 5 47 62 71 71 91 91 91 91 95
 29 68 73 82 86 86 86 95 95 98
 20 44 62 81 82 96 96 96 96 96
 28 31 50 74 74 99 99 99 99 99
 47 65 65 85 85 85 85 85 99 99
 5 44 51 66 90 95 97 97 97 97
 2 58 58 65 75 94 94 96 96 96
 9 66 67 72 72 87 93 98 99 99
 16 61 61 62 89 98 98 98 87 99
 24 50 50 76 90 90 90 99 99 99
 16 37 40 70 72 94 96 99 99 99
 21 34 64 82 82 98 98 99 99 99
 33 33 34 74 74 74 74 95 95 99
 46 56 66 93 94 87 93 95 95 97
 12 44 45 82 85 87 92 93 93 98
 33 33 33 77 80 96 96 97 97 97
 2 54 54 65 85 85 89 89 95 95
 13 18 18 69 80 89 89 94 98 99
 21 25 39 61 92 92 92 95 99 99
 10 12 19 77 78 89 89 89 89 98
 24 46 46 63 63 73 73 73 73 73
 32 48 51 64 64 83 84 98 98 98
 8 29 29 79 82 93 96 96 96 96
 14 14 42 66 67 84 84 94 94 94
 19 24 50 59 73 78 78 97 97 97
 30 30 30 66 66 85 85 87 87 99
 11 11 16 61 61 95 95 95 98 98
 21 50 52 86 94 94 95 95 95 97
 17 31 34 81 83 89 90 96 96 96
 45 47 47 80 85 86 86 90 99 99
 24 41 43 64 64 66 76 83 83 83
 26 29 29 84 84 95 97 97 97 97
 19 20 23 23 85 86 86 94 94 97
 12 30 46 63 63 96 96 96 96 96
 7 29 33 85 85 97 97 98 98 98
 10 24 41 59 61 65 82 99 99 99
 8 23 23 75 75 84 84 84 96 96
 26 30 36 79 84 89 96 96 96 96
 18 34 34 67 67 79 94 95 95 95
 2 3 39 54 68 75 76 77 92 92
 22 22 35 62 83 89 89 98 99 99
 15 15 50 62 62 90 90 90 97 97
 6 23 46 68 87 92 92 92 94 94
 19 26 39 68 70 92 93 96 96 98
 10 35 45 77 88 97 97 97 99 99
 18 18 28 49 50 82 82 99 99 99
 19 25 25 48 83 88 97 97 98 98
 14 28 60 69 75 82 82 94 94 94
 18 25 28 55 84 85 98 98 98 98
 22 23 23 64 64 70 70 98 98 98
 6 25 25 69 69 88 88 99 99 99
 20 20 37 71 84 97 97 97 97 97
 7 7 44 70 70 84 84 90 90 98
 20 46 50 50 84 92 92 92 92 99
 10 29 29 71 87 96 96 97 99 99
 40 42 45 73 74 89 89 89 89 96
 28 45 45 45 86 94 94 94 94 97
 20 53 53 74 77 88 88 98 98 98
 36 45 62 72 78 87 96 98 98 99
 3 29 29 76 77 91 91 98 95 97
 3 7 48 78 84 86 91 91 91 94
 7 7 20 27 86 87 87 87 92 96
 15 29 31 55 73 86 86 86 86 99
 10 18 60 68 81 94 94 99 99 99
 16 18 22 49 93 93 93 98 98 98
 39 49 62 66 66 68 89 99 94 94
 21 25 25 83 83 87 91 91 91 99
 19 45 45 58 58 59 92 93 93 97
 16 38 60 75 92 95 95 95 95 97
 19 19 23 53 53 86 86 86 86 99
 7 20 23 26 78 93 93 99 99 99
 17 29 31 67 69 79 79 95 95 95
 2 54 54 59 82 87 93 95 95 97
 24 24 27 65 90 96 96 98 98 99
 33 40 51 55 76 88 91 94 94 94
 2 3 3 79 83 89 89 99 99 99
 15 17 24 68 85 88 95 95 95 97
 26 31 31 69 70 94 94 95 95 95
 17 29 43 84 84 89 89 89 96 96
 18 18 25 77 77 87 87 93 93 93
 26 29 47 69 71 91 91 95 95 97
 16 28 31 64 77 91 94 95 99 99
 11 18 50 73 73 91 91 96 96 99
 8 43 74 81 82 95 95 95 95 95
 5 39 42 72 77 98 98 98 98 98
 12 27 45 65 67 68 98 98 98 98
 9 9 44 69 73 73 90 97 97 97
 2 47 47 73 73 85 85 95 95 95
 15 47 47 78 85 98 98 98 98 98
 31 34 39 88 89 90 98 98 98 98
 19 21 21 54 54 54 54 95 95 95
# name: avgRateA
# type: matrix
# rows: 100
# columns: 10
 0.04568296025582458 0.0333555703802535 0.03489386449549288 0.02192822162122652 0.01651168853741201 0.005913660555884092 0.003307655481568525 0.0009143571212228002 0.0004680009243018255 9.738778145068839e-05
 0.06571741511500548 0.04869411243913236 0.0454624934429096 0.02849643794525684 0.02019557823129252 0.006691565515094927 0.003744176934128608 0.0009170823788352671 0.0004687184164348301 9.550990049659179e-05
 0.07177033492822966 0.04777070063694267 0.03815673613149399 0.02674961119751166 0.01994711694577168 0.006840815807057176 0.00379021595416483 0.000834928759218196 0.0004233529355587914 8.932284352325024e-05
 0.05708848715509039 0.04750593824228028 0.04135791831811132 0.0242909194827463 0.01750291715285881 0.005814422999273197 0.0031996871417017 0.0007002719389362869 0.0004576948733305093 9.346744121345397e-05
 0.05555555555555555 0.05264945652173914 0.04635167464114833 0.02780137462352305 0.01945735596151767 0.006868551193601562 0.003875368159975198 0.0009187024858558097 0.0004771247876064402 9.74428219441235e-05
 0.05535055350553506 0.03808717731696995 0.03956217855729922 0.02438640654499685 0.01699934196095635 0.005200731457714698 0.003709079180777294 0.000925819208292317 0.0004757517119779718 9.740915502925456e-05
 0.06858122588941278 0.051513200257566 0.04358564579398518 0.02667073077802332 0.01989565832522769 0.007117545506860103 0.004029147021003001 0.0009069472156720479 0.0004612989786644315 9.74406710599815e-05
 0.06507592190889371 0.04594180704441041 0.03557663800770827 0.0237037037037037 0.01688863153831307 0.006165877133619069 0.003500892300598568 0.000926137684542384 0.0004758584389124012 9.738598138735273e-05
 0.05277044854881267 0.03488372093023256 0.02534854245880862 0.02584159798854589 0.01933879731098628 0.006943418525631555 0.003996802557953637 0.0009341322388099536 0.0004779559870815325 9.749536399595693e-05
 0.06933744221879815 0.0460122699386503 0.03979533826037521 0.01695325744732381 0.01935331602548973 0.006556013943522338 0.003624021072356674 0.0009215846648311772 0.000469901810100931 9.746827159116157e-05
 0.07518796992481204 0.04618937644341801 0.03351487222454964 0.02623002940942691 0.01951173083329368 0.006572935537137086 0.003629153610565263 0.0008996041741633682 0.0004593885831185447 9.355643025288502e-05
 0.06191950464396286 0.04372019077901431 0.0346921075455334 0.02575346279668685 0.01863498718844631 0.00636567627353311 0.003526248512363909 0.0008827277053685197 0.0004502035703100532 9.541829192510777e-05
 0.07023705004389816 0.04531722054380665 0.03382187147688839 0.02130742350634961 0.01719025312647729 0.006665248528681841 0.00388064137919646 0.0008991997122560922 0.0004592826396048215 9.352312558265405e-05
 0.05787037037037036 0.03582089552238806 0.03731343283582089 0.02465680394508863 0.01803294668096305 0.00597680354085226 0.003288713490836044 0.0009227433158781055 0.000470199168531137 9.744317074509423e-05
 0.05291005291005291 0.04032258064516129 0.03081136597055803 0.02558750252508249 0.01946348481001946 0.007104527246617792 0.004025420099693383 0.0009088588600202656 0.0004617771345648045 9.747434037721376e-05
 0.05961251862891208 0.0522029651284193 0.04487080303264738 0.02687467226009439 0.01972766203146803 0.00708738596094398 0.004020977525302214 0.0009065378739950931 0.0004611871742865582 9.746478189669251e-05
 0.07284079084287201 0.05366726296958855 0.0429991937651169 0.02801556420233463 0.01986451382875771 0.006849519044640996 0.003906548564343403 0.0008857788210283893 0.0004509092192310821 9.54533766930297e-05
 0.06684491978609626 0.05276312135517911 0.04952596575633225 0.0298917434157376 0.02075619881072591 0.006892878403358712 0.003878808774727406 0.0008693804215529066 0.0004682780635141147 9.736887442972143e-05
 0.03992015968063872 0.02123142250530785 0.01331557922769641 0.02369487120690973 0.01799435852543527 0.00690794413575612 0.003988201570354368 0.0009194609660086774 0.0004692242647597914 9.552151363390504e-05
 0.06507592190889371 0.05325443786982249 0.04446524689913409 0.02749842866121936 0.01925722145804677 0.006359663427043246 0.003880841298900709 0.0008841359109098527 0.0004504486860607675 9.347904130281939e-05
 0.04545454545454546 0.02599653379549393 0.02309468822170901 0.02260927817785965 0.01833348611238427 0.006389674286353252 0.003533943527582429 0.0008490291159098408 0.0004318327472512373 8.764058595699039e-05
 0.04531722054380664 0.04519309778142974 0.03679592414378715 0.02552911142221856 0.01761663919986361 0.005265482216258451 0.00283169673441425 0.0006070337589096891 0.0004769478452664386 9.352424218003019e-05
 0.06618531889290012 0.04918032786885246 0.04144004144004144 0.02647714604236343 0.01914392303161202 0.006587098696695472 0.003672516460743422 0.0008300148823598674 0.0004300970162019501 8.758840456924819e-05
 0.04981320049813201 0.03023431594860166 0.02956393200295639 0.02592725963269716 0.01923679148212768 0.006760049678504614 0.004057583877866725 0.0009230431964985894 0.0004701733764325595 9.556291434238081e-05
 0.06955177743431221 0.04892367906066536 0.03990178023327194 0.02178030303030303 0.01438129181516914 0.006903640519767423 0.003977724741447892 0.0009040999973069361 0.0004604660504259311 7.77081592371689e-05
 0.06952491309385864 0.05396290050590219 0.04564315352697095 0.02541757443718228 0.01812415043044857 0.006809412120753575 0.003856503779373704 0.000937182027526375 0.0004787433085852353 9.751047789885218e-05
 0.06756756756756757 0.04991680532445923 0.04394638540980004 0.02602636218621443 0.01853568118628359 0.00697350069735007 0.00394636376894898 0.0008876162101875186 0.0004513884118781879 9.161620140905718e-05
 0.05917159763313609 0.04681647940074907 0.03591954022988506 0.02321909538404384 0.01720892713094918 0.006074293279339615 0.003397034998170827 0.0007697607198802253 0.0003919750939025334 9.74668369087418e-05
 0.05537098560354375 0.03479471120389701 0.03428179636612959 0.02414378968076545 0.01723754448398577 0.006092575074954706 0.003363665333002868 0.0007915439934359766 0.0004024322613257689 9.535208259874154e-05
 0.04754358161648178 0.02666666666666667 0.01758499413833529 0.02735757965883489 0.01903695408734602 0.006581565494229651 0.003708942865028981 0.0008307525265502711 0.000422219341966246 9.734357334748854e-05
 0.03992015968063872 0.02994011976047904 0.02783300198807157 0.02864023953654885 0.02112874448305005 0.007197466491794888 0.003977970881253149 0.0008883104142809417 0.0004519254480202227 9.749798288611937e-05
 0.04807692307692308 0.02683363148479428 0.01767825574543312 0.02566570420275906 0.01796700604344749 0.00705546798769046 0.00400969150969151 0.0009058197958243635 0.0004609379597120609 9.743762898057571e-05
 0.064882400648824 0.04545454545454546 0.0350754121360926 0.02499431947284708 0.01872220922068804 0.006390797251957182 0.004011533157828757 0.0009351644744375655 0.0004781584070494211 9.748137956444126e-05
 0.05688282138794084 0.04704875962360992 0.03735990037359901 0.02640770082630547 0.01806632088117023 0.006535642593716446 0.003656466286510251 0.000862963339399646 0.0004402075823310459 8.956894051686852e-05
 0.06353240152477764 0.04872563718140929 0.03899220155968806 0.02444788525792519 0.01696448767247229 0.006950880444856348 0.00399765244239553 0.0009386811338501826 0.0004790826642471362 9.752039469887095e-05
 0.05256241787122208 0.03932584269662921 0.02900953170327393 0.0251773861295491 0.0178349456844836 0.007272727272727273 0.004153457541492193 0.00094306577210142 0.0004802301968747795 9.756847415251823e-05
 0.0625 0.05111821086261981 0.0425 0.02177068214804064 0.01760751253868317 0.006259630200308167 0.003454323218366371 0.0009154784519259378 0.000476385845312655 9.740898075019625e-05
 0.05154639175257732 0.03137254901960784 0.02867677181482999 0.02668089647812166 0.01817009553953461 0.006944863820279002 0.003983017093075482 0.0009200901688365459 0.0004021689658960717 8.165507264214506e-05
 0.06072874493927126 0.04587155963302753 0.0345489443378119 0.02229447282861124 0.01725941422594142 0.006828167676047975 0.003899560875536189 0.0008854139598984469 0.0004508694429115972 9.7476240663666e-05
 0.06222222222222222 0.0457084814626714 0.03445635528330781 0.02161227577263886 0.01810261922271879 0.005562391491226591 0.00345820329048043 0.000790407156076496 0.0004021823789185806 8.165471487268935e-05
 0.0535475234270415 0.03225806451612903 0.03536067892503536 0.01764290755116443 0.010820949357957 0.007159644508085729 0.004005572971090212 0.0008907961393669926 0.0004605346317143745 9.741817966377607e-05
 0.05482456140350877 0.04203888596952181 0.03153330705557746 0.02221324717285945 0.01463104325699746 0.004973969559306297 0.00270499341784935 0.0009032885468777928 0.0004603167762938819 9.357418133043771e-05
 0.05549389567147614 0.03536067892503536 0.03629764065335753 0.02964915170482622 0.02061740777889223 0.006623942239223675 0.003724725079815537 0.000816643982111608 0.0004586753066781173 9.542529163857751e-05
 0.05 0.02795899347623486 0.01830384380719951 0.01698822958378838 0.01566416040100251 0.004380201489268506 0.003622469661816583 0.0008635296871911683 0.0004403885205392313 8.957933544077015e-05
 0.07458710708577518 0.05716619028174765 0.04527813712807244 0.02368392722575089 0.01609165808444902 0.006242297165356851 0.003508187231952569 0.0008446578271945266 0.0004306885143203931 8.763681550916691e-05
 0.05820721769499418 0.04164187983343248 0.03050108932461874 0.02294455066921606 0.01601898546425393 0.004657661853749418 0.004133405667932522 0.0009272441723669646 0.0004713451601689773 9.562032991802748e-05
 0.05390835579514824 0.03249390739236394 0.02208724461623413 0.02816901408450704 0.01917315757938886 0.006403099757010573 0.003715994330948183 0.0008313242996092776 0.0004397593246078568 9.343813778984213e-05
 0.04731861198738171 0.02702702702702703 0.03168316831683168 0.01157407407407407 0.01825293350717079 0.006046838484041249 0.003809820678667602 0.0008681208655743777 0.0004415842866647433 8.962804361898123e-05
 0.03992015968063872 0.02219755826859046 0.01731102135025966 0.007724393635099645 0.01808516468460569 0.005560329575898499 0.003407810001485456 0.000755869618305224 0.0003836185061501915 9.354819961513873e-05
 0.06198347107438017 0.05227181342983515 0.04156010230179028 0.01720714758438121 0.0187296865531868 0.006348482875374398 0.003482018499339309 0.0008846596175962644 0.0004506945104428857 9.159226786039268e-05
 0.06451612903225806 0.0481000481000481 0.04219409282700422 0.01877346683354193 0.01791433689810542 0.006811989100817439 0.003820837458101044 0.0008849012757967959 0.000450758106541578 9.548681565792803e-05
 0.05486968449931413 0.03292181069958848 0.03258655804480651 0.02507774099709098 0.01659962970056822 0.004833836858006042 0.003371783496007098 0.0009213741527676736 0.0004698364968990791 9.746873690263849e-05
 0.05868544600938967 0.03690036900369004 0.03397508493771235 0.01625812906453226 0.01534647621296187 0.005588520521376091 0.003051872862566984 0.0008270455432823706 0.000450909661229611 9.35064914394807e-05
 0.05945303210463734 0.05307050796057619 0.0459652706843718 0.02277904328018223 0.0177207454934311 0.00700618100857868 0.004136626876255762 0.0009423819955034915 0.0004800768122899664 9.756561835396449e-05
 0.05787037037037036 0.04705882352941176 0.03645643456069996 0.01400756408460569 0.01633986928104575 0.005893523672320084 0.003418443819190617 0.0009157579041354101 0.000468368992801754 9.549376843477358e-05
 0.07021650087770626 0.05415860735009671 0.04361370716510903 0.01832460732984293 0.01702277529936605 0.006561167262899723 0.003716797330820894 0.0008992323999173471 0.0004677933990453116 9.546985589024148e-05
 0.05524861878453038 0.04410143329658214 0.04940148204446134 0.02713295146216461 0.0176794133053955 0.005300595034539362 0.002842576291079812 0.0009420287068829616 0.000480000156734745 9.756169433204386e-05
 0.06129597197898424 0.04816112084063047 0.03791795932437091 0.02205419029615627 0.01849464776102673 0.006763611768684477 0.003727667279069148 0.0008687963116700582 0.000441766792292053 9.350939361545714e-05
 0.06968641114982578 0.05027652086475616 0.03847633705271258 0.01876172607879925 0.02056311293894337 0.006791940230925967 0.003981959989958535 0.0008897158518352324 0.0004519996069568635 9.16449308797993e-05
 0.06357856494096277 0.05188067444876783 0.04174694926140013 0.01723452207344558 0.01012303379535898 0.003977105704552921 0.004089909851570355 0.0009251032550143488 0.0004708000953370193 9.559445010487508e-05
 0.05988023952095808 0.04878048780487805 0.03929273084479372 0.02425467407781708 0.01997085334916608 0.006594608505436531 0.004105336081627766 0.0009427155980953297 0.0004801774892793025 9.756829930290437e-05
 0.07246376811594202 0.05471380471380471 0.04383218534752661 0.01834862385321101 0.01082837033026529 0.004570705294986288 0.00299641311723907 0.0007865571625621812 0.0004011973293957283 9.144860151232131e-05
 0.07048872180451128 0.05824111822947001 0.05127193847367383 0.02903437295120352 0.02200681163217186 0.006979526721616591 0.003990281447851456 0.0008904926360130709 0.0004521995576308676 9.165323913505643e-05
 0.05405405405405406 0.03238866396761134 0.02501250625312656 0.007911392405063292 0.01973053723434241 0.006052759890377794 0.003668090235019782 0.0008139550658043911 0.0004131085236091522 9.74475697272164e-05
 0.05398110661268556 0.04531722054380665 0.04389362251484637 0.0209351011863224 0.01294126105399382 0.005372552970014439 0.003748892372708064 0.0008479982423309158 0.0004315591348808652 9.549407240440148e-05
 0.07109004739336493 0.04972375690607735 0.04048582995951417 0.02776675922253074 0.01965065502183406 0.006174178583943798 0.00334841628959276 0.0009038965634621931 0.0004604854496395477 9.358249107432102e-05
 0.05903187721369539 0.03690036900369004 0.0303951367781155 0.02090176171991639 0.01366475793857366 0.006695837680437254 0.003745905638023555 0.000865011994832995 0.0004581883622105737 9.348724117957824e-05
 0.04823151125401929 0.02722323049001815 0.02738475581926061 0.02289167658639319 0.01733586847108825 0.00629956872183366 0.003662780050057994 0.0008136838373329769 0.0004130410838198039 9.539726102538939e-05
 0.03992015968063872 0.03460207612456748 0.02463054187192118 0.009041591320072333 0.01166029668977133 0.006054302435692441 0.003391569775025872 0.0007550895942845526 0.0003834152268933339 9.5377433341606e-05
 0.04830917874396135 0.02724795640326975 0.02976190476190476 0.02687931188961563 0.01819946614899296 0.006936630030983614 0.003897960067564641 0.0009360845303434666 0.0004784483432017373 9.742435843574655e-05
 0.05277044854881267 0.03184713375796178 0.02186987424822307 0.007846829880728184 0.01009809578765147 0.007037192309995807 0.004004771642808453 0.0008479067302596715 0.000431536278960743 9.549310350795906e-05
 0.06362672322375398 0.04916420845624386 0.03977461054027179 0.02806901675885412 0.02020846628376941 0.007097232079488999 0.003948130340942989 0.0008729846180110306 0.0004428462614918605 8.96807365777831e-05
 0.06031363088057901 0.03986710963455149 0.02863961813842482 0.02767115951084531 0.02035241818863478 0.006979695431472081 0.003872796246908365 0.0009414296281352968 0.0004798431598357565 9.755487660900841e-05
 0.06499535747446611 0.04347826086956522 0.03168854685377999 0.02587668421522263 0.01920017554446212 0.006206209475901942 0.003398835451642622 0.0008864581948242404 0.000451157316594743 9.16106729620459e-05
 0.05882352941176471 0.04354926510615133 0.03269309358398038 0.02156566745740781 0.01976181808726403 0.006296290159561247 0.004132266978882394 0.0009272602935551545 0.000471357657352443 9.561783463851678e-05
 0.05242463958060289 0.03164556962025316 0.03321033210332103 0.02002893067764549 0.01296751296751297 0.004599267524060983 0.003979408676804281 0.0009207131690755464 0.0004696595066422574 9.744962401349656e-05
 0.05973715651135006 0.04390779363336993 0.03289473684210526 0.02365697387875801 0.01892873586739653 0.006544293695131684 0.003740236243759024 0.0008326056102127791 0.0004227569059306895 9.726379091381516e-05
 0.05952380952380952 0.04730368968779565 0.03654970760233918 0.02224811950418477 0.01422957040249356 0.007245706533468997 0.004071343803328107 0.000909217531261607 0.000461866530399662 9.560368448633037e-05
 0.06711409395973154 0.0400962309542903 0.0274273176083379 0.0275523121602502 0.01972807251399627 0.007085944635152584 0.003993194208132227 0.0009072080575517349 0.0004697238513050005 9.745448875375199e-05
 0.07430997876857749 0.05835907998626845 0.04920049200492005 0.02335084646818447 0.01602992252204114 0.007174272435197604 0.004057635693380874 0.000924591831231171 0.0004706676027722322 9.748797366471817e-05
 0.05793742757821553 0.03615328994938539 0.03193612774451098 0.02458792459703124 0.01679160419790105 0.006797881590388111 0.003777430293234007 0.0009440159981813243 0.0004805146409869182 9.75825418858125e-05
 0.06493506493506493 0.0446927374301676 0.03337505214851898 0.02886381527158226 0.02045328911000553 0.00688418558483558 0.003803929547686238 0.0009232189567625788 0.0004785637617846327 9.160948707848185e-05
 0.07262569832402235 0.0546218487394958 0.0450070323488045 0.02734731084776664 0.01840490797546012 0.007405693126591067 0.004159625633692968 0.0008859937864870539 0.0004510330126750081 9.160567421477508e-05
 0.06637168141592921 0.04685059864653826 0.03553099091985788 0.02680965147453083 0.01922126421000604 0.007054565530779376 0.003972846458121016 0.0009060066311974709 0.0004610369800704504 9.360530387567782e-05
 0.07336343115124154 0.05661005661005661 0.04823503617627713 0.02446548239548984 0.01933701657458563 0.005907970696465346 0.003186975287283058 0.0007551977940478795 0.0003834427456073684 7.770868567912609e-05
 0.07471264367816093 0.05584363781412047 0.04460019114367633 0.01900899759219364 0.01699086008905554 0.007313394176709886 0.004130311322215912 0.0009271761113074922 0.0004713359034232734 9.561703465280858e-05
 0.06583760058522312 0.04928131416837783 0.0430379746835443 0.02416626389560174 0.01594896331738437 0.006738227689414715 0.003869370066553165 0.0009017115252162669 0.0004599221850805158 9.355948452307157e-05
 0.07005253940455342 0.05360134003350084 0.04413793103448276 0.02486572508454346 0.01625065002600104 0.005621228403736463 0.003693971270977979 0.0008451786400307337 0.0004308310535190085 8.759857078950004e-05
 0.0488599348534202 0.0271985494106981 0.02694207453973956 0.02037282265457879 0.01433915211970075 0.006361120829490157 0.003525471531817381 0.0009155308362229776 0.0004683073032523942 9.549222961822804e-05
 0.06700167504187604 0.04558404558404559 0.04047490555855369 0.02658248878551255 0.0188626907073509 0.00668470475887315 0.004014177734124781 0.0007923026828141818 0.0004026919465539391 9.534713906936425e-05
 0.05148005148005148 0.03093580819798917 0.03486529318541997 0.02307470435535045 0.01860217911241031 0.006833040858478406 0.003827018752391886 0.000937182027526375 0.0004787433085852353 9.751047789885218e-05
 0.05617977528089887 0.04289544235924933 0.03231017770597738 0.02249948864798527 0.0145608577668939 0.006968310026447904 0.004103721562491985 0.0009258276996074877 0.0004709862648630509 9.560311323571326e-05
 0.06622516556291391 0.04983388704318937 0.0482994566311129 0.02606777621816724 0.01923729772547244 0.006784589290041192 0.003733831177490332 0.0009176153471166805 0.0004688516455715985 9.753312842087496e-05
 0.04807692307692308 0.02695417789757413 0.01786777843954735 0.02052057457608813 0.01329610424145725 0.005573770491803279 0.003047113755926188 0.0009418983288032509 0.0004799606628158802 9.756561835396449e-05
 0.06715506715506715 0.0493494840735756 0.04485363550519358 0.02368804664723032 0.01750423489553924 0.006409845522722903 0.003707120257256904 0.0008653396842856237 0.0004408739100617224 9.743315340014861e-05
 0.05820721769499418 0.05065123010130246 0.04112808460634548 0.02009731330653692 0.01284478096268253 0.004804187926578756 0.003700627461945214 0.0008602923464569337 0.0004571241831336738 9.34434693850366e-05
 0.05319148936170213 0.03164556962025316 0.03633961017509085 0.02487948997045561 0.0177753837866954 0.005738833868957827 0.003480061792316703 0.0008057028414453542 0.0004109721742482879 8.36057320886165e-05
 0.05785920925747348 0.04568296025582458 0.04292815183009489 0.02229536044166048 0.01978342357351104 0.00647615963733506 0.00356039769642269 0.0008858112297755816 0.0004509887929284957 9.160463439793849e-05
 0.05482456140350877 0.0392156862745098 0.02919099249374479 0.0260316974197994 0.01847524860077161 0.007060520943653972 0.003974631482537543 0.0008893821307662413 0.0004519125726007372 9.551440476616879e-05
 0.03992015968063872 0.02581755593803787 0.01730103806228373 0.02354524049781366 0.01799838961777104 0.006546794354531752 0.00383918809517848 0.0008979696333418035 0.000458945830721248 9.351958986685397e-05
# name: avgRateB
# type: matrix
# rows: 100
# columns: 10
 0.06538321830730112 0.0535966149506347 0.04494913650343033 0.03726609578179511 0.0353428664283393 0.01391207568169171 0.007993874168005991 0.001841514645796167 0.0009393511823104517 0.0001910990824855302
 0.07749486003479361 0.07047025342187288 0.06436440153484342 0.04395736737520323 0.03280723532541231 0.01250643713676157 0.007546745666642581 0.001786732560349743 0.0009154797893227788 0.0001869387859002017
 0.08821170809943865 0.08072653884964683 0.07111111111111111 0.04562888506811268 0.03360607831677382 0.01276964473024125 0.007381311860426103 0.001831283994389097 0.0009414167059732405 0.0001927678663518522
 0.03929273084479371 0.06785212915301825 0.05825632784250703 0.0412696486010803 0.03098060344827586 0.0124343741365018 0.007319215380111252 0.001797438177586892 0.0009230748302756884 0.0001964148925342699
 0.0830367734282325 0.06675010429703797 0.0594732370433305 0.0408426483233018 0.03307453956759391 0.01348265140467215 0.007948609804366869 0.001875344523520419 0.0009624835575725582 0.0001968666387606549
 0.03992015968063872 0.01855287569573284 0.05908768612621129 0.03966584530320331 0.03001466625737576 0.01245726466150844 0.007325530286997999 0.001716152234144184 0.00087794942230928 0.0001925059994395495
 0.07955724662746454 0.06469351447517387 0.05676059193188729 0.03953370501773949 0.03029982736144875 0.01329083881467417 0.007880917724827304 0.001863376476202971 0.0009545934941531148 0.0001810823110639899
 0.081557484872402 0.071396697902722 0.06179514908079716 0.04476960034942128 0.03411566443339225 0.01251937522356027 0.007574972291548724 0.001802707856959875 0.000939606547023433 0.0001944020925599939
 0.08340780458742926 0.06462035541195477 0.05728835136855506 0.03779289493575208 0.02959280303030303 0.01213757739410305 0.007183038344511432 0.001754313158103229 0.0009022311302724738 0.0001848640106545279
 0.05202913631633715 0.06392818280739934 0.05634314794620138 0.03940722650829772 0.03018065887353879 0.012531328320802 0.007386543503494403 0.001734126076682674 0.0008874438399207348 0.0001886841169682633
 0.07837837837837838 0.06481746258697932 0.05939788445890969 0.04127655290445988 0.03191331453169066 0.01258487473659564 0.007231995694439773 0.001793329192945232 0.0009219738392349364 0.0001944425926102291
 0.07280669821623589 0.06078187594971681 0.05594658003970402 0.03750173619149035 0.02955594002306805 0.01241898552412 0.007506979144673563 0.001813216078693578 0.0009319447356771744 0.0001907750335098334
 0.07343299239444007 0.05985711527321877 0.05451373746184038 0.03960819996788524 0.03058988880162044 0.0127313177556873 0.007713404182379157 0.001868234725765788 0.0009606315715932511 0.0001967206078547558
 0.0776731118823335 0.06777186946095297 0.06302724716377388 0.03968995143817707 0.03157034615956024 0.01244418417392577 0.007149345624600477 0.001633173794669705 0.0009521931701780794 0.0001963751527114351
 0.05154639175257732 0.06888993267574761 0.06095374686267479 0.0391180654338549 0.03045479155387115 0.01262005659099061 0.007548461903613145 0.001829964249667494 0.0009425968251006733 0.0001928177572034826
 0.03992015968063872 0.07518796992481203 0.06870409855484481 0.04196255648805681 0.03118373456405139 0.01235638983095407 0.007420798762147611 0.001803745025609422 0.0009292825648198789 0.0001906651911299375
 0.06456241032998565 0.06534006534006534 0.06066093254866455 0.0415824429685244 0.03154988826081241 0.01203352789842043 0.007175759820374529 0.001817655743421199 0.000948019787758479 0.0001966049307325083
 0.07480130902290789 0.06645604096306787 0.06170341897633017 0.04119327619427281 0.03185397279885469 0.01282017738939327 0.007714227239093815 0.001854002943702633 0.0008462302388217363 0.0001964656036356059
 0.07337205747477835 0.06844626967830253 0.06243756243756244 0.04249133400424913 0.032550906000217 0.01305255830142708 0.00752804195628717 0.001860482597910246 0.0009599283253517071 0.0001967052858088064
 0.070577856197618 0.06281833616298811 0.05587372538063975 0.04001143183766791 0.03018741352563834 0.01232366668414705 0.007442668196548463 0.001837999810630323 0.0009523507190247929 0.0001963674793238929
 0.07616974972796518 0.06426006426006425 0.05786618444846293 0.0398251578436134 0.03150453357922237 0.01258831085420681 0.007629309002584623 0.001875628761914505 0.0009625069514390938 0.0001968666387606549
 0.08734780307040763 0.07472826086956522 0.0642843637738703 0.04322177442906373 0.03279851077032178 0.01159383959766243 0.00646677910706015 0.001812541259162873 0.0009270146712269283 0.0001967708512008885
 0.08204030675940788 0.07295466388744137 0.06668013740149525 0.04570923031554114 0.03576728434991058 0.01257861635220126 0.007545210414012997 0.001800316476685902 0.000923748005433583 0.0001926431755857147
 0.06956521739130435 0.06713457430576747 0.06035407725321888 0.04283326368575011 0.03264835797964279 0.01257425313272341 0.007368665550687609 0.001756519899670605 0.0009028074399099134 0.0001944579870542571
 0.08130081300813008 0.07009345794392523 0.06125858548357156 0.04195042222827568 0.03183952877497413 0.01302578018995929 0.007723250201126308 0.001842957243391953 0.0009444479604305514 0.0001928930255052306
 0.03992015968063872 0.07009345794392524 0.06436233611442194 0.04230118443316413 0.03203195658727766 0.01254334833616173 0.007272846134359704 0.001698372806188947 0.0009249982230297295 0.0001889168640516463
 0.07340485601355166 0.05555555555555555 0.0460122699386503 0.03915560095335376 0.03088326127239036 0.01217060729962941 0.007193256120329434 0.001767362455956952 0.000942324001761569 0.0001961538392953203
 0.07835820895522388 0.06448284756254836 0.05617977528089887 0.03888570153630395 0.03216558282637578 0.01318202659330582 0.007641767241737339 0.001803173205225786 0.0009567315730116653 0.0001965631625940698
 0.06680026720106881 0.05067567567567567 0.04458000938526514 0.04237754540451293 0.03245402346675543 0.01265930814747383 0.007361394860257566 0.001703407964293507 0.0008697929697272955 0.0001944190233856327
 0.07886953664147223 0.06669566478178918 0.06068601583113457 0.04172185430463576 0.03075421039785209 0.01110603986003347 0.006275413274648189 0.001409530356070538 0.0007172304294343508 0.0001454358253463166
 0.07778317938745746 0.06919417615684013 0.06202870347847238 0.03981585168595247 0.02983543890727705 0.01206062279312399 0.006948637984233209 0.001837384015134045 0.0009476958901910575 0.0001949132029629193
 0.0622568093385214 0.06171525856565227 0.05391336679680239 0.04274660462096207 0.03263032232391564 0.01341604154645124 0.007868981458712438 0.001833569214372891 0.0009372354872501804 0.0001910512015229965
 0.08433734939759036 0.06297795771479982 0.0597524541186513 0.04057543341940244 0.03036758373747904 0.0120304197757186 0.006975875098617282 0.001781804740737932 0.0009141558985909356 0.0001868791363162027
 0.08123129542539546 0.06577144423129624 0.06066488716330987 0.03935432230522946 0.03061566851199463 0.01163380365719058 0.006630623278588187 0.001834400878999514 0.0009422086147007855 0.0001927966788088822
 0.07976601967561818 0.06864988558352403 0.0594883997620464 0.03959445677605135 0.02995098929025232 0.01208502168195066 0.007029092172072176 0.001652484424859444 0.000846970862255279 0.0001964983205348089
 0.06723716381418093 0.04997728305315766 0.04356112169888374 0.03826370593401079 0.02863177657826801 0.01230394632889096 0.007433547993333281 0.001794721629229403 0.0009452452236180128 0.0001945037989767512
 0.07681053401609364 0.07112375533428165 0.06449212451940965 0.0454521431213995 0.03537025888019266 0.01388704220774424 0.007959982236671218 0.001823847088660087 0.0009299284248774453 0.0001927866011324722
 0.07723761926397092 0.06555297102981603 0.05709487825356843 0.04393577782599262 0.03400385103855135 0.01295204831550608 0.007466029565477079 0.00180804580382703 0.0009305328172753418 0.0001907276937008603
 0.0911854103343465 0.08039685254875129 0.07217444717444717 0.04695662381874743 0.03568579705277299 0.01312656450332743 0.007407216006477008 0.001728382733072411 0.0009595887144612927 0.0001965749105286316
 0.07923407065037967 0.06881503860355824 0.06150765269632384 0.0418848167539267 0.03102428619904019 0.01052161714067083 0.006420328788416375 0.001584338338315409 0.000810088826727856 0.0001651571370666938
 0.07701421800947866 0.06502242152466367 0.05659640905542545 0.0421411729293132 0.03323047709470685 0.01324318672893288 0.007796299570801653 0.001846964694413027 0.0009455527340608566 0.0001929410622738164
 0.07395873880887506 0.06051437216338881 0.05107705973795248 0.02562103152500835 0.03323818089391155 0.01275169775510809 0.007286838782928462 0.001801363287066403 0.0009193118070931752 0.000192816760666494
 0.06948465547191662 0.06511829824180596 0.06014644351464436 0.04012738853503185 0.02995293110825845 0.01332334082771255 0.007828235466799312 0.001834014083699818 0.0009373983874794822 0.0001910182046318333
 0.06329113924050633 0.0615188799321171 0.05462671743088893 0.04300313669938278 0.03386724041756315 0.01367314143948578 0.007982422212529934 0.001866012673653424 0.0009552764891834432 0.0001949249499162221
 0.06958942240779402 0.06429145459416019 0.05857142857142857 0.04137447405329593 0.03005518328734726 0.01031353135313531 0.006842228230032376 0.001840152119241857 0.0009531401635935118 0.0001964145418184415
 0.06595218466611706 0.06224627875507442 0.05284926470588235 0.04330754128652269 0.03311696913498477 0.01239559661187026 0.007098311615879938 0.001615776130370051 0.000930704223167361 0.0001907347420153669
 0.08572370590174744 0.07165034631000716 0.06227296315516347 0.04349501734294996 0.03345413994981879 0.01289518676287345 0.007720889832553202 0.001825539294733319 0.0009351784924533044 0.0001909216364132109
 0.07894736842105263 0.06782365848793137 0.05991189427312775 0.04146552791187028 0.0311845473586223 0.01189490325980577 0.007562409995253381 0.001801395228009231 0.0009240858602218 0.0001888765997599478
 0.03992015968063872 0.02678571428571428 0.05621216488901701 0.03775431727609593 0.0291858019657496 0.01125011250112501 0.006433154446494778 0.001475406694897392 0.0008895902469966661 0.0001826892049544518
 0.0755235152763474 0.06287510717347813 0.05787037037037038 0.04227753153767474 0.03366047530213318 0.01313556195114752 0.007521910734358228 0.001851764372431386 0.0009584451115910867 0.0001966389048285577
 0.07085498346717053 0.0556792873051225 0.06188884762965714 0.04089440010553394 0.03026457092648638 0.01281503630926954 0.00745051615520253 0.001723144317165772 0.0009426746887958741 0.0001928176038894293
 0.06217616580310881 0.06051039200210471 0.05944688550012923 0.04018675019206903 0.03248086615643084 0.01307226690158857 0.007606763404853446 0.001760937431213382 0.0009153603306203611 0.0001869310906375166
 0.07645875251509054 0.06555723651033787 0.06083294337856809 0.0440699935191186 0.03266144083613289 0.01312092645150249 0.007630393580623723 0.001818991407160384 0.0009334507925580636 0.000194609476369445
 0.06702412868632708 0.06642626684380339 0.06032980292264379 0.04374254388456513 0.0345233424872499 0.01381097474157815 0.008029468978932992 0.00185713109622428 0.0009646029684438421 0.0001968972572212069
 0.08093525179856115 0.06419400855920114 0.05720122574055159 0.03964401294498382 0.02777777777777778 0.01219929482125058 0.006961541726801935 0.001851685595008304 0.0009562214763480067 0.0001965456408757756
 0.07893643539675946 0.06556517178075007 0.05610412926391382 0.03637465898757199 0.03188261053278531 0.01270409562719254 0.007697496329802008 0.001838799813466081 0.0009502320796410838 0.000194714959155557
 0.07231404958677687 0.06223605245610136 0.06379585326953748 0.04415434824342484 0.03327122704285335 0.01244573961084297 0.007041165055213038 0.001787218346746977 0.0009156135487427847 0.0001869417229066256
 0.07929515418502203 0.06650704974727321 0.05704971475142624 0.03959683225341973 0.03101347609377884 0.01238832291256759 0.007815677611273716 0.001859960181668764 0.0009537044606120058 0.0001948603010710954
 0.08685353335965258 0.07020757020757021 0.05877843087145412 0.04129298664429963 0.03073524468136195 0.01070958660995686 0.006037918125830214 0.001837280674619467 0.0009477050548460125 0.000194608626166361
 0.06012024048096193 0.06150061500615006 0.05311238580837051 0.04214770020157596 0.03180602931686181 0.01304689469080342 0.00745630014997331 0.00187046553808948 0.0009612033100346713 0.0001967554040163542
 0.08278145695364239 0.06657789613848203 0.05973522763965128 0.0420043779210791 0.03242742433600988 0.01309218518018626 0.007781039931976063 0.001843545689524099 0.000944646629121021 0.0001928155725012394
 0.06216696269982238 0.04214328717639976 0.06098406098406099 0.04438807863031072 0.03318321877222091 0.01255549078516658 0.007150335810413953 0.001719795611845952 0.0008789079666171222 0.0001947189053777388
 0.07751937984496124 0.07136208501396214 0.06420958006934634 0.04075976196299014 0.03382595739540128 0.0132183908045977 0.007655502392344498 0.001763556864165866 0.0008998848734243455 0.0001968249550185393
 0.07374631268436578 0.06699006699006699 0.05835010060362173 0.04222922738357224 0.03302459763133921 0.01352455552111803 0.007897529554036378 0.001849179402810371 0.0009625659090268263 0.0001967902907248562
 0.08201763379126513 0.07268951194184839 0.06466446328495473 0.04424242424242424 0.03341461211957013 0.01299573623036038 0.007475536516735963 0.001709720239821882 0.0008714946819240253 0.000190742018241295
 0.08165645960921553 0.0716674629718108 0.06499133448873484 0.03945291951604419 0.03537638831756479 0.01350594117731577 0.007822186717261237 0.001801905419134702 0.0009194484874094246 0.0001928217434544473
 0.07930214115781127 0.07008727849775191 0.06457115009746589 0.04428220932320029 0.03331314354936402 0.01278865297699496 0.007371233760250622 0.00184945441094877 0.0009509319132750095 0.0001947451402145138
 0.08202323991797676 0.07273315015354775 0.06577551453426692 0.04460413827282864 0.03391304347826087 0.01273344651952462 0.007759833163586983 0.001851624422548251 0.0009515043477923157 0.0001965723734803615
 0.04694835680751173 0.06899833452295979 0.05985552115583075 0.04155048931168334 0.03208199658347569 0.01317198853602756 0.007605071161737299 0.001861387417400933 0.0009285350551305471 0.0001927663723236774
 0.04746835443037974 0.04013761467889908 0.05753326141675657 0.04257409530047487 0.03307868000315035 0.01270310192023634 0.007480784249249866 0.001739482819262001 0.0008893580008013996 0.0001868910631874708
 0.0631768953068592 0.04273504273504273 0.04708097928436911 0.02699460107978404 0.03174720366200302 0.0126692878986457 0.007296025762518555 0.001670692972719696 0.0008940753899917978 0.0001906593975123318
 0.075642965204236 0.06669733210671573 0.05801983904173685 0.03967967679099632 0.03161267971591893 0.01259538071735087 0.00723589001447178 0.001652724208373931 0.00084227598641781 0.0001966490602856496
 0.07047216349541931 0.05890052356020942 0.06144393241167435 0.04308433124247608 0.03305987510713849 0.01340578159985168 0.007788355579859644 0.001879438750230184 0.0009635683564151753 0.0001968551690787059
 0.07092198581560284 0.05647944775651083 0.04907428061565915 0.03511286277319957 0.03189737961311565 0.01323523133191968 0.007695936049253991 0.001852576499121916 0.0009517593952248872 0.0001947800535684898
 0.08558262014483213 0.07471790179932906 0.06670252824098978 0.045186909489251 0.0331225534477567 0.01100074416798784 0.007193314258926983 0.001840285523087218 0.0009154797893227788 0.0001869673791648724
 0.07963594994311718 0.06568575932737782 0.05623031938821412 0.04398050021195422 0.03430744430207085 0.01293834210761131 0.007566434961918383 0.001744060133660169 0.0008906070318807957 0.0001968421743305875
 0.07456828885400314 0.06732495511669659 0.06139154160982264 0.0410648541489663 0.02982618533374473 0.009665792922673657 0.007525993308410298 0.001770716911869706 0.0009065228706947474 0.0001926434816595461
 0.07259528130671507 0.06797853309481217 0.06378228978420325 0.04460568573807541 0.03325741965802696 0.01350294932840594 0.007855979227137032 0.001818425434986505 0.0009285350551305471 0.0001927658743194321
 0.07633587786259542 0.06154842889536767 0.05265567765567766 0.03752478051543472 0.02725075839374775 0.01230998253700152 0.007140781334329722 0.001649680710053269 0.0008415012774185089 0.0001964668512793564
 0.06475485661424607 0.06230529595015576 0.05249942935402876 0.02733964248159832 0.03258281465391202 0.01323975342738778 0.007697655939610647 0.001869127117636064 0.0009608478754585865 0.0001967413667801606
 0.07984969469234382 0.06639194139194139 0.05798728020950243 0.04062575794324521 0.03076100040123044 0.01148122311359144 0.006617468441376768 0.001791171973249318 0.0009213818788431324 0.0001887652487548448
 0.03944773175542406 0.07033081531648867 0.06483371353103615 0.04197197125987052 0.03201499238667864 0.0126238809002133 0.007564173471711618 0.001801832558545333 0.0009241937382469309 0.0001926620774692227
 0.08368200836820083 0.06914433880726015 0.05803955288048152 0.0410534958630708 0.03232758620689655 0.01338146945261426 0.007848523496517218 0.001859561371217785 0.0009535968114836409 0.0001967160344431893
 0.08675078864353312 0.07268762493185536 0.06405425772418989 0.04072867298578199 0.03250780615081911 0.01293147786219159 0.007505835580959922 0.001784016352217969 0.000914768845697959 0.000186907376856373
 0.03992015968063872 0.02599653379549393 0.01742160278745645 0.04628273478235397 0.03504771556456381 0.01309536071097509 0.007508140849347889 0.00186372236184452 0.0009594166746618056 0.0001966812912782377
 0.07068803016022621 0.05653475224476222 0.0502302218501465 0.04224914569742156 0.03313452617627568 0.01292558973003143 0.007735463435685729 0.001811957008935809 0.0009268500659039179 0.0001926788014583998
 0.07960808328230251 0.06823684789786484 0.05968425105891413 0.04170696324951644 0.03147057501236344 0.01308226518029867 0.0076779194471898 0.001806313731977267 0.0009253712443321011 0.0001889627456963237
 0.07969995311767464 0.06688191881918819 0.06075162475275502 0.04575661836801394 0.03546847950006334 0.01309651691510808 0.007508457560341846 0.001711472635667859 0.0009345503255350301 0.0001908972628712977
 0.07846556233653007 0.06221914967162115 0.05273149124657245 0.03923766816143497 0.03086296043929616 0.01235426932307124 0.007190201490933735 0.001763655051828702 0.0009046736608641092 0.0001849037059275555
 0.07821901323706379 0.06593906321055025 0.06025641025641026 0.04222249418675805 0.03163569932718442 0.01286291804483646 0.007500638790666239 0.001800016294884354 0.0009237174669138988 0.0001926553045056117
 0.07622677465459743 0.06327683615819209 0.05522893283449137 0.04216351538309506 0.03214360258818618 0.01283841932252649 0.007590929646617998 0.001801480627446221 0.0009568564077484105 0.0001965733492604077
 0.06979695431472081 0.05602240896358543 0.06169792694965449 0.04439579152222831 0.03352930369281647 0.01268893970662056 0.007440962909661804 0.001817958016532056 0.0009331749528066209 0.0001964388610831996
 0.06324110671936758 0.06680130495572471 0.06506066467381748 0.04631747483989021 0.03541045904046293 0.01387225840366812 0.007979036132435202 0.001824985784321259 0.0009302489542043337 0.0001891660425846613
 0.05854800936768149 0.06604572396274344 0.05899705014749262 0.0402054947509493 0.03121199837859749 0.01256796963168154 0.007623136998662062 0.00185167690127539 0.0009515348353990378 0.0001947730079590611
 0.07096392667060911 0.06247107820453494 0.05875440658049354 0.0398919847796735 0.03013538433859578 0.01063230971292764 0.007625747011952191 0.001849060092566212 0.0009508285791904374 0.0001947415799106176
 0.06777108433734939 0.04744333157617291 0.05840191133528007 0.0416641507155365 0.03154301516657304 0.01135497519015695 0.007229612492770388 0.001828453373496474 0.000940665351028186 0.0001927350796721119
 0.03976143141153082 0.06943418525631556 0.06334231805929919 0.04278262908046651 0.03259656173252958 0.01238651763985836 0.007130752839717454 0.001801234698985241 0.0009240517040972452 0.0001888793410934245
 0.07621951219512195 0.06545049436011698 0.05996427660117377 0.04174248100181955 0.03249483905497362 0.01333587349971423 0.007899085156974166 0.00186469896528235 0.0009549451052729536 0.0001949140945961857
 0.08469945355191257 0.07145859604875998 0.06308637981235846 0.04078227824636203 0.03261028872929796 0.01305880816610804 0.007745443624235335 0.00185601139363729 0.0009526623997760271 0.0001948190459075178
 0.07790077900779008 0.06216696269982238 0.05216095380029806 0.03675469643343316 0.02695552338641242 0.0088255483280489 0.004831479774888831 0.001797169552542616 0.000922964523186812 0.0001888328243129218
