# Created by Octave 3.0.1, Wed Sep 09 19:50:48 2009 PDT <jwawerla@marvin2>
# name: prtA
# type: matrix
# rows: 100
# columns: 10
 288.6 311.3 328.8 802.2 1033.5 1605.4 1662.2 2123.4 2190.6 2349.6
 227.8 263.9 635.7 740.3 1047.1 1887.7 1948.9 2615.1 2683 2842.7
 270.4 552.3 869.5 955.3 1180 1623.7 1689.1 1846.3 1915 2075.4
 285.4 361.8 376.8 852.1 1393.2 1880.4 1943.7 2097.9 2166.4 2326.6
 152.3 186.1 373.4 1051.6 1096.4 1724.6 1788.7 1943.6 2012.1 2172.4
 163 199.3 708.8 1000 1370.1 1611 1675.6 1831 0 0
 178.3 335.8 350.4 1348.6 1394.9 1524.3 1589.4 2089.1 1686.8 2943.9
 70.90000000000001 118.8 122.6 552.5 703.3 1586.8 1650.6 1806.2 1874.8 2147.2
 70.3 135.6 139.8 835.7 945.7 1598.4 1662.8 1759.1 1826.5 1985.7
 95.8 205.5 210.7 278.1 324.1 1740 1804.8 1890.7 1958 2117.1
 74.59999999999999 171.5 176.2 645.6 855 1412.9 2136.6 2488.2 2556.9 2811.6
 133.8 179.9 191.2 422.8 549.5 1351.8 1628.6 2104.2 2172.6 0
 60.5 69.90000000000001 77.7 494 565 1257 1493.2 1647.6 2083.4 3770.3
 67.59999999999999 103.8 114.4 372.6 780.7 1268.6 1698.2 0 0 0
 40.1 40.1 88.3 153.4 276.6 1443 1504.8 1667.3 1734.7 3255.3
 61.9 73.59999999999999 162.5 566.2 603.7 1405.1 1467.9 1628.6 2056.1 0
 67.2 79.2 91.8 489.3 821.1 941.3 1420.9 2339.9 2406.9 2565.7
 40.1 40.1 40.1 185.8 210.6 852.2 1082.7 1698.9 2040.8 3024.3
 40.1 43.5 46.4 56.8 67.40000000000001 768.8 824.6 1612.8 1693.1 1875.3
 40.1 73.3 77.90000000000001 138.5 157.3 914 1469.4 1927 1994.2 2637.6
 83.40000000000001 91.8 97.3 181.4 360.7 826 881.8 1050.6 1642 1824
 65.90000000000001 73.59999999999999 91.3 140.4 425.9 843.9 900.5 1867.9 1935.3 2094.5
 57.4 64.3 68.90000000000001 221.9 246.1 771.9 828.8 2224.7 2304.8 2927.1
 49.8 56.4 60.5 76 605.5 828 1077 1666.8 1747.8 2974.1
 40.4 45.8 49.2 62.1 192 928.9 1176.1 1560.9 1641.9 3134.7
 56.2 63.7 107.1 130.8 576.5 949.8 1223.6 1389.9 2009.6 0
 40.1 88.09999999999999 94.2 147.7 169.5 843.6 901.2 1791.1 1871.7 2085.8
 64.7 72.7 127.4 187.8 361.5 943.7 1001.2 1755.4 1822.9 1982.1
 58.2 65.3 69.90000000000001 150.2 229 596.4 1449.6 1856.1 1935.7 2117.3
 40.1 40.1 59.8 76.09999999999999 222.1 783.8 840.3 2071.7 2150.3 2329.7
 46.6 62.3 66.7 83.40000000000001 217.4 706.2 836.7 1526.2 2156.7 2315.7
 40.1 53.6 57.4 71.8 84.09999999999999 994.2 1309.2 1726.5 1805.8 2783.4
 55 60.9 65.2 136.8 294.9 576.7 843.3 1688 2111.1 2293.9
 66.40000000000001 73.3 78.2 179.3 294.9 786.3 841.4 1854.9 1932.5 2112.9
 63.5 70.2 74.90000000000001 146.9 202.9 935.8 990.6 1458 1534.8 1713.1
 40.1 40.1 40.1 59.2 69.40000000000001 863 1158.8 2016.4 2303.3 2480.7
 40.1 74.7 79.59999999999999 161.8 297.8 769.4 1178.4 2002.7 2070 2908.9
 48.3 64 68.2 125.8 198.1 928.9 1143.8 1305.4 1993.8 2170.7
 47.8 63.8 68.09999999999999 83.5 169.1 996.4 1051.1 1212.8 1990 0
 40.1 84.59999999999999 90 155.4 261 903.4 1262.1 1903.2 1979.2 2681.7
 40.1 42.1 44.9 55.4 64.8 768.1 1126.6 1733.2 1808.5 1984.6
 62.4 69 73.5 89.3 120.7 749.3 1098 1255.9 1332.9 2299.6
 92.3 101.3 164.4 205.7 225.6 772.5 954.7 1728.5 1805.5 1979.8
 40.1 40.1 46.5 171.7 189.1 793.3 1163.5 1322.2 1776.6 0
 47.1 72.8 77 150.9 220.2 742.5 1381.4 1763.7 2120.2 2366.3
 40.1 40.1 40.1 131.5 146.8 519.4 617 2009.5 2076.6 2235.6
 40.1 41.8 102.7 216.4 408.3 920.4 973.7 1338 1643.3 1810.7
 64.3 71 75.09999999999999 234.3 304.9 503.2 1157.9 1633.8 1892.5 2060.1
 40.1 64.90000000000001 68.8 85 97.2 766.2 820 1550.1 1626 2656.3
 74.90000000000001 93.09999999999999 98.2 119.2 152.3 1059.1 1166.7 1973.7 2049.6 2483.8
 40.1 44.4 47.1 58.8 197 721 774.8 936.2 1011.7 0
 40.1 40.1 70 86.7 151.7 793.4 978.5 1318.1 1393.6 2972.6
 56.4 62.5 66.09999999999999 127.9 413 998.8 1052.7 1628.9 1704 1875.5
 40.1 44.5 47.1 73.90000000000001 84.3 897.4 1253.7 1824.4 1981.5 2140.6
 75.7 83.8 88.2 107.7 121 831 885 1236.3 1872.9 2044.1
 46.8 103.6 109 182.3 254.9 637 1429.1 1592.9 0 0
 66.7 74.3 78.3 196.1 214.7 830.6 1103 1267.1 1983.3 2154.1
 40.1 54.7 57.8 72 122.2 933.9 1181.3 1991.3 2064.1 2521.8
 40.1 40.1 71 120.4 136.1 838.5 1128.8 1616.6 1689.5 1858.1
 48.6 54.3 57.4 86.7 184.5 639.8 831.2 1311 1716.9 1885.4
 55.6 62.1 65.8 114.7 149.5 852.6 1309.9 1475.2 2423.4 2589.8
 40.1 43.8 58.6 73.40000000000001 104.9 796.3 915.7 1526.3 1597.1 2764.7
 78.40000000000001 87.5 92.40000000000001 130.4 147.2 665 1124.2 2078.3 2148.9 2314.8
 56.5 63.4 67.3 159.5 178 492.1 547 1608.1 1678.8 1844.7
 80 89.3 106.9 130 147.2 1121.2 1176.5 1340.1 1410.8 1576.9
 80.40000000000001 146.4 153.2 180.9 219.4 723.6 779 1683.3 1754 1920.1
 40.1 40.1 40.1 79.2 148.8 1068.2 1174.6 1336.5 1407.2 2513.6
 86.2 96.5 101.9 238.4 260 812.8 1271.4 1641.8 1712.6 2742.3
 40.1 45.9 48.7 62 114.5 1034.3 1218.6 1744.5 1815.3 1981
 40.1 40.1 40.1 67.3 78.59999999999999 852.7 908.4 1522.3 1593 0
 56.4 63 67 230.9 602.2 758.1 813.8 1604.9 1675.6 2550.9
 81.40000000000001 90.7 96.09999999999999 134.5 240.7 1083 1138.9 1298.9 1369.5 2151.2
 40.2 45.1 48 61.6 186.6 677.9 1461.1 1621.2 2342.7 0
 48.7 54.8 58.3 139.6 413.8 603.7 778.6 2031.9 2102.6 2721
 49.4 55.6 59.3 279.5 302.4 880.9 937.3 1818.9 1965 2644.1
 40.1 54.1 57.7 74 142.9 855.4 1375.4 1839.1 1911.2 2076.8
 40.1 40.1 40.1 78 112.3 1292.8 1655.1 2040 0 0
 40.1 54.2 70.40000000000001 89.90000000000001 160.1 776.8 1297.1 1827.1 1897.7 2063.1
 59.6 78.40000000000001 83.90000000000001 263.3 306.4 885.4 1180.9 1509.2 2388.1 2903.9
 50.2 56.9 61.1 112.4 187.3 772.9 829.8 2370.8 2809.9 2975.3
 56.3 63.9 68.7 105.3 121.5 903 1284.7 1438.2 2046.4 2268
 40.1 90.3 96.59999999999999 385.3 410.3 794.2 1159.6 2000.3 2294 2461.1
 40.1 40.1 86.7 203 439.5 944.3 1072.8 1916.5 1987 2154.1
 49.1 55.6 60.1 77 212.9 927.6 1063.8 2120.2 2187.4 2346.4
 75.2 84.90000000000001 91.5 253.5 439.8 727.1 1023.1 1983.4 2052.1 2219
 48.9 55.5 60.1 204.4 471.3 574.3 844.8 1737.1 2028.9 2195.7
 71.40000000000001 81 113 194.6 314.1 928.7 986 1141.3 2006.8 2171.8
 65.8 75 145.4 193.4 292.4 1030.9 1299.5 1650.5 1787 2349.6
 40.1 44.9 48.6 115.8 134.3 1205.9 1263.2 1784.9 2422.3 2586.8
 40.1 45.2 49 63.1 386.4 1016 1073.4 1228.7 0 0
 65 74 138.4 199 242.9 631 688.4 2074.6 2857.7 3016.1
 48.2 66.7 72.5 129.4 149.4 744.6 1418.8 1574.5 2035.9 2686.3
 46.8 53.7 58.4 142.7 186.3 1237.6 1295.2 1775.7 1844.3 2007
 85.40000000000001 97.3 155.1 250.8 396.1 997.2 1397 1708.8 2304.1 2466.9
 40.1 83.3 90.7 336.6 406.7 1010 1155.2 1858.7 1927.4 2090.3
 50.4 58.3 63.8 242.7 267.8 1030.6 1088.4 1244.8 1313.6 2695.4
 57.8 67.09999999999999 73.3 112.6 300.5 1028.2 1086.1 1242.7 1311.4 0
 40.1 61.5 67.3 214.9 511.4 1370.7 1428.7 1897.9 0 0
 40.1 60.6 66 141.4 594.1 745.4 1604.6 2089.1 2156.2 0
 40.1 46.9 51.3 66.5 279.3 654.7 1541.4 2050.6 0 0
# name: prtB
# type: matrix
# rows: 100
# columns: 10
 457.2 788.8 860.8 2120.5 2156.3 3780.8 3839.6 4131.7 4199.7 4359.4
 379.1 1033.1 1053.5 2728.8 2792.8 3418.8 4265.2 4544.6 4937.2 5097.3
 903.3 1284.2 1381.8 1909.1 2974.6 4119.4 4308 4655.8 4724 6018
 829.8 1492 1822.4 2092.3 3387.5 3847.4 4023.6 4330.7 4398.8 4558.6
 848.4 1431.2 2481.5 3127.4 3172.5 3590.8 3654.8 0 0 0
 735.7 1170.7 2473.2 3335.1 3558.8 4031.9 4095.9 4029.7 4095.2 0
 628.5 987 999.2 2606.2 2646.4 4242 4304 5288.6 5357 5337.3
 898.8 1711.5 1808 2513.8 3028.9 3568.9 3632 0 0 0
 737.8 1384.8 1759.4 3159.9 3339.5 4019 4082.6 0 0 0
 670.4 1365.7 1381.4 2504.1 2917.3 3960.6 4022.1 4175.9 0 0
 40.1 40.1 41.4 2782.2 2913.1 3422.1 3673.6 4209.7 4119.7 0
 444.4 465.9 2310.9 2521.9 3286.7 3464.8 3525.8 4546.4 4639 4610.9
 81.8 595.1 1831.3 2991.7 3506.8 4076.6 4300.8 4682.8 4775.4 0
 404.9 430.3 2085.2 3334.4 3799.9 4091.8 4153.8 4460.8 4560.2 4719.5
 1198.1 1222.6 1284.1 2811.2 2880.7 4131.6 4193.7 4728.2 4827.9 4987.1
 349.4 1694.6 2301.3 2352.7 3532 4413.6 4574.1 5205.1 5297 5243.5
 331 1244 2264.1 2986.3 3120.5 3609.7 4001.6 0 0 0
 613.6 1026.9 1133.4 3345.3 3574.4 3976.5 4038 4194.3 4281.8 0
 688.2 818.1 985.8 2773.5 2830.3 3075.6 4188 4342.1 4424 4418.3
 285.6 303.9 732.5 3095.8 3223.7 3643.1 3703.5 4539.2 4621.1 4815.9
 237.7 372.3 385.9 2759.2 3237.6 3708.8 4380.5 0 0 0
 40.1 40.1 40.1 1950.3 2567.8 3771.4 3901.4 4046.6 4112.2 4269.8
 486.8 717.9 1720.5 2082.2 2132 3565.1 3702.5 4775.7 0 0
 288.7 685.1 697.3 1796.2 3125.4 3678.4 3882.8 4040.5 3994.2 4151.9
 130.6 196.2 206.4 2471.5 2812.3 3685.1 4022.8 4362.8 4447.8 0
 91.09999999999999 420.7 1255.8 1337.6 3030.6 3329.8 3387.2 4609.4 4694.5 4714.4
 256.4 709.5 1450.7 1918.7 2298.6 3640.4 3696.8 4388.9 5707.4 5896.8
 98.59999999999999 384.2 395.3 2478.4 2693.7 3499.3 3556 4610.3 4693.9 4883.5
 40.1 40.1 334.4 1868.6 2356.6 3730.8 3787.3 4493.7 4576.2 4762.9
 311.7 326.6 732.2 1431.7 2653.9 3572 3627.7 4437.1 4517.5 4700
 364 399.7 560.2 691.5 2483.6 3968.5 4074.5 4237.3 4316.7 4497.3
 64.3 616.4 1421.6 2140.7 2567.8 3036.7 3559.8 0 0 0
 799.7 904 1371.8 1876.8 2316.4 3154.9 3456.3 0 0 0
 57 63.7 68.2 84.8 3106.4 3642.3 3973.3 4349.9 4429.4 5211.1
 328.8 347.6 358.3 1964.8 2801.8 3409.5 3467 4330.8 4410.8 4593.2
 273.6 1097.9 1272.4 2022.2 2761 3502.7 3560.2 0 0 0
 325.2 372.3 611.5 1834.1 2437.8 3872.6 3929.5 4452.5 4531.3 4711.4
 136.4 1278.8 1434.2 2263.5 2313.6 3579.2 4097.9 4265.3 4344.1 5232.2
 40.1 40.1 47.8 2802.2 2926.4 3510.9 3757.6 4337.8 4416 4594.5
 309.5 345.5 355.8 1834.7 2587.7 3504 3675.9 3848.3 3926.3 0
 279.5 323 332.9 1636.7 2514.8 3624.4 3946.6 4122.6 0 0
 243.6 355.7 366.1 1693 2881.7 3748.4 4119.9 4741.5 5116.5 6087.9
 667.8 704 714.1 2190.3 2389.3 3351.1 3406.6 4031.1 4110.3 0
 138.8 312 345.5 1982.2 2058.3 3452.2 3507.3 3971.9 4049.6 5354.5
 257.6 370.6 392.6 2340.5 2578.2 3431.2 4147.2 4453.8 4531 4710.5
 268.7 283.1 738.9 2509.6 2883 3399.8 3454.6 4050.3 4127.2 5126.4
 330.9 915.5 1123.7 1222.6 2507.7 3715.2 3769.7 0 0 0
 75 328.8 338.5 1549.1 2803.7 3744.9 3799.4 4131.4 4207.4 4383.8
 134.2 340.8 552.6 885.3 2689.8 3756.1 3810.6 4649.4 4725 4901.5
 57 319.6 390.7 1738.5 2270 3627.4 3681.8 4883.6 4959 5134.8
 40.1 43 46 1073.5 2596.8 3047 3101.3 3884.7 3959.8 5169.2
 299.5 456.5 672.4 1198.3 2123.9 3185.5 4058.2 4467.5 0 0
 280.8 325.2 334.7 1639.8 2454.9 3059 3673.7 5080.4 5060.8 5496.8
 151.1 495.6 1349 2131.5 2296 3760.9 3948.7 4339.6 4416 4589.3
 572.5 587.4 608.7 2144.6 2283.9 3129.3 3229.7 3878.2 5315.7 5999.8
 661.2 901.5 911.1 1403.7 2934.7 3282.9 3336.1 0 0 0
 314.8 329 1190.7 1419.2 2331.8 3146.7 3200 3284.5 3350.5 4909.9
 286.8 360.7 1183.2 2296.2 2317.3 2586.8 3502.3 0 0 0
 224.2 237.6 922.2 2479.4 2547.5 2990.7 3553.8 4144 4364.4 0
 316.9 547 734.1 1363.8 2864.9 3031.4 3706.5 0 0 0
 304.2 491.9 1133.2 2101.8 2124.3 3555.6 3937.8 4098.2 4174.2 4341.7
 302.8 728.7 791 2072.9 2151.3 3692 3809.7 4173 4248.8 0
 40.1 40.1 40.1 76.2 2186.6 2847.5 3667 4956.6 5032.2 5092
 212.3 778.2 859.6 1226.9 2495.8 3473.2 3527.1 0 0 0
 290.1 304.5 695.9 1569.8 2890.8 3227.3 3814.5 3992.8 4058.4 4216
 292.9 307.7 1156.9 2417.7 2490.3 3318.4 3422.5 4081.8 4157.2 0
 166.1 239.8 259.5 1061.8 1905.2 3591.3 3645.2 4593.5 5210.4 5269
 108.5 118.6 124.4 414.7 3104 3633.5 3687.3 0 0 0
 281.4 326.7 758.2 2419.1 2673 3589.6 3643.4 3810.9 4148.2 4305.7
 40.1 44.4 46.9 2376.6 2479.2 3254.9 3308.7 4301.3 0 0
 40.1 325 333.1 1660.3 2804.5 3699.6 3753.5 0 0 0
 576.9 785.9 1045.2 1078.4 2365.9 3722.2 3776.2 3850.5 3916.1 4848.2
 40.1 250.7 258.6 1863 1965.4 3791.6 4038.6 4286.2 4360.7 4862
 57.9 64.40000000000001 1325.7 2030.1 2691.2 3291.6 3345.9 4318.6 4291.8 4449.2
 40.1 878.6 887.2 2295 2397.4 3696.9 3751.3 4274.5 4347.3 5211.6
 287.5 303.5 370.9 2425.5 3145 3850.1 4061.3 4811 4881.7 5047.9
 286.5 721.6 730.6 2758 2843.6 3669.6 3829.2 4195.5 4475.7 4641.7
 271.1 310.1 318.9 435.2 2988.8 3429.3 3582.7 4245.6 4316.4 4482.5
 683.3 713.1 1597.6 1846 2548.6 3047.7 3737.3 4622.3 4693.1 0
 66.7 75.2 79.59999999999999 2632 2761.4 3445.8 3501.5 4683.6 4754.4 4920.1
 40.2 1570.1 1579.5 2518.4 2542.5 2728.5 2956.5 3776.2 3846.9 4012.5
 474.6 491.8 501.2 565.7 3125.5 3406.8 3462.7 3931.7 4002.3 4168
 308.2 336.3 797.5 2549.6 2610.3 3478 3681.1 3841.1 3911.7 4582.9
 376.4 833.2 1291.4 2714.4 2774.8 3460.3 3580.6 4321.5 4392.1 4558.2
 658.8 721.1 743.5 2690.4 2777.2 3322.2 3378.5 4320 0 0
 638.3 656.2 666.1 2400.5 2905.1 3291.7 3348 3506.1 4305.7 4471.5
 114.6 364.9 374.8 1854.5 1934.2 3774.4 3831 3987.6 3947.1 4367.2
 40.1 46.7 97.7 2364.1 2846.2 2981.8 3412.3 3717.2 3787.6 0
 113.7 588.5 612.7 1812.5 2385.4 3054.1 3985.6 4137.6 4208.1 4375.2
 344.1 964.8 1190.4 2391.3 2499.2 3593.3 3650.4 0 0 0
 97.8 786.9 811.8 2683.8 2907.8 3518.3 3944.7 3987.7 4283.8 4737.3
 323.9 342.1 926.4 2542.8 2569 3512.3 3569.3 0 0 0
 207.9 347.3 372.4 2786.5 3202 3870.8 4042.8 4368.5 0 0
 734.4 1302.9 1315.3 2626 2653 3273.6 3331.1 4138 4208.4 5024.5
 280.9 299.6 1405.5 2374.5 2439.9 3364.7 3422.1 4862 4932.3 5097.2
 352.8 530.9 653.1 2453 2480.1 3004.3 3870 4649.3 5209.2 5373.7
 249.5 514.7 573.9 2496.2 2861.8 3195.9 3253.2 4822 4892.1 5440.1
 306 327.1 392 2235.1 3344.8 3922.9 4294.4 4450.7 4519.4 4682.3
 243.4 265.9 1668.3 2372.3 2399.7 4232 4290 4447 4376.8 4534.1
 276.8 446.4 459.3 2480.2 2507.8 4078.2 4136.2 4797.2 5095.4 5256.5
# name: collectedA
# type: matrix
# rows: 100
# columns: 10
 13 13 13 31 37 46 46 48 48 48
 14 14 28 29 35 46 46 48 48 48
 15 26 39 39 42 46 46 46 46 46
 18 20 20 34 45 49 49 49 49 49
 8 8 15 37 37 45 45 45 45 45
 9 9 32 38 46 47 47 47 0 0
 10 15 15 46 46 46 46 47 46 49
 5 7 7 24 27 48 48 48 48 48
 5 8 8 36 38 48 48 48 48 48
 7 13 13 13 13 48 48 48 48 48
 5 10 10 27 32 39 47 48 48 48
 12 14 14 22 25 40 42 44 44 0
 5 5 5 24 25 41 43 43 44 49
 6 8 8 18 34 42 47 0 0 0
 2 2 5 6 9 39 39 39 39 48
 5 5 10 25 25 39 39 39 40 0
 6 6 6 26 38 38 43 48 48 48
 2 2 2 12 12 32 35 41 42 49
 3 3 3 3 3 34 34 43 43 43
 4 6 6 9 9 33 43 46 46 49
 8 8 8 13 22 35 35 35 39 39
 6 6 7 9 25 35 35 47 47 47
 5 5 5 14 14 27 27 45 45 47
 4 4 4 4 32 35 39 43 43 47
 3 3 3 3 9 34 39 42 42 48
 5 5 8 8 32 39 43 43 48 0
 4 7 7 9 9 33 33 41 41 41
 6 6 10 12 20 36 36 46 46 46
 6 6 6 10 13 23 45 47 47 47
 3 3 4 4 11 27 27 48 48 48
 4 5 5 5 12 31 32 42 45 45
 4 5 5 5 5 40 45 47 47 49
 5 5 5 9 17 25 31 45 47 47
 6 6 6 12 18 35 35 46 46 46
 6 6 6 10 12 39 39 45 45 45
 2 2 2 3 3 32 38 46 47 47
 3 6 6 11 18 31 40 45 45 49
 5 5 5 8 11 37 40 40 46 46
 4 5 5 5 9 34 34 34 43 0
 3 7 7 10 15 34 41 46 46 48
 3 3 3 3 3 32 39 47 47 47
 7 7 7 7 8 33 41 41 41 47
 9 9 14 15 15 36 39 46 46 46
 3 3 3 11 11 33 42 42 45 0
 4 6 6 10 13 30 45 47 49 49
 3 3 3 8 8 22 23 47 47 47
 3 3 8 15 26 42 42 45 46 46
 7 7 7 17 20 24 42 47 48 48
 3 5 5 5 5 36 36 45 45 49
 8 8 8 8 9 39 40 48 48 49
 3 3 3 3 11 31 31 31 31 0
 3 3 5 5 8 37 40 42 42 48
 5 5 5 8 25 41 41 47 47 47
 3 3 3 4 4 36 43 48 48 48
 7 7 7 7 7 35 35 38 46 46
 4 9 9 13 16 30 48 48 0 0
 6 6 6 13 13 34 39 39 46 46
 3 4 4 4 6 37 42 48 48 49
 3 3 5 7 7 34 40 46 46 46
 4 4 4 5 10 27 31 38 41 41
 5 5 5 7 8 30 38 38 48 48
 3 3 4 4 5 35 36 42 42 49
 8 8 8 9 9 25 36 47 47 47
 5 5 5 10 10 21 21 47 47 47
 8 8 9 9 9 43 43 43 43 43
 8 13 13 13 14 29 29 48 48 48
 2 2 2 4 7 44 45 45 45 49
 8 8 8 16 16 35 45 47 47 49
 3 3 3 3 5 37 40 44 44 44
 2 2 2 3 3 33 33 39 39 0
 5 5 5 15 35 37 37 45 45 48
 8 8 8 9 14 41 41 41 41 48
 3 3 3 3 9 30 45 45 49 0
 4 4 4 8 23 26 28 48 48 49
 4 4 4 17 17 32 32 44 44 48
 4 4 4 4 7 33 43 49 49 49
 3 3 3 4 5 41 47 49 0 0
 4 4 5 5 8 30 43 49 49 49
 5 6 6 16 17 33 39 40 48 49
 4 4 4 6 9 31 31 46 49 49
 5 5 5 6 6 38 44 44 49 49
 3 7 7 24 24 34 42 47 48 48
 3 3 6 12 23 38 39 49 49 49
 4 4 4 4 11 34 35 42 42 42
 7 7 7 16 24 29 34 44 44 44
 4 4 4 12 27 27 31 48 49 49
 7 7 9 12 17 37 37 37 47 47
 6 6 11 12 16 39 42 43 43 44
 3 3 3 6 6 40 40 44 48 48
 3 3 3 3 19 34 34 34 0 0
 6 6 11 13 14 26 26 41 46 46
 4 5 5 7 7 25 43 43 45 47
 4 4 4 8 9 44 44 48 48 48
 8 8 12 16 22 36 43 45 49 49
 3 6 6 19 21 39 40 46 46 46
 4 4 4 14 14 36 36 36 36 47
 5 5 5 6 15 37 37 37 37 0
 3 4 4 11 24 44 44 48 0 0
 3 4 4 7 30 31 46 48 48 0
 3 3 3 3 13 25 42 45 0 0
# name: collectedB
# type: matrix
# rows: 100
# columns: 10
 57 91 96 215 215 293 293 294 294 294
 44 110 110 250 251 272 292 293 295 295
 106 144 150 185 253 292 294 295 295 299
 100 166 192 206 284 291 292 293 293 293
 99 156 253 285 285 296 296 0 0 0
 82 118 232 279 285 294 294 294 294 0
 71 106 106 235 235 292 292 299 299 299
 103 189 195 255 279 287 287 0 0 0
 88 156 189 278 283 297 297 0 0 0
 88 161 161 244 262 298 298 298 0 0
 2 2 2 269 273 290 293 299 299 0
 56 56 236 245 282 283 283 295 295 295
 7 60 175 257 281 294 296 297 297 0
 49 49 196 277 295 298 298 299 299 299
 142 142 145 253 254 291 291 293 293 293
 37 171 218 218 277 294 295 299 299 299
 38 132 224 272 275 288 296 0 0 0
 66 106 113 285 293 298 298 298 298 0
 77 88 101 261 262 265 294 294 294 294
 34 34 79 275 279 286 286 295 295 295
 25 37 37 245 269 285 298 0 0 0
 2 2 2 205 248 295 296 297 297 297
 63 88 187 211 212 290 291 299 0 0
 34 75 75 173 277 291 293 293 293 293
 14 19 19 227 249 284 289 291 291 0
 9 47 137 140 275 281 281 299 299 299
 33 78 166 204 227 280 280 290 299 299
 10 42 42 241 254 288 288 298 298 298
 3 3 35 173 209 281 281 295 295 295
 35 35 78 142 246 285 285 298 298 298
 44 46 60 69 228 294 295 295 295 295
 6 74 162 226 254 270 284 0 0 0
 111 120 172 212 241 283 288 0 0 0
 5 5 5 5 269 287 292 294 294 298
 43 43 43 209 262 286 286 298 298 298
 36 136 151 216 262 289 289 0 0 0
 41 44 65 175 216 289 289 295 295 295
 14 147 161 224 225 286 295 295 295 298
 3 3 3 261 266 288 293 299 299 299
 42 44 44 201 260 296 298 298 298 0
 38 41 41 179 245 291 298 298 0 0
 30 40 40 161 248 281 289 294 296 299
 88 90 90 236 247 290 290 295 295 0
 15 35 37 204 207 278 278 284 284 298
 30 42 43 220 234 273 292 294 294 294
 35 35 85 248 270 285 285 290 290 299
 42 109 127 132 244 295 295 0 0 0
 7 37 37 159 263 297 297 298 298 298
 14 36 56 82 234 280 280 298 298 298
 5 37 43 175 217 288 288 299 299 299
 3 3 3 106 242 256 256 281 281 292
 40 56 76 129 207 272 297 299 0 0
 35 38 38 162 223 246 274 297 297 298
 17 56 150 219 230 292 295 298 298 298
 67 67 68 215 223 259 260 269 294 297
 84 110 110 149 272 284 284 0 0 0
 39 39 135 152 230 279 279 279 279 297
 39 45 137 241 241 251 281 0 0 0
 25 25 97 251 254 270 284 295 296 0
 40 66 86 144 266 269 297 0 0 0
 37 55 117 209 209 285 295 295 295 295
 39 90 95 215 218 295 296 298 298 0
 2 2 2 4 207 242 272 296 296 296
 26 94 101 133 241 284 284 0 0 0
 34 34 77 148 253 265 287 288 288 288
 36 36 136 245 248 288 289 298 298 0
 19 25 26 106 182 283 283 295 298 298
 11 11 11 40 273 288 288 0 0 0
 35 38 85 242 257 294 294 295 298 298
 3 3 3 234 239 278 278 295 0 0
 3 35 35 171 255 291 291 0 0 0
 68 89 116 116 228 293 293 293 293 299
 3 27 27 179 184 292 297 298 298 299
 5 5 149 213 262 281 281 295 295 295
 3 100 100 213 218 282 282 290 290 296
 36 36 41 222 267 290 293 298 298 298
 36 83 83 260 264 290 292 294 295 295
 34 36 36 42 256 275 277 294 294 294
 88 89 186 203 251 269 291 298 298 0
 6 6 6 247 253 282 282 299 299 299
 3 201 201 278 278 280 284 297 297 297
 58 58 58 60 284 291 291 295 295 295
 38 39 90 246 248 289 292 292 292 294
 47 94 140 265 267 289 290 298 298 298
 84 88 89 261 265 283 283 299 0 0
 81 81 81 246 275 286 286 286 298 298
 12 41 41 187 190 289 289 289 289 291
 3 3 7 247 279 280 293 295 295 0
 12 66 67 190 227 261 298 298 298 298
 43 111 132 236 240 283 283 0 0 0
 10 85 86 248 258 279 289 289 291 294
 37 37 104 233 233 290 290 0 0 0
 22 35 36 247 271 292 294 295 0 0
 88 150 150 256 256 282 282 292 292 296
 32 32 148 228 230 275 275 298 298 298
 42 59 69 233 233 250 284 296 298 298
 27 58 62 244 265 275 275 296 296 297
 37 37 41 205 275 289 298 298 298 298
 27 27 162 215 215 296 296 296 296 296
 34 47 47 224 224 293 293 297 298 298
# name: avgRateA
# type: matrix
# rows: 100
# columns: 10
 0.043536503683858 0.03598117907556048 0.03031716417910448 0.02380586699431731 0.01819522989918859 0.0069639991522088 0.003944367272041296 0.0009208915765280085 0.0004697105213199648 9.555098680281621e-05
 0.05887300252312868 0.04460019114367633 0.03805899143672693 0.02338143997419979 0.01709735723706707 0.006678571947094095 0.003849726753090243 0.0009122856366328298 0.0004674580991985041 9.545728713969598e-05
 0.05349500713266762 0.04316785654989208 0.04022692109334709 0.02679859822716966 0.01926605504587156 0.00694475897157178 0.003935290142098194 0.0008872378549674711 0.0004513565225923564 9.161970492878161e-05
 0.06093432633716994 0.04856726566294318 0.04194630872483222 0.02514606907773094 0.01880327594852081 0.007121678972152782 0.004102581277158669 0.000940536950625649 0.0004796097347073011 9.754609849448547e-05
 0.04929143561306223 0.03388394747988141 0.03168567807351078 0.02384635215261666 0.01764930356802137 0.00669184784225084 0.003817214790434908 0.0008663242439877097 0.000441124141155804 8.961065960614323e-05
 0.05202312138728324 0.03610108303249097 0.03956478733926806 0.02533333333333333 0.01940846377789967 0.007109363182574497 0.004025489054095721 0.0009067932318496653 0 0
 0.05310674455655868 0.03888024883359253 0.03330373001776199 0.02488369576977172 0.0192074825671218 0.007050564811550664 0.003969144217992304 0.0009023000973332233 0.00045236943241404 9.742637300104445e-05
 0.06180469715698392 0.04146919431279621 0.03144654088050314 0.02280285035629454 0.01585158222274409 0.007287301876480233 0.004119959487065044 0.0009265300292243014 0.0004711665691613628 9.558950044927066e-05
 0.06226650062266501 0.04310344827586207 0.03336113427856547 0.02695215991614883 0.01953024618389269 0.007274490785645005 0.004115649758205577 0.0009273731575703596 0.0004713900605441609 9.562025372435908e-05
 0.06616257088846882 0.05088062622309197 0.04184100418410042 0.01670736409201902 0.009817989577826449 0.007121661721068249 0.004066142586066685 0.0009250212465817574 0.0004707820867415995 9.559523067427898e-05
 0.0591016548463357 0.04514672686230248 0.03620564808110065 0.02356843575418995 0.01725067385444744 0.00608149199270221 0.003872583754923125 0.0009144912570825443 0.0004680328676081278 9.546319138221951e-05
 0.08344923504867871 0.06089604175728577 0.04807692307692308 0.02384048547897703 0.01613423685059697 0.006297427500865896 0.003611784737629637 0.0008444616748745783 0.0004306438321037147 0
 0.07092198581560284 0.04170141784820684 0.02813731007315701 0.02414486921529175 0.01597444089456869 0.006552661019657983 0.00374134270699196 0.000832565307971716 0.0004310201266807336 9.726655183920132e-05
 0.07731958762886598 0.05201560468140442 0.03731343283582089 0.0206280082512033 0.01909361487055652 0.006700060619596082 0.004017712126651963 0 0 0
 0.03992015968063872 0.02219755826859046 0.02655337227827934 0.009182736455463728 0.007049976500078333 0.006053080862952041 0.003389889437452194 0.0007548294569292375 0.0003833500270802391 9.537902531776615e-05
 0.06954102920723226 0.04045307443365696 0.0380952380952381 0.0234477583942975 0.01558895055184885 0.006088897909478384 0.003400797007298634 0.0007553952654149057 0.00039194129503283 0
 0.07772020725388601 0.04643962848297214 0.03128258602711157 0.02628120893561104 0.0208665092526495 0.006395906619763352 0.003765027274558047 0.0009170823788352671 0.0004687184164348301 9.550990049659179e-05
 0.03992015968063872 0.02219755826859046 0.01427551748750892 0.01749781277340333 0.009912440112340989 0.00546802911725505 0.003158075198282007 0.0007930536239649199 0.0004116000658560105 9.741080102889662e-05
 0.05988023952095808 0.03208556149732621 0.02049180327868852 0.005387931034482759 0.002810567734682406 0.00589377340174733 0.003140993662583375 0.0008331266662533325 0.0004228408810430599 8.567865364165163e-05
 0.07984031936127745 0.04866180048661801 0.03372681281618887 0.01409553641346907 0.007776721679771883 0.005579979709164694 0.003749106317680088 0.0008858589943574633 0.0004510060375982164 9.748574320743215e-05
 0.08565310492505353 0.05641748942172073 0.04054738976178408 0.01907836806574699 0.01616814874696847 0.006007552351527634 0.003216379643073756 0.0006855942927213392 0.0003836996517187777 7.771649024359138e-05
 0.07905138339920947 0.04854368932038835 0.03659174072138003 0.01405371642723298 0.01753278631040045 0.005989151080613974 0.0032108618870694 0.0009061481185858691 0.000461076781056219 9.360787660490207e-05
 0.07418397626112759 0.04374453193350832 0.02960331557134399 0.01939326776561851 0.01123505336650349 0.004677835721339594 0.002493351063829787 0.0008616612445835017 0.0004398620592582166 9.345290798606796e-05
 0.06688963210702341 0.03759398496240601 0.0249221183800623 0.006944444444444444 0.01993148551853005 0.006005490734385724 0.003520808883271644 0.0008322559167589245 0.0004226135601949133 9.344417535614658e-05
 0.05952380952380953 0.03131524008350731 0.02010723860589813 0.005337128624799858 0.007550335570469799 0.005734621936615562 0.003489589391648249 0.0008145707309220746 0.0004132154160833279 9.540188740708999e-05
 0.07552870090634441 0.04397537379067722 0.0386286817962337 0.01268230818008878 0.02029812876625436 0.006554842179569061 0.003831212801596635 0.0008367402933261204 0.0004705439488048183 0
 0.07984031936127745 0.05068790731354091 0.03604531410916581 0.01389532190829088 0.007695596408721676 0.005647203778492709 0.003027189667192602 0.0007916418071830875 0.0004024670246987142 8.165934985614012e-05
 0.08032128514056225 0.04889975550122249 0.04397537379067722 0.01744693224774644 0.01468968049944914 0.006056833285663812 0.003272370286877795 0.0008887961449433295 0.0004517647798285062 9.163673366042335e-05
 0.08797653958944281 0.05203816131830009 0.03531489111241907 0.01537988311288834 0.01057770545158665 0.004109784861696805 0.003930268306316377 0.000906354315114326 0.0004610749717714206 9.360362608498055e-05
 0.05988023952095808 0.03329633740288569 0.02503128911138924 0.006943239021003298 0.009000900090009001 0.004668211210622774 0.002490705976771861 0.00092180589456461 0.0004698958299681939 9.555477209490102e-05
 0.07067137809187279 0.04452359750667854 0.02999400119976005 0.008570449091532397 0.009857072449482503 0.005432687252462235 0.002952928474535606 0.0008151192985316209 0.0004404997420629288 8.958509558829238e-05
 0.07984031936127745 0.04826254826254826 0.03176620076238882 0.008744316194473594 0.004612120653076285 0.006673117346768543 0.003979061295228663 0.0009086251727837763 0.000461663284410122 9.745747373521082e-05
 0.07692307692307693 0.04508566275924256 0.03026634382566586 0.01413316582914573 0.01312842690555255 0.004482937938207184 0.002858908265933803 0.0008706082649744621 0.0004602829662984729 9.35707162679061e-05
 0.07853403141361257 0.04866180048661801 0.03367003367003367 0.01766524363315177 0.01390068731176152 0.0060487703713945 0.003228365340269707 0.0008870907088818992 0.0004512790326932038 9.161286236621285e-05
 0.08163265306122448 0.04991680532445923 0.03430531732418525 0.01545833977430824 0.00997589159531133 0.006570302233902759 0.00354848688879588 0.0008744995919001905 0.0004431978001630968 8.969269488877209e-05
 0.03992015968063872 0.02219755826859046 0.01427551748750892 0.00536480686695279 0.002805311389564242 0.005457956677468873 0.003405384091479371 0.0008843364784952438 0.0004594182201356163 9.353593083276631e-05
 0.05988023952095808 0.04811547714514836 0.0334075723830735 0.01662133575098217 0.01386962552011096 0.005373175720178875 0.003578329635726043 0.0008653396842856237 0.0004408739100617224 9.743315340014861e-05
 0.08576329331046313 0.04385964912280702 0.02972651605231867 0.01278363694471077 0.009181203572322846 0.006240617989846346 0.003589439867908613 0.0007796450276189251 0.000451007806356857 9.160231769794614e-05
 0.06920415224913495 0.04393673110720563 0.0297441998810232 0.00856898029134533 0.007698229407236336 0.005670068707891402 0.003076616807376641 0.0006638965258685328 0.0004216099617609569 0
 0.05988023952095808 0.05200594353640416 0.03684210526315789 0.01525785779676533 0.01189532117367169 0.005759392892231595 0.003640528853410998 0.0008862652013748671 0.000451072375543248 9.548786040947979e-05
 0.05988023952095808 0.03257328990228013 0.02070393374741201 0.005401512423478574 0.002817430503380917 0.005547754026455852 0.003505113871263459 0.0009085074961533407 0.0004616510409248737 9.362837027271355e-05
 0.09668508287292817 0.05882352941176471 0.04034582132564841 0.01187849991515357 0.007138395645578656 0.005739829196597847 0.00369435934402595 0.0007999079130402548 0.0004046069933851691 9.35696544452753e-05
 0.08797653958944282 0.05948446794448116 0.05295007564296521 0.02125549100184214 0.01223890339425588 0.006236466002598528 0.003560115749404365 0.000889258339213393 0.0004518419928196414 9.163715352689491e-05
 0.05988023952095808 0.03329633740288569 0.0204778156996587 0.01637635849337502 0.009250693802035153 0.005696235306302108 0.003762260939669458 0.0008183593064989421 0.000442144854514692 0
 0.07005253940455342 0.0488599348534202 0.03389830508474576 0.01536334306345061 0.01065399114899197 0.00522420548541576 0.003953819389530286 0.0009079721890050364 0.0004798267140095691 9.753838981635513e-05
 0.05988023952095808 0.03329633740288569 0.02141327623126339 0.01266825019794141 0.006975933031042902 0.00398594050077907 0.002166337006687388 0.000903681058268201 0.000460438533415102 9.358157804823075e-05
 0.05988023952095808 0.03267973856209151 0.03946719289590528 0.02093802345058627 0.01846197543137116 0.007094115262482265 0.003827332622542989 0.0008765436908333009 0.0004525630317000727 9.166803338390353e-05
 0.09421265141318977 0.05785123966942149 0.03997715591090805 0.0231513005583549 0.01532684496896314 0.004361098996947231 0.003764149167854166 0.0009102564599157916 0.000471084721642908 9.560608381347174e-05
 0.05988023952095808 0.04351610095735422 0.02962085308056872 0.008547008547008548 0.004557054320087495 0.006243279802989838 0.003327171903881701 0.0008729372008977675 0.0004428000708480114 9.748211650784044e-05
 0.09422850412249704 0.05590496156533892 0.04036326942482341 0.01291989664082687 0.007810466024472794 0.006436599494974501 0.003582078859466091 0.0009235440232271322 0.0004703595114532541 9.751558159685945e-05
 0.05988023952095808 0.03177966101694915 0.0203942895989123 0.005368647100930566 0.009189640768588136 0.005418633106100332 0.002877083565356202 0.0006086044895378925 0.0003068951418499045 0
 0.05988023952095808 0.03329633740288569 0.02941176470588235 0.00852224305437191 0.006946253364591473 0.00638657782994442 0.003643484993396183 0.0008184246883653136 0.0004142273279575831 9.543263390490855e-05
 0.0753012048192771 0.04444444444444445 0.03010234798314269 0.0127408823060997 0.01769285208775655 0.006834700273388011 0.003709500845947144 0.0009103428506127382 0.0004621253834657437 9.364872363763523e-05
 0.05988023952095808 0.03174603174603174 0.0203942895989123 0.006969855375500959 0.003689015954994006 0.006104384983212942 0.003820965549108293 0.0009262046449162942 0.0004706736025651711 9.559075685176622e-05
 0.08168028004667445 0.0523168908819133 0.03719447396386823 0.01151884153365147 0.006244424620874219 0.006002400960384154 0.003215434083601286 0.000741661673461979 0.0004515430502125688 9.162541697034186e-05
 0.07042253521126761 0.05859375 0.0430622009569378 0.01905320240363477 0.01275001992190613 0.005321979776476849 0.004199805758983647 0.0009303605728695227 0 0
 0.07822685788787484 0.04827031375703942 0.03365114974761638 0.01867547766125557 0.01070223100353997 0.005831303810928549 0.003512564171845447 0.000760721788437419 0.0004510542412336137 9.160534584901329e-05
 0.05988023952095808 0.03820439350525311 0.02534854245880862 0.006993006993006993 0.005346640527535198 0.006235359544313184 0.003756271632100024 0.0009232313867897128 0.000470292688614312 9.750820760412782e-05
 0.05988023952095808 0.03329633740288569 0.02923976608187134 0.01128304319793682 0.006161429451632779 0.005823413548000343 0.003594277909567968 0.0008911861687906604 0.0004523574213660211 9.165937542903063e-05
 0.06825938566552901 0.03835091083413231 0.02541296060991105 0.00852224305437191 0.008442380751371888 0.004787403808645696 0.002862102075485634 0.0007405819414940267 0.0004030795275907937 8.16919559724192e-05
 0.07621951219512196 0.04460303300624443 0.0301568154402895 0.01138766878151944 0.006959547629404089 0.005125926938454704 0.003359888239506981 0.0007382195698122591 0.0004686429077730285 9.550532064120681e-05
 0.05988023952095808 0.03198294243070363 0.02522068095838588 0.006975933031042902 0.004525296406914653 0.00603833479978607 0.003298001960478943 0.0008151177165835699 0.0004133976265070558 9.746109860139346e-05
 0.09049773755656108 0.05818181818181818 0.04158004158004158 0.01427664974619289 0.007845188284518828 0.00441306266548985 0.00323618777080599 0.0009024872163645894 0.0004601126394899994 9.35668230360722e-05
 0.07518796992481203 0.04409171075837742 0.02988643156007173 0.01516300227445034 0.008488964346349746 0.003823674004479161 0.001991087513036882 0.0009107097529263817 0.0004622399162854007 9.365447119397694e-05
 0.08888888888888889 0.05743000717875089 0.04349927501208313 0.01428571428571429 0.007845188284518828 0.007024766385676011 0.003847358296425536 0.0008375519330893396 0.0004240179546951607 8.572962590581823e-05
 0.08849557522123894 0.06619144602851323 0.05134281200631912 0.01909237773535027 0.01148105625717566 0.005066741211824726 0.002690416550700436 0.0009287332658711808 0.0004717259272362757 9.563275110919049e-05
 0.03992015968063872 0.02219755826859046 0.01427551748750892 0.006906077348066298 0.006093314763231198 0.007250914604001187 0.004026989780394824 0.0008765693025430249 0.0004437554729841668 9.75097987397754e-05
 0.08316008316008315 0.05460750853242321 0.0396235760277365 0.02166847237269772 0.0126984126984127 0.006021194605009634 0.003992405557428536 0.0009101154491129278 0.0004620863098573824 9.746544104206072e-05
 0.05988023952095808 0.03128258602711157 0.02017484868863484 0.005338078291814947 0.004486316733961417 0.006131614271746516 0.003565507282548625 0.000850331919334422 0.0004321550886752777 8.765271992366245e-05
 0.03992015968063872 0.02219755826859046 0.01427551748750892 0.005288207297726071 0.002781383274615242 0.005638423291814035 0.003025191595467713 0.0007569537850600613 0.0003838847164666857 0
 0.0753012048192771 0.04424778761061947 0.02994011976047904 0.02052264331645916 0.0218449631756335 0.006425730709782741 0.003421553940335497 0.0008720102160841315 0.0004425840614660744 9.551271323959423e-05
 0.08752735229759299 0.05685856432125089 0.0407955124936257 0.01418439716312057 0.01128395260739905 0.006740095347690284 0.003680794333372236 0.0007992374105487642 0.0004044609078667647 9.558873900928644e-05
 0.0597609561752988 0.03154574132492114 0.02027027027027027 0.005341880341880342 0.007584695769425249 0.005283643600626993 0.003926324698327386 0.0008717348686198694 0.0004787835380540088 0
 0.06814310051107325 0.03816793893129771 0.02526847757422615 0.01250781738586617 0.01626821332578866 0.004639791566286561 0.00259773996622938 0.000922510998060805 0.0004701153545551239 9.746957059681215e-05
 0.06734006734006734 0.03787878787878788 0.02510985561833019 0.02180885182809493 0.01305282555282555 0.005441344011970957 0.002925767785468077 0.0008491110386364821 0.0004315206198205266 9.549500332342506e-05
 0.07984031936127745 0.03842459173871278 0.02536461636017755 0.006968641114982578 0.006124770321112958 0.00563582334255559 0.003780086854088648 0.0009452324596684742 0.0004808107450407806 9.759463094092378e-05
 0.05988023952095808 0.03329633740288569 0.02141327623126339 0.006920415224913495 0.004495190146543199 0.006515382659547419 0.004032569433123696 0.0009415833973866256 0 0
 0.07984031936127745 0.03838771593090211 0.02934272300469484 0.008476012883539583 0.006895957245065081 0.00519318653926049 0.003806286569119508 0.0009454513179398424 0.0004808744456449949 9.759729404531024e-05
 0.07183908045977012 0.04672897196261682 0.03262642740619902 0.02096161404428141 0.01301285976729945 0.0056070955245183 0.003488091298553784 0.0007765603037903909 0.0004688044802081491 9.743412210563489e-05
 0.06644518272425248 0.03741814780168382 0.02482929857231533 0.009797517962116264 0.007580224037732671 0.005369918065443712 0.002862472067812887 0.0008783520587808473 0.0004766077974981009 9.742029081746161e-05
 0.07541478129713425 0.04389815627743635 0.02963841138114997 0.009912440112340989 0.005349977708426215 0.006437404709469761 0.003899084601274291 0.000855395406526667 0.0004801737248937738 9.755747927401308e-05
 0.05988023952095808 0.04989308624376336 0.03560528992878942 0.02710945442222975 0.01701765581791108 0.005867936902419661 0.003763575755403419 0.0009038409393791958 0.0004692357323010147 9.552978330063761e-05
 0.05988023952095808 0.03329633740288569 0.03213711837171934 0.0170697012802276 0.01597777005904828 0.00639267870060394 0.003522144353731667 0.0009438232546492926 0.0004804533911184759 9.75796075348185e-05
 0.06768189509306261 0.03787878787878788 0.0249843847595253 0.006932409012131715 0.00906917305631132 0.005735879614009042 0.003163470055496304 0.0008058296015748213 0.000411009576523133 8.360764603866973e-05
 0.08215962441314553 0.05189028910303928 0.03655352480417755 0.0212342402123424 0.0166689818030282 0.0050636447765885 0.00308443178416235 0.000846424050754664 0.0004311523231761031 8.761118157616498e-05
 0.06791171477079797 0.03791469194312796 0.0249843847595253 0.01703577512776831 0.01835111805885951 0.004843657499596362 0.002858512835644733 0.0009277675014641332 0.0004802560843055252 9.757152440771596e-05
 0.08599508599508598 0.05343511450381679 0.04225352112676056 0.0172761301468471 0.0129366106080207 0.006240828512152749 0.003367922810850173 0.000723485715067861 0.0004607535968190356 9.359346741493648e-05
 0.079155672823219 0.048 0.04482477587612062 0.01730602826651284 0.0123800680903745 0.006466696512958265 0.003716978627372892 0.0008325185622598039 0.0004224508041301934 8.758840456924819e-05
 0.05988023952095808 0.03161222339304531 0.02018842530282638 0.009743423189347192 0.005289605924358636 0.006445479301954592 0.003551388592939839 0.0008496685327189972 0.000468647940926927 9.550589072375161e-05
 0.05988023952095808 0.03151260504201681 0.02013422818791946 0.005327650506126798 0.01370455856895557 0.005651595744680851 0.003070421008904221 0.0006636904703808608 0 0
 0.08 0.04838709677419355 0.04614093959731543 0.01859799713876967 0.01126397940300909 0.004617297105309891 0.002432543692227087 0.0007873320198330857 0.0004472197997816401 9.14483651716118e-05
 0.06872852233676975 0.04284490145672665 0.02898550724637681 0.01112170320940578 0.006090133982947625 0.004351913100999199 0.003765719690335237 0.0008337453586559249 0.0004410212484037481 9.349767439454786e-05
 0.07042253521126761 0.03857280617164899 0.02525252525252525 0.01244748716352886 0.007586613841355476 0.00705399512633064 0.003895460018414901 0.0009270758290085891 0.0004713076725943425 9.561619658690019e-05
 0.08385744234800838 0.05431093007467752 0.04704037632301059 0.02131060202450719 0.0157581835112098 0.00600280130727673 0.003772922698955866 0.0008702580605235472 0.0004789641861860864 9.751886144142031e-05
 0.05988023952095808 0.0450112528132033 0.03146303093864709 0.02271097298589529 0.01492855619535082 0.0064891846921797 0.003585771658060814 0.0008870257063906346 0.0004513016127165022 9.161698602821047e-05
 0.06622516556291391 0.03693444136657433 0.02442002442002442 0.01885014137606032 0.01104275122259031 0.005969555268132524 0.003246636124237943 0.0007025103034844511 0.0003553323541952906 9.349598186098381e-05
 0.07374631268436578 0.04269854824935952 0.02885170225043278 0.00979431929480901 0.01153402537485583 0.006137818917753226 0.003337512741180397 0.0007220540681892251 0.0003652106278266809 0
 0.05988023952095808 0.03587443946188341 0.02390914524805738 0.01538676738005315 0.01587931718936086 0.006906619366788579 0.00384995668798726 0.000924892914742215 0 0
 0.05988023952095808 0.03616636528028933 0.02409638554216868 0.01091362644215778 0.01881939652468478 0.005395620844501688 0.003963945332023508 0.0009214979717445685 0.0004698686912786497 0
 0.05988023952095808 0.03095975232198142 0.01982815598149372 0.00529567519858782 0.01016180723833346 0.00442110103100076 0.003639073249345834 0.0008645433482034789 0 0
# name: avgRateB
# type: matrix
# rows: 100
# columns: 10
 0.1220034246575342 0.1084883166428231 0.09991673605328893 0.08204541118107231 0.06811773278839146 0.03336825801749271 0.0211711321136449 0.005431198355122784 0.002821505244256941 0.0005829176575275488
 0.1130814700591108 0.1015603360723848 0.0953619419159081 0.07742814667988107 0.06617802151444843 0.03230864256188531 0.02046939404985559 0.005371750824096244 0.002811205177954053 0.000584045885812496
 0.1160626300229936 0.1079298456003598 0.1012282359292752 0.07679216304844133 0.06365420419664872 0.03201965041559752 0.02054794520547945 0.00539741436407481 0.002816928306787365 0.0005908880711753337
 0.1190759704691593 0.1076523994811933 0.09987515605493133 0.07946611117540407 0.06472934472934473 0.03289101883039085 0.02082204284206623 0.005392899410462225 0.002806545669107307 0.0005807055909858637
 0.1153308480894688 0.1053200108020524 0.09800503583188069 0.07856867177592766 0.0683043738765728 0.03445546398472785 0.02167735887746433 0 0 0
 0.1099637924098163 0.09666584746456951 0.09016011192289757 0.07274908085838701 0.06251645169781521 0.03255129042615618 0.02085712866861995 0.005441451646039123 0.002824337721624052 0
 0.1111981205951449 0.1022179363548698 0.09643377001455604 0.07565514133024275 0.06444712593242651 0.03159489288032893 0.02041387024608501 0.005407986456520874 0.002837969949789763 0.0005916840098682603
 0.1133362676056338 0.1072949191030372 0.1022012578616352 0.0846107903643241 0.06924967112611383 0.0334932138314136 0.02105340375586854 0 0 0
 0.1176785236694303 0.1087259548369111 0.1016456921587609 0.07595835951801962 0.06521488650766218 0.0329304800975718 0.0210898555664437 0 0 0
 0.1293356848912404 0.1137246591792046 0.1086809774537599 0.08122232948303985 0.06688280192990069 0.03325670156016338 0.0212521662233189 0.005500600820660109 0 0
 0.03992015968063872 0.02219755826859046 0.01414427157001414 0.08195722381329597 0.06976565894048198 0.03443321736858978 0.02142815352211561 0.005515618053595575 0.002871694789746801 0
 0.1232394366197183 0.1085481682496608 0.09788875523663362 0.08107482047718323 0.0657848694800196 0.03343256781022588 0.02092297682946665 0.005408239590513764 0.002819216544500616 0.0005846088540695415
 0.07625272331154684 0.09300883583940474 0.09061254077564335 0.07360311596070682 0.06235022632466495 0.03239098340788401 0.02069814276124413 0.005431323926353442 0.002834634847492828 0
 0.1181007471679923 0.102019571101395 0.08969430715723962 0.0722407677863551 0.06145961374195296 0.03277678787478827 0.02105441648179288 0.005490187437569774 0.002859596672538882 0.0005924082584485046
 0.1175399387467925 0.1115825868301116 0.1047612166750957 0.07640734476926794 0.06545210915556472 0.03186736168907968 0.02050205372806245 0.005353729886968693 0.002795057422689952 0.0005802128410804949
 0.1029493600445186 0.09801673736099967 0.09078415858076874 0.07641883128264451 0.06112091791703442 0.03123140987507436 0.02024138711824401 0.005416166260001341 0.002839587072756109 0.0005917938578131139
 0.1114369501466276 0.1020092735703246 0.09475064506577556 0.07801967702148409 0.06673947336488291 0.03345064287954284 0.02114044109244658 0 0 0
 0.1058370750481078 0.09843068065744265 0.09161666936922327 0.07411645385275531 0.06405211612451907 0.03319779424051691 0.02122809517025217 0.005498733261616074 0.002857641505996252 0
 0.1102835863649384 0.1013708098145375 0.09301897218640634 0.07973117458377883 0.06840195284964624 0.03281489920253603 0.02072173667888356 0.005410170015512835 0.002815444725350494 0.0005828495913015051
 0.115020297699594 0.09607233681831026 0.0948948948948949 0.07647811335446909 0.06605582782868101 0.03308997928983814 0.02087058050862918 0.005408953560008214 0.002819698894391284 0.0005843714510577023
 0.100928542591845 0.08761543926118873 0.07614735542292653 0.07517182130584193 0.06347932792146498 0.03272551901524895 0.02072250617155175 0 0 0
 0.03992015968063872 0.02219755826859046 0.01427551748750892 0.08366322491123536 0.06951062279275744 0.03363203137469503 0.02129281942825903 0.005495257796050076 0.002852691615391856 0.0005889704281319246
 0.1268115942028986 0.1145982549811173 0.1027190332326284 0.0817132677561769 0.06768837803320563 0.03385833206851058 0.02123700054734538 0.005458624901187936 0 0
 0.1138265818547037 0.1020269351108693 0.09406747773736361 0.07534186917515896 0.06714500412081253 0.03353152654867256 0.02110525254271473 0.005421859531277468 0.002817464820153432 0.0005811740469489453
 0.09957325746799431 0.07717303005686434 0.06201044386422977 0.07639239441359583 0.06531490176533851 0.03269968106296992 0.02060929343640357 0.005352925162059349 0.0027860807025136 0
 0.08902077151335312 0.09985128531973657 0.1010473521168314 0.07618632999564649 0.06822805537637076 0.03373430334461812 0.02099019959364169 0.005475247851102557 0.002855928439411812 0.0005924142445707909
 0.1238738738738739 0.1026991441737986 0.1070484297414071 0.08434282879232646 0.0688170739101437 0.03240590713392898 0.02044273114888149 0.005331970310118425 0.002828562617186687 0.0005910296329211808
 0.09208103130755065 0.09672961768770152 0.08479709267110842 0.08091592801504163 0.06876573625362103 0.03388514348240444 0.02124520507524344 0.005456846052850835 0.002846393151845523 0.0005902351730646773
 0.05988023952095808 0.03329633740288569 0.08057090239410682 0.07303892594781727 0.06226538759458976 0.03218490859944106 0.02038107533744823 0.005413469813941796 0.002820909537734207 0.0005844328099390822
 0.1087970158532795 0.09293680297397769 0.09372746935832732 0.07351037945850805 0.06732532362680971 0.03324778348110126 0.02091328690828239 0.00547420784722184 0.002851197167938383 0.0005904497721418664
 0.1176470588235294 0.1022904158327774 0.09088155104513783 0.05791019723038187 0.06544953496383052 0.03278140157216926 0.02095989200326832 0.005439061310205338 0.002827926880355686 0.000584740493160221
 0.08075370121130553 0.1110444177671068 0.1064668769716088 0.08558336804635135 0.07119233140871124 0.03359587890552092 0.02094426171477455 0 0 0
 0.1370878103001111 0.1257861635220126 0.1168637043076505 0.0891955570514978 0.07266915932939332 0.03470306196274633 0.0214026143887993 0 0 0
 0.07462686567164178 0.04397537379067722 0.02972651605231867 0.008549931600547196 0.06550750048704462 0.03320875229973503 0.02089699641459069 0.005409393577541081 0.002815299139897385 0.0005898524399008653
 0.1269185360094451 0.108148893360161 0.09382500545494217 0.08479389808503732 0.06891472460413488 0.03400915631131458 0.0212370980916314 0.005484918315209789 0.002854110877418811 0.0005905747441701553
 0.1269393511988716 0.1184772192699712 0.1100262314194112 0.08563952105304894 0.06966232385003988 0.03398920342949886 0.02131237002404094 0 0 0
 0.1223150357995227 0.1041913331754677 0.09135628952916373 0.07497536523713637 0.0628308802140904 0.03257218853549129 0.02074733479306508 0.005417565768330196 0.002822121221107936 0.0005844924445930882
 0.09562841530054644 0.1106261288380494 0.1049406856993873 0.08105663108377058 0.06790197971994207 0.03333644162625886 0.02092510232020372 0.005436254844255905 0.002827184287372261 0.0005898278059078578
 0.05988023952095808 0.03329633740288569 0.02029769959404601 0.07903821694627824 0.06774653626731866 0.03383895945199685 0.02129731929987788 0.005502615122437787 0.002863545816733068 0.00059255501199478
 0.1314553990610329 0.111251580278129 0.09653356735410268 0.08609243157579133 0.07246982746606462 0.0348071495766698 0.02179015640652535 0.005534065142260758 0.002867416621201755 0
 0.1312607944732297 0.1099195710455764 0.09471009471009471 0.08377404408667573 0.06970524638670764 0.03374147766801169 0.02136721494844622 0.005506017818803974 0 0
 0.1182965299684543 0.09859502095144196 0.08581849388543231 0.07341541267669859 0.06388953293659995 0.03212015911480957 0.02046756705075815 0.005370696820510947 0.002815923285116989 0.000590806458719918
 0.1298318087931543 0.1193633952254642 0.1105515292961553 0.08772255882243615 0.07287640515740713 0.0347259642442313 0.02163113690271955 0.005459818511931092 0.002833533281529301 0
 0.1008064516129032 0.09668508287292818 0.08305274971941638 0.08218515832729031 0.06768466141320341 0.03289084498710395 0.02058146335685148 0.005261997446819548 0.002729467484738048 0.0005896850626639319
 0.1121076233183856 0.09985734664764621 0.08729192042224929 0.07745115296602711 0.0653960091666201 0.03237973242243097 0.02064012666817462 0.00539907224105572 0.002812562780419206 0.0005825121530065255
 0.1255830642267671 0.1050735514860402 0.101323161282632 0.08240297713981924 0.0695338655678599 0.03392937927093503 0.02118234655805449 0.005365372625128815 0.002785055201714826 0.0005919310493373539
 0.1232032854209446 0.1128948731227343 0.1037836070932418 0.07662835249042146 0.06956125096216895 0.03384890765559023 0.02142385091904689 0 0 0
 0.08235294117647059 0.09767687434002112 0.08437856328392246 0.07759504172563565 0.06914320267108343 0.03396265251746732 0.02152267489890865 0.005505122719900095 0.002859681750048461 0.0005908199272062268
 0.09708737864077671 0.09211873080859774 0.08581060373889059 0.05919295459467264 0.06341807144018646 0.03197770696999806 0.02027428207319016 0.005452941843826282 0.002845547863451898 0.0005902141308750321
 0.07462686567164178 0.1001082251082251 0.08762991644589363 0.07817735090462363 0.06636085626911314 0.03338201543918214 0.02104986186028154 0.00544789335976503 0.002848731409407483 0.0005919212059830366
 0.05988023952095808 0.03225806451612903 0.02054794520547945 0.06736574515411503 0.06728202846975088 0.03181309804896235 0.01954004564432537 0.005214838349290244 0.002702967877968215 0.0005780241550751708
 0.1292407108239095 0.1105626850937809 0.0983946141895391 0.0759583112524289 0.06626332469029098 0.03322949117341641 0.02112646000199172 0.005489512094368201 0 0
 0.1203576341127923 0.1012793176972281 0.08741660915573959 0.07570801009440134 0.06454600712032187 0.0305248790172478 0.02003846800792763 0.005392117704301348 0.002826934498880648 0.000589519063226513
 0.1055245189323402 0.1026392961876833 0.10351966873706 0.08322249667490025 0.06978155339805825 0.03332990902761132 0.02114892427251285 0.005484030062790304 0.002853968740422924 0.0005905793087566463
 0.1150214592274678 0.1051145277690618 0.0959503315930577 0.08129773878847463 0.06790706172538749 0.03186006175193436 0.01965275100720349 0.004992742890445487 0.002791606569580794 0.0005869567537378473
 0.1251489868891537 0.115606936416185 0.1087924043121353 0.07826863476388086 0.06912852314026482 0.03428750799840636 0.02129558116690787 0 0 0
 0.1200738916256158 0.1029023746701847 0.1045944061362052 0.07919966652771988 0.06903175460711927 0.03424699571605681 0.02113636363636364 0.00523604425301917 0.002699551526117435 0.0005882237603184251
 0.1314016172506738 0.1095690284879474 0.1067643391521197 0.08618839854087691 0.07264944382479727 0.03308377708651869 0.02081126919117484 0 0 0
 0.1067463706233988 0.08692628650904033 0.09489336724711406 0.08424515003020742 0.07159971811134602 0.03378928003804423 0.0209535333264472 0.005448433806146572 0.002836216180996585 0
 0.1223615784643622 0.1105527638190955 0.1031051432681933 0.07726150874557357 0.0688245491474553 0.03349353786388425 0.02166855141721081 0 0 0
 0.1177593889242521 0.1014947407270714 0.09487512163477133 0.0803290029979245 0.06689498447652274 0.03331151526485576 0.02116546370302343 0.005453046496925961 0.002831795204570805 0.0005849208978753888
 0.1246803069053708 0.1155772441248234 0.10662177328844 0.08356329433712931 0.06917779963824452 0.03393925448688449 0.02143420928767461 0.0055008952799365 0.002858546093576137 0
 0.03992015968063872 0.02219755826859046 0.01427551748750892 0.006942034015966677 0.06495951798154773 0.03083784644791335 0.01990195361088754 0.005386068279333147 0.002818183376145601 0.0005860318516230707
 0.1169590643274854 0.1134991547935281 0.1052521884118383 0.07701661937576003 0.06893987070198523 0.033517443232781 0.02099489173584878 0 0 0
 0.113295568143952 0.09590973201692525 0.09674582233948989 0.0715044931877476 0.06502518762208286 0.03220983797843764 0.02077527235875348 0.005334044539271903 0.002767676612363826 0.0005711837783806939
 0.1188511059755695 0.1006429969247973 0.1082027209801893 0.08397025053980876 0.0710540641205627 0.03462204270051933 0.02153101136151984 0.005510171628902884 0.002861060013133994 0
 0.107893242475866 0.0862663906142167 0.07232267037552156 0.06787040594186196 0.06264628941208868 0.03294030007100206 0.02073989388209773 0.005403573685512012 0.002832419608707885 0.00058978484727937
 0.09282700421940929 0.06524317912218268 0.04901960784313725 0.04373018476003061 0.06652046783625731 0.03335842937395031 0.02104140334470641 0 0 0
 0.1201098146877145 0.1008760286700292 0.09904451176881846 0.08290226439656059 0.06997005172883201 0.03422743783179659 0.0215488807775188 0.005482160677483558 0.002861307252549732 0.0005909114253517261
 0.05988023952095808 0.03177966101694915 0.02042205582028591 0.08134603351178475 0.06869395263278916 0.03367696761923222 0.02088859167311608 0.005432650783682895 0 0
 0.05988023952095808 0.09333333333333334 0.08081274532440544 0.07915567282321899 0.06702589039295571 0.03344981378454182 0.0211582506271131 0 0 0
 0.1158630090304992 0.1064720660366072 0.1012923506811037 0.07349214394323365 0.06773819780742149 0.03359244227373828 0.0212685646259491 0.005440989405855099 0.002819582336134632 0.0005922572369278528
 0.05988023952095808 0.08979048885932824 0.07529280535415504 0.07575116377486246 0.06204896472651244 0.03321352199827107 0.02115595572208055 0.005489424568306494 0.002855481038360226 0.0005922410480487737
 0.07363770250368187 0.0437062937062937 0.1045100652311145 0.08418639579463262 0.07097962722149978 0.03388971971633942 0.02105515551592624 0.005430920531825195 0.002828602056921062 0.0005847962490573877
 0.05988023952095808 0.1076889941847943 0.1012965964343598 0.07620751341681574 0.06416671572378878 0.03242534696271085 0.02050715205107881 0.005343209057660596 0.002779180678369254 0.0005858931188436687
 0.1210084033613445 0.1018387553041018 0.08706731790189 0.07588446419415484 0.06441495778045839 0.03276799132213195 0.0208373336746958 0.005436864862892485 0.002841296432075376 0.0005900430434420181
 0.1214165261382799 0.107568688439606 0.09992776306284613 0.0798035604665439 0.06868560724320949 0.03345021684968164 0.02111474271830619 0.005424804642451864 0.002823623100874175 0.0005845731734020395
 0.1209533973674849 0.09997222993612885 0.08593936500358081 0.04491017964071856 0.06417970316887284 0.03262429857758058 0.0203935889035317 0.005419794416505671 0.002818348792711405 0.0005827754183742747
 0.1269291792874657 0.1166295374131831 0.1095664467483506 0.08653026427962489 0.07073211970918108 0.03342569926811387 0.0211832019392457 0.005455647235652838 0.002846414902223738 0
 0.07822685788787484 0.04792332268370607 0.0334075723830735 0.07886334610472541 0.0672621896102515 0.03338937696843402 0.02088656815909343 0.005467818504999671 0.002854295380432708 0.0005921729002271845
 0.0597609561752988 0.1240664156533547 0.1196784757368264 0.09210177577524516 0.0784756527875794 0.03622954001423304 0.02191949986493266 0.005522889307909448 0.002859979450518023 0.0005892710994270976
 0.119686339248865 0.1070505721668513 0.09647371922821024 0.05630102280191424 0.06884014058901951 0.03461483560926869 0.02161527776746121 0.005469881349929633 0.002836475731786701 0.0005851224195109567
 0.1194217473287241 0.1009578048149107 0.1002785515320334 0.08066631689401889 0.06869235243608564 0.03408822835574428 0.02134331303769434 0.005423366164510012 0.002810078172140385 0.0005826594599222446
 0.1216356107660456 0.1064311594202899 0.1006180825068276 0.08244151319064211 0.07073222422379993 0.03415954516979303 0.02135399025079893 0.005485857349300001 0.002854622140947447 0.0005906157109328517
 0.1255980861244019 0.1141226818830243 0.1055127445168939 0.08180792377131393 0.07015778883829292 0.03400543125615822 0.02115334305041671 0.005504418262150221 0 0
 0.1249421564090699 0.1146983857264231 0.1057303224122177 0.08481296328219272 0.07042073186346061 0.03449232364895015 0.02142643092598142 0.005345184941530031 0.002856986722681502 0.0005907172159378677
 0.09630818619582665 0.09881899252832008 0.08635214827295704 0.07942238267148015 0.06475359552859383 0.03293672501823487 0.0208950907381968 0.005353081077877142 0.002780260343963419 0.0005769605953757501
 0.05988023952095808 0.03102378490175801 0.03540718259989884 0.08624000558639712 0.07253912953044564 0.03507980655992383 0.02184561931957979 0.005491723321394265 0.00284234340133118 0
 0.09700889248181083 0.1033672670321065 0.09400869931247369 0.08216216216216216 0.06705263779760147 0.0324058554028383 0.02130763070586889 0.00550449225676794 0.00285966254062784 0.0005908300011578682
 0.1214346229878565 0.1093811588490343 0.1022938623682579 0.0816241828935081 0.06858710562414266 0.0329326335633575 0.02073199320166442 0 0 0
 0.0927643784786642 0.1015653005138009 0.09431892958982234 0.07789434009673973 0.06602180254874865 0.03275301409905733 0.02072471978601189 0.005353071162505534 0.002790462181086611 0.0005824812234007671
 0.1108116202455825 0.09436368273399642 0.1013250194855807 0.07657420796634679 0.0652843933875035 0.03406834815502274 0.0213717730465094 0 0 0
 0.1009637448370812 0.08809463881198087 0.07620660457239628 0.07515594097063745 0.06449309852451214 0.03291698606664563 0.02093599567037913 0.005425935973955507 0 0
 0.1182160128962923 0.1108729396112055 0.1059845969052498 0.0818937939859245 0.07007938680536545 0.03408431637981048 0.0211535432184891 0.005393623702390188 0.002802077375720192 0.000586110178813107
 0.1100034376074252 0.09153318077803203 0.09830621056127532 0.07931814228561489 0.06686240879095322 0.03287625378076918 0.02048859716437815 0.005431810725092049 0.002839926314395091 0.0005899854523050217
 0.1157662624035281 0.1015665346875538 0.09162129863231974 0.07890281070098205 0.06695209907761271 0.0312332121484702 0.02047584715212689 0.005416354829796539 0.002832451914851553 0.0005896626595329357
 0.1040462427745665 0.1027094032229502 0.09200178067962606 0.08143648621587345 0.06862085038065151 0.0335533620468771 0.02074970573144599 0.00539929225493415 0.002821947506056223 0.0005876067213503638
 0.1170886075949367 0.09811721028904799 0.08333333333333333 0.07495155570180249 0.06329405266065181 0.03238857322171043 0.02084732482650549 0.005472840569542724 0.002851145337611965 0.0005904704801416654
 0.10655090765588 0.08547008547008547 0.09161341401345925 0.07485290533718622 0.0632408741947819 0.03206239168110919 0.02071378586424073 0.005436479512186163 0.002835879237531712 0.0005866798696064349
 0.1185495118549512 0.09468170829975826 0.08403361344537816 0.07516274075565399 0.06385768857973659 0.03227512061862484 0.02072692802874888 0.005419984962735322 0.002835518966577034 0.0005897994385030178
