# Created by Octave 3.0.1, Thu Sep 10 00:45:55 2009 PDT <jwawerla@marvin2>
# name: prtA
# type: matrix
# rows: 100
# columns: 10
 331.9 450.2 756 1139.5 1185.9 1320.9 1758.8 1914.8 1983.4 2654.2
 396.4 601.4 688.6 894.2 947.1 1527.1 1592.6 2758.6 2364.5 3808.7
 292.1 702.4 863.4 1302 1355.8 1500.5 1567.2 1725.7 1794.6 1955.2
 416.8 521.8 594.4 1224 1281 2081.3 2147.9 2102.6 2169.7 2721
 672.3 747.2 829.4 1524.4 1682.3 1831.7 1899.2 1822.5 2859.8 2049
 283.2 577.1 620.6 1486.8 1545.6 1929.7 1997.3 2156.7 2410.3 2543.5
 549.9 892.4 1112.7 1441.7 1501.6 1653.4 1721.3 3177.4 1695.5 3151.3
 53.5 146.3 191 489.2 1227.1 1684.4 1750.6 1827.9 1895.2 2054.4
 72.8 156.4 194.6 242.1 812.2 1159.8 1224.6 2021.7 2152.3 2312.8
 53.6 98.2 104.4 486.6 821.4 1110.1 1175.5 1330.5 2678.3 2838.9
 40.1 73.59999999999999 79.2 621 713.5 1012.8 1254.3 1408.4 2479.1 3010.5
 59.1 70.40000000000001 75.90000000000001 255.6 443.9 845.7 2139 2293 2836.7 2997
 61.9 86 148.4 360.6 462.5 1197.4 1261.3 2396.6 2850.1 3010.5
 51.7 62.6 139.6 344.2 383.1 966 1752.7 1907.4 2539 2699.4
 40.9 49.8 54 130.6 738.6 867.9 1556 1711 1814.5 3320
 70.8 137.1 145.3 382 693.9 1031.1 1625.5 1779.6 1887.8 2048.3
 62 90.09999999999999 113 222.2 259.3 1366.2 1430.8 2459.4 2567.6 3149.5
 65.7 80 161.1 213.1 823.1 1381.9 2106.7 2456.7 2564.9 2725.4
 53.7 79.59999999999999 85.59999999999999 527.9 665.1 1338.9 1775.8 1929.8 2035.8 2196.2
 63 131.6 140 523.4 564 1393.1 1647.3 2145.9 2251.9 2412.4
 76.8 150.7 174.6 345.9 462.4 1075.3 1137.1 1973.8 2076 2694.3
 88.8 99.3 172.4 243.3 279.9 1689.9 1751.6 1926.5 2027.1 2187.4
 64.3 72.59999999999999 78.2 495.6 568.9 1264.4 1500.1 1674 2109.9 3839.8
 78.3 150 159.1 351.6 749.1 1228.7 1591.2 2033.7 2133.1 2981.1
 91.09999999999999 116.3 124.2 256.7 292.5 1162.7 1224.4 2010.3 2102.8 2263
 40.1 40.1 88.3 148.8 272.7 1441.1 1502.9 1673.2 1765.9 3307.3
 64.7 71.90000000000001 77.90000000000001 141.3 549.9 774.1 1592 1756 1826.1 2015.7
 40.1 63.8 69.3 120.7 367.9 1665.8 1725.8 2046.5 2109.3 2688.7
 164.3 176.5 202.2 272.4 743.6 990.1 1665.9 1825.8 1893.1 2696.1
 78.2 86.3 150.4 312 683.6 1422.5 1482.4 2149.6 2234.2 2410.1
 111.2 134.7 143.6 285.3 578.2 1181.9 1552.7 1716.3 1800.9 1976.8
 40.1 40.1 57.6 125.4 681.8 1185.3 1962.1 2317.6 2384.6 2543.5
 46 51.4 54.7 255.9 315.6 795.3 863.9 1037.4 1619.7 3115.2
 40.1 78 127.4 164 485.5 644.1 1059 2018 2076.6 2235.6
 64.7 75.2 78.2 316.3 445.7 558.3 1523.5 1683.6 1765.8 1982.1
 63.5 73.90000000000001 77.09999999999999 121.1 619 1146.9 1336 2032.3 2112.8 2268
 96.40000000000001 163.4 167.3 392.1 579.2 1033.7 1597.9 2274.5 2354.8 2526.9
 67.5 79.5 82.09999999999999 150.3 515.9 787.4 1469.9 1619.9 2580.3 2751.8
 85 164.6 170 443.5 504.6 772 1075.6 2031.5 2111.4 2281.4
 90.40000000000001 173.4 179 460.6 494 1149.7 1214.4 2277.2 2356.9 2476.7
 63.2 72.59999999999999 76.3 223.3 646.3 755.2 1017.3 1570.9 2136.7 2313.4
 85.5 97.5 102.2 166.6 412.2 877.6 941.2 1827.4 1897.9 2074.4
 52.6 60.2 63.8 187.1 332.8 1365 1427.6 1619.3 1686.8 2943.9
 63.5 72.5 75.90000000000001 203.2 254.6 1137.1 1199.3 1976.5 2046.4 2233.4
 71.09999999999999 120.3 125.1 423.7 528.2 878.3 1526.3 1840.1 1909.9 2091.1
 61.2 69.09999999999999 72 293.7 362.2 868.1 1430.4 1957.1 2026.2 2207.4
 53.1 59.8 62.5 81.59999999999999 617.2 1032.1 1091.9 1733.3 2331 2994.4
 51.5 57.8 60.5 427.8 477.4 580 853 1749.4 2041.5 2221
 40.1 47.4 49.7 65.7 393.5 1022.6 1082.6 2227.2 1672.7 1859.2
 57.9 64.59999999999999 68.09999999999999 164.4 186.9 864.1 922.9 1596.4 1978.1 2749.3
 65.40000000000001 72.8 76.8 115.1 134 777.1 1130.4 1296.4 2150.5 2325
 40.1 46.4 49.1 62.8 117.9 1040.3 1226.8 1754.5 1816.8 1989.6
 58 64.3 68 233.5 607.9 764.8 1100.6 1615.7 1678 2499
 40.1 40.1 40.1 81.2 154.4 1128.3 1183.6 1346.5 1409 2521.4
 40.1 46.6 49.6 126.2 164.7 950.6 1096.7 1839.3 1906.7 2065.8
 48 105.9 159.3 189.4 267.9 946.7 1449.9 1434.7 2038 2268
 66.40000000000001 135 142 201 284.6 753.3 1226.6 2094.7 2161.9 2262
 50.1 55.9 59.6 76.40000000000001 212.8 925.4 1060 2046.4 2108.9 2346.4
 57.9 64.5 68.40000000000001 104.3 121.6 1006.5 1061.8 1226.6 1289.2 2233.4
 40.1 40.1 40.1 191.2 214.3 855.1 1083.8 1693.2 2011.1 3017.9
 81 90.09999999999999 95.40000000000001 135.6 155.6 893.1 1419 2096.1 2161.4 2384.2
 65.90000000000001 73.59999999999999 136 192.7 235.7 617.7 673.1 2066.7 2134.6 3016.1
 88.59999999999999 98.8 104.7 241.5 266.2 822.1 1280.7 1652.6 1720.5 1888.5
 59 66.2 71.09999999999999 136.6 338.9 954.9 1010.6 1696.7 1764.7 1929.3
 66.2 74 78.8 187.4 286 963.7 1287.4 1644.8 1712.8 2279.7
 40.1 56.5 60.4 75.90000000000001 110.3 809.4 929.6 1535.9 1606.4 2769.3
 66.2 73.5 78.5 293 318.2 524.8 1381.9 1838.9 1974 2133.1
 40.1 66.8 71.5 88.3 237.9 783.1 838.6 1567.9 1640.1 2666.4
 40.1 43.2 107 296.2 421.8 941.7 997.3 1359.5 1661.3 1824.9
 40.1 40.1 62 77.5 222.6 952.8 1399.3 1871.7 1957.4 2116.4
 64 71.3 76.09999999999999 172.1 472.4 865.8 921.5 1499.2 2342.2 2505.8
 64.40000000000001 71.90000000000001 76.7 124.4 280.1 824.4 1245.9 1771.5 2291.7 2915.4
 68.3 76.3 81.40000000000001 214.1 238.2 743.9 1071.8 1963.8 2615.1 2773.8
 50.2 56.4 60.4 109.5 184.9 769.6 825.5 2370.9 2813.7 2976.9
 40.1 43.6 46.8 59.6 71 630.1 686.1 1673 1875 2676
 40.1 40.1 40.1 43.1 51.5 1050.5 1584.2 2059.4 2190.6 2349.6
 49.3 55.5 72.59999999999999 91.90000000000001 196.3 798 854.3 1327.7 1733.2 1896.5
 80.7 90.3 109.3 134.8 235.9 1137 1193.3 1351.7 1424.1 1587.4
 40.1 40.1 75.59999999999999 156.4 178 992.3 1376.8 1648.8 1721.2 2550.9
 40.1 40.1 85.8 200.7 438.8 943.3 1071.2 1921.1 1993.5 2154.7
 71.3 80.2 111.4 137.3 312.1 925.5 982 1140.4 2009.6 2171
 40.7 45.8 49.3 63.4 193.6 904.7 1473.8 2341.2 2408.2 2739.5
 40.1 44.6 47.9 114.8 134 1204.4 1260.9 1785.8 2425.3 2587
 48.9 66.3 70.59999999999999 89.90000000000001 181.6 1020.5 1076.9 1234.4 1822.9 1982.1
 40.1 87.90000000000001 93.40000000000001 164.9 275.5 1231.8 1453.3 1925.5 1997.5 2626.9
 84.5 94.09999999999999 99.90000000000001 253.4 373.2 844.6 901.1 1570.1 1642.1 1803.6
 40.1 76.09999999999999 81.09999999999999 148.2 171 1098.8 1706.3 1862.3 1934.3 2586.4
 77 86.7 92.3 115.1 135.2 862.1 1106.4 1826 1897.9 2061.3
 40.1 40.1 74.40000000000001 127.9 312.4 1101.1 1157.9 1701.1 1768.6 2516.1
 86 96.2 102.6 144 189 1140.5 1197.3 2004.2 2342.7 2508.1
 40.1 40.1 61.8 77.8 362.8 791.8 848.5 2065.7 2136.8 2301.1
 40.1 44.6 60.8 76.7 150.6 724.6 854.4 2132.3 2199.5 2207.2
 40.1 54.9 59 126.2 147.2 1097.5 1384.1 1850.9 1922 2134.2
 40.1 40.1 86 167.2 396.7 996.2 1053.1 1848.9 1918.2 2080.8
 40.1 56.6 60.9 77.2 137.2 1144.1 1333 1744.6 1813.9 2289
 40.1 56.4 60.9 77.40000000000001 135.5 1155.9 1285.6 2018.6 2087.9 2540
 55.9 63.6 107.5 132.2 580.7 1102.5 1228.6 1388.6 1996.9 3033.8
 80.7 148.3 157.3 205.4 232 745 1544.6 1704.9 1774.3 1983.9
 40.1 46.1 63.1 80.8 178.1 1235.8 1293.3 1862.5 1931.9 2093
 57.5 64.8 70 136.9 435.3 1033.9 1091.4 1665.6 1736.2 1895.4
# name: prtB
# type: matrix
# rows: 100
# columns: 10
 463.9 478.2 491.4 574.6 2289.4 3177.1 3379.3 3517.8 3891.7 4049.5
 629.1 664.9 842.4 2569.1 2638.5 3422.5 3478.4 4461.4 4708.7 4867.7
 888 996.8 1282.9 1899.7 2965.8 4113.6 4303.1 4651.7 4368.3 4720.1
 692.7 1068.2 1185.3 2747 3335 3732 4425.2 4336.9 4405.3 5259.3
 887.8 1121.1 2203.7 3443.9 3592.6 4009.8 4074.9 4232.2 4535 0
 705.9 1362 1556.2 3083.9 3132.6 4105.2 4170.6 5279.5 4170.6 5569.8
 647.4 1437.3 1918.9 3094.1 3289 3433.4 3500.3 4382.5 4451.4 4612
 667.1 1873 2375.1 3192 3325.9 4249.8 4316.4 4444.9 4513.8 4674.3
 40.1 1500.9 2163 2669.5 2835.6 4509.8 4574.8 5075.5 5144.1 5965.1
 786.1 1170.6 1810.2 2080.7 3386.7 3857.1 4036.9 4346.2 4455.3 4615.7
 685.6 821.8 983.9 2779.7 2840.2 3736.5 4210.1 4364.3 4459.4 4619.7
 530.7 1617.3 2616.6 2779.5 2893.7 3591.4 3654.9 4390.4 4489.2 4649.6
 403.8 431.2 912.8 2950.1 3783.2 4078.3 4141.8 4444.1 4542.9 4703.3
 40.1 1506.9 2120.9 2844.3 3286.8 3457.3 4094.5 4467.3 4535.5 4542.7
 307.9 325.6 336.9 2999.4 3312.1 3601.8 4164.4 4142.2 4207.5 4365
 383.1 1044.3 1056.9 2775.2 3318.9 3936.9 4418.4 4913.8 5007.2 5167.4
 501.7 605.4 833.4 2885.7 3490.3 4527 4588.8 4759.5 4852.9 5013.1
 454.1 474.8 2358.5 2529.3 3297.4 3479 3540.3 4574.5 4662.1 4821.7
 308.3 1220.9 1562.6 2657.5 3067.5 3941.4 4002.1 4166.6 4251.3 4442.5
 170.6 206.6 1437.1 2808.6 3538.9 3933.2 4073.7 4412.3 4913.6 4472.4
 40.1 739.9 842.7 2932.9 3453.5 3761.6 4231.9 4395.3 4478.9 4654.2
 333.2 348.9 1651.8 2871.2 3524.1 3781.9 3707.5 3869.9 3938 4269.8
 390.8 488 2336.1 2598.6 3195.4 4165.8 4376.8 4537.2 4618.6 4791
 907.2 1167.9 1400 3029.5 3247 3359.6 3925.3 4132.4 4200.4 4464.7
 1187.5 1364.1 1416.1 3078.9 3112.6 3225.7 3291.5 3284.5 3350.5 4909.9
 1182.1 2046.1 2293.7 2363.8 2555.1 3856.5 3921.4 4609.4 4694.5 4714.4
 551.8 1931.4 2257.1 2863.4 3126.6 3239.2 3304.3 3297.5 3363.6 4928.4
 1282.1 1546 1552.7 2321.9 2381.4 4092.1 4157 4308.1 4388.1 5719.6
 1092 1277.7 1548.9 2758.5 2791.9 3540 3603.5 3957.6 4801.5 4989.4
 241.2 446.3 1049.5 1917.4 3340 3650.7 3921.8 4038.1 4571.1 5269
 785 1056.2 1064.5 2376.4 3346.1 3779 3842.1 4004 4850.5 5026
 840.2 1354.5 1429.2 2597.1 3128.7 3527.7 3590.7 4473.4 4536.6 4718.8
 343.5 363.4 1771.5 2585.6 2640.2 3653.6 3715.9 3881.1 3951 4569.4
 493.4 1356.5 1364.1 2303.1 2332.7 3946 4007.5 4405.1 4474.7 4231.8
 316.2 479.3 1093.8 2269.7 3261.3 3666.6 3727.5 4931.2 5000.4 5015.4
 309.5 596.4 799.8 1817.9 2927.7 3061.8 3996.1 4156.4 4225.4 4406.3
 353.2 1161.2 1192.8 2396.5 2506.7 3600.5 3746.7 4276.8 4235 4392.6
 60.4 67.59999999999999 70.7 1231.9 3120.6 3659.5 3993.4 4364.9 4433.7 5213.7
 287.6 304.6 723.5 2217.1 3209.6 3313.3 3678 4522.3 3775.9 4612.5
 356.8 373.8 381.5 2757.4 2881.2 3694.9 4366.5 4157.7 4225.9 4590.6
 292.1 790.4 811.5 2683.8 2909.3 3517.8 3945.7 4640.7 4702.2 5238.9
 360.7 376.8 613.8 2319.6 3127.1 3876.7 3935 4456.4 4518.2 4693.4
 297.2 695.7 770.4 1582.7 2950.6 3786.8 3845 4112.4 4174.4 4348.2
 291.5 725.1 769.9 2764 2853.3 3682.8 3845.1 4211.9 4483.7 4656.5
 112.3 122.7 387.7 2968.9 3118.3 3653.5 3708.5 4375.1 4342.2 5731.8
 41.5 46.3 1257.3 2470.1 2537 3281 3902.2 4305.4 4370.1 4863.2
 88.7 336.5 381.9 1623.5 2841.4 3767.3 3822.5 3870.3 3935.9 4264.1
 314.9 331.1 340.7 1664.5 2547.5 3636.8 3958.4 4124 4189.5 4380
 674.9 712.7 2110.2 2202.5 2403.7 3369.7 3425.3 4048 3993.9 4151.6
 40.1 47.3 97.7 2361.7 2845.7 2980.2 3409.3 3725.4 3790.8 6025.9
 487.7 718.4 728 2083.4 2130.3 3560.2 3695.3 4773.8 4571.1 5269
 291.7 307.9 376.2 2432.1 3155.4 3864.9 4076.6 4824.5 4356 4932.3
 78.7 586.2 595.9 2704.7 2807.6 3643.7 4078.2 4404.2 4700.7 5241.8
 367.9 556.3 667.7 2242.2 2706.9 4037.2 4092.8 4256.3 4324.3 4489.2
 735.9 1302 1313 2583.1 2647 3263.9 3319.6 4134.1 4202.1 5017.9
 242.5 258.3 268.5 2317.4 2383 3888.7 4263 4425.7 4493.7 5405.8
 92 423.5 1258.5 1341.8 3033.6 3331.8 3387.6 4608.5 4676.5 4838.2
 304.7 344.8 1194.5 2046.4 2073.2 3472.5 3528.3 3990.9 4058.9 5344.8
 576.6 605.6 615.6 2156.6 2300.3 3201.7 3648.1 5272.8 5340.8 6015.9
 318.3 334.9 491 2274.2 2877 3168.8 3592.3 4084.1 3925.4 0
 40.6 1209.6 1219.8 1311.5 2783.5 3320.6 4100.4 4403.8 4360.4 4751
 414.7 903.8 996.3 2475.8 2502.4 3077.1 3547.8 4332.1 4422.6 0
 330.4 346.2 356.2 1962.5 2798.1 3402.9 3458.5 4317.4 4389.8 4551.1
 662.9 679.3 689.8 1862.3 1907.5 3459.2 3948.9 4109 4181.3 4497.1
 40.1 40.1 40.1 1944.6 2558.3 3755.6 3883 4152.9 4225.1 4269.8
 258.1 712.5 1454 1923.7 2302 3643.5 3699.1 4382.3 4342.2 5731.8
 183 632.2 642.7 1013.5 2601.1 3237.3 4237.4 4395.7 5300.1 5461.4
 686.2 714.9 1600.3 1848.5 2554.5 3056.7 3746.6 4627.8 4700.2 4943.4
 302.5 461.3 677.5 1208.1 2969.7 3487.9 4081.4 4489.7 4377.2 4559.7
 574.1 733.8 797.3 2081.9 2755.1 3712.4 3832.1 4192.9 4149.1 4306.7
 273.4 736.7 954.2 2525.1 2901.7 3426.7 3483 4074.2 4146.6 4183.2
 115.9 366.9 377.8 1856.7 2966.9 3781.5 3837.9 4259.4 4331.8 5440.1
 65.09999999999999 1416.9 1818.4 2556.8 2626.9 3061.3 3585.4 4214.2 4491.8 4669
 246.7 361.5 372.6 2867.7 2895.9 3865.4 4140.2 4751.2 5118.1 5149.8
 99.40000000000001 387.9 1288 2675.3 3000.3 3511.6 3568.2 4611.7 4684 4845.7
 227.9 920.7 2068.2 2544 2592.7 3539.2 3595.7 4417.5 4330.7 4367.2
 353 529.1 650 2450.4 2478.7 3002.1 3866.9 4649.2 4597.5 5243.8
 307.2 541.8 1682.2 2113.1 2840.7 3910.5 3966.8 4124.6 4198.5 4360.2
 313 330.1 1294 2639.1 2708.5 3591.7 3648 4451 4524.9 4686.5
 662.1 853.4 863.4 2128.8 2157.2 3787.2 3843.6 4142.4 4092.5 4250.2
 59.1 1321.8 1331.8 2680.3 2733 3319.8 4185 4342.7 4414.6 4576.2
 325.4 343.6 926.4 2542.7 2616.9 3516.5 3573.1 4342.5 4002.3 4168
 299.9 714.5 1142.3 2478.1 2636.7 3589.2 3990.2 4029.7 4095.2 4605.6
 274.6 292.2 448.4 2466.9 2496.3 4000 4118.6 4780.3 5083.4 5116.2
 335.6 923.4 1132.4 2498.2 3020 3745.1 3801.9 4448.6 4518.3 4695.3
 288 685.7 696.6 2969.7 3130.5 3684.8 3888.5 4047.6 4119.5 4854.7
 320 731.9 1195.4 1395.4 2910.6 3688.7 3745.4 4862.4 4930.1 5103.9
 303.5 321 368.7 2223.4 3072.9 3908.5 4278.9 4320.2 4385.4 4542.7
 40.8 255 278 1955.5 3159 4013.7 4154.4 4314.8 4386.6 4879.8
 309.3 789.9 800.9 2552 2761.9 3489 3692.9 3853 3924.6 4593.3
 284.2 375.9 789.6 2429.6 2714.4 3618.4 3675.1 4201.1 4272.6 4032.1
 40.1 40.1 375.6 2336.7 3070.9 3743 4339.1 4498.9 4570.3 4605.6
 280 297.4 307.5 2368 2434.9 3358.2 3414.9 4859 4930.3 5094.7
 293 310.9 1375.7 1847 1875.6 3385.5 3442.1 4440.5 4504.6 5416.8
 281.6 329.7 340.3 2388.6 2658.3 3647.8 3704.7 5114.4 5183.6 5625.8
 118 655.7 701.2 2314.7 2345 3592.6 4411.2 4807.1 5213.5 5376.2
 40.4 1572.6 1633.5 2525.1 2555.7 2748.1 2977.9 3796.3 3865.7 4026.9
 40.1 44.8 1007.4 2551.3 2681.3 3080.7 3138.2 3922.5 3991.9 5185
 206.9 344.8 369.4 2783.2 3379.7 3872.8 4045 4375.4 5190.2 5634.1
 40.1 883 894.9 2306.7 2775.1 3728.5 4145.1 4305.1 4247.8 4405.3
# name: collectedA
# type: matrix
# rows: 100
# columns: 10
 17 21 33 42 42 42 45 45 45 48
 18 27 29 33 33 39 39 49 42 45
 15 34 38 45 45 45 45 45 45 45
 23 25 26 38 38 48 48 48 48 49
 31 32 33 46 47 47 47 47 49 47
 14 23 23 45 45 47 47 47 47 47
 24 34 39 42 42 42 42 48 42 48
 4 8 9 22 44 48 48 48 48 48
 6 11 13 13 34 39 39 46 46 46
 4 6 6 24 33 36 36 36 47 47
 3 5 5 34 36 40 42 42 47 48
 5 5 5 14 19 27 45 45 47 47
 5 6 10 19 21 39 39 48 49 49
 4 4 9 18 18 32 44 44 48 48
 3 3 3 5 34 34 43 43 43 49
 6 10 10 20 31 36 46 46 46 46
 5 6 7 10 10 38 38 48 48 49
 5 5 10 10 32 39 47 48 48 48
 4 5 5 25 28 43 49 49 49 49
 5 9 9 25 25 43 45 47 47 47
 6 11 12 19 22 39 39 46 46 47
 7 7 12 13 13 48 48 48 48 48
 5 5 5 24 25 41 43 43 44 49
 6 11 11 19 31 40 43 45 45 49
 8 9 9 14 14 41 41 48 48 48
 2 2 5 6 9 39 39 39 39 48
 5 5 5 7 24 27 48 48 48 48
 3 4 4 5 14 47 47 48 48 49
 14 14 15 16 36 39 46 46 46 48
 6 6 10 16 29 45 45 49 49 49
 9 10 10 15 26 42 46 46 46 46
 2 2 3 5 28 38 46 47 47 47
 3 3 3 13 14 31 31 31 42 48
 3 5 8 8 22 23 30 47 47 47
 5 5 5 17 21 21 47 47 47 46
 5 5 5 6 31 42 44 49 49 49
 8 12 12 22 28 36 45 49 49 49
 5 5 5 7 21 25 43 43 47 47
 7 12 12 24 25 29 34 44 44 44
 7 12 12 26 26 42 42 48 48 48
 5 5 5 12 31 31 34 42 45 45
 7 7 7 9 20 33 33 41 41 41
 4 4 4 10 15 46 46 46 46 49
 5 5 5 11 12 40 40 46 46 46
 6 9 9 25 28 35 46 47 47 47
 5 5 5 18 20 34 45 49 49 49
 4 4 4 4 32 39 39 43 45 47
 4 4 4 26 27 27 31 48 49 49
 3 3 3 3 19 34 34 48 43 43
 5 5 5 10 10 32 32 39 40 43
 7 7 7 8 8 33 41 41 47 47
 3 3 3 3 5 37 40 44 44 44
 5 5 5 15 35 37 42 45 45 48
 2 2 2 4 7 45 45 45 45 49
 3 3 3 7 8 35 37 45 45 45
 4 9 13 13 16 37 48 44 49 49
 6 12 12 14 17 29 39 44 44 45
 4 4 4 4 11 34 35 42 42 42
 5 5 5 6 6 37 37 37 37 46
 2 2 2 12 12 32 35 41 42 49
 8 8 8 9 9 32 41 47 47 47
 6 6 11 13 14 26 26 41 41 46
 8 8 8 16 16 35 45 47 47 47
 5 5 5 8 18 38 38 48 48 48
 6 6 6 12 16 38 42 43 43 44
 3 4 4 4 5 35 36 42 42 49
 7 7 7 20 20 24 46 48 48 48
 3 5 5 5 13 36 36 45 45 49
 3 3 8 20 26 42 42 45 46 46
 3 3 4 4 11 36 44 48 46 46
 6 6 6 11 26 38 38 43 48 48
 6 6 6 8 15 34 42 47 45 47
 6 6 6 14 14 29 35 46 48 48
 4 4 4 6 9 31 31 46 49 49
 3 3 3 3 3 25 25 42 45 47
 2 2 2 2 2 37 46 48 48 48
 4 4 5 5 10 31 31 38 41 41
 8 8 9 9 13 43 43 43 43 43
 3 3 5 9 9 38 46 47 47 48
 3 3 6 12 23 38 39 49 49 49
 7 7 9 9 17 37 37 37 47 47
 3 3 3 3 9 35 45 49 49 47
 3 3 3 6 6 40 40 44 48 48
 4 5 5 5 9 34 34 34 46 46
 3 7 7 10 15 41 44 46 46 48
 8 8 8 17 22 35 35 39 39 39
 4 6 6 9 9 37 46 46 46 49
 7 7 7 7 7 35 38 46 46 46
 3 3 5 7 15 40 40 46 46 48
 8 8 8 9 10 40 40 48 49 49
 3 3 4 4 18 27 27 48 48 48
 3 3 4 4 7 31 32 48 48 49
 4 4 4 7 7 39 43 49 49 49
 3 3 6 10 21 39 39 46 46 46
 4 5 5 5 7 43 45 47 47 48
 3 4 4 4 6 42 43 48 48 49
 5 5 8 8 32 42 43 43 48 49
 8 13 13 14 14 29 48 48 48 48
 3 3 4 4 8 43 43 48 48 48
 5 5 5 8 25 41 41 47 47 47
# name: collectedB
# type: matrix
# rows: 100
# columns: 10
 58 58 58 60 226 285 291 291 295 295
 67 69 86 244 247 282 282 298 299 299
 106 115 144 185 253 292 294 295 294 295
 87 124 131 256 281 286 295 290 290 296
 94 113 211 289 293 298 298 298 298 0
 102 172 189 283 283 297 297 299 297 299
 81 161 208 281 286 286 286 298 298 298
 84 196 236 281 283 299 299 298 298 298
 2 148 207 237 242 293 293 296 296 299
 97 135 192 206 284 291 292 293 293 293
 77 88 101 261 262 285 294 294 294 294
 62 173 260 267 270 290 290 298 298 298
 49 49 90 255 295 298 298 299 299 299
 2 167 226 271 289 290 299 298 298 298
 36 36 36 256 273 277 294 294 294 294
 44 110 110 251 272 287 293 295 295 295
 52 59 79 244 273 298 298 298 298 298
 56 56 239 245 282 283 283 295 295 295
 36 141 170 258 280 298 298 298 298 299
 17 19 146 249 282 288 289 291 297 291
 3 81 88 266 288 293 299 299 299 299
 35 35 171 257 286 291 298 298 298 297
 43 49 220 234 266 292 294 294 294 294
 110 131 149 276 284 284 292 298 298 294
 135 149 152 279 279 279 279 279 279 297
 137 222 241 242 251 290 290 299 299 299
 61 202 229 265 275 275 275 275 275 296
 147 169 169 225 226 295 295 295 295 299
 136 151 175 262 262 289 289 293 299 299
 25 44 106 182 277 283 286 287 295 298
 89 116 116 228 282 293 293 293 299 299
 99 151 156 258 285 296 296 294 294 294
 44 44 198 260 261 298 298 298 298 294
 56 150 150 230 230 295 295 298 298 295
 37 50 112 217 278 288 288 299 299 299
 36 66 84 190 260 261 298 298 298 298
 43 130 132 236 240 283 284 293 293 293
 5 5 5 119 269 287 292 294 294 298
 34 34 79 214 279 279 286 295 286 295
 37 37 37 245 250 285 298 299 299 294
 35 85 86 248 258 279 289 294 294 295
 44 44 65 211 262 289 289 295 295 295
 34 77 83 148 255 287 287 288 288 288
 36 83 86 260 264 290 292 294 295 295
 11 11 40 266 273 288 288 290 290 299
 3 3 136 239 241 278 293 298 298 299
 8 37 40 163 264 297 297 297 297 298
 41 41 41 180 246 291 298 298 294 294
 88 90 232 236 247 290 290 295 295 295
 3 3 7 247 279 280 293 295 295 297
 63 88 88 211 212 290 291 299 295 298
 36 36 41 222 267 290 293 298 295 298
 7 60 60 242 246 283 294 296 297 298
 44 60 69 215 242 295 295 295 295 295
 88 150 150 254 256 282 282 292 292 296
 27 27 27 213 215 284 296 296 296 299
 9 47 137 140 275 281 281 299 299 299
 35 37 133 207 207 278 278 284 284 298
 67 68 68 215 223 260 268 294 294 297
 38 38 52 224 267 275 288 296 292 0
 3 142 142 146 253 270 291 292 292 293
 51 103 110 255 255 279 287 297 291 0
 43 43 43 209 262 286 286 298 298 298
 88 88 88 201 202 287 298 298 298 295
 2 2 2 205 248 295 296 297 297 297
 33 78 166 204 227 280 280 290 290 299
 21 71 71 106 235 267 292 292 299 299
 88 89 186 203 251 269 291 298 298 299
 40 56 76 129 265 281 297 299 294 294
 74 90 95 215 257 295 296 298 298 298
 35 85 106 248 270 285 285 290 290 290
 12 41 41 187 259 289 289 291 291 296
 6 162 199 254 256 270 284 294 295 295
 30 40 40 248 248 283 289 294 296 296
 10 42 138 254 271 288 288 298 298 298
 25 97 218 254 255 284 284 296 291 291
 42 59 69 233 233 250 284 296 296 298
 37 59 176 209 254 295 295 295 295 295
 35 35 134 246 248 285 285 298 298 298
 79 96 96 215 215 293 293 294 294 294
 5 149 149 262 263 281 295 295 295 295
 37 37 104 233 235 290 290 297 295 295
 38 81 118 232 240 285 294 294 294 295
 34 34 47 224 224 292 293 297 298 298
 42 109 127 244 275 295 295 295 295 295
 34 75 75 270 277 291 293 293 293 299
 40 86 131 145 267 297 297 298 298 298
 37 37 40 205 261 289 298 298 298 298
 3 27 28 184 268 297 298 298 298 299
 38 90 90 246 256 289 292 292 292 294
 35 42 87 242 258 294 294 298 298 297
 3 3 38 209 258 281 295 295 295 295
 32 32 32 228 230 275 275 298 298 298
 40 40 156 194 194 283 283 296 296 299
 35 38 38 220 233 274 274 297 297 298
 12 66 69 218 218 277 294 296 299 299
 3 201 205 278 278 280 284 297 297 297
 3 3 103 240 245 256 256 281 281 292
 22 35 36 247 280 292 294 295 297 298
 3 100 100 213 239 282 290 290 290 290
# name: avgRateA
# type: matrix
# rows: 100
# columns: 10
 0.04972214097689383 0.04198320671731308 0.03855140186915888 0.02561756633119854 0.01921405370785489 0.006644623392238447 0.003826921114399429 0.0008668048417792228 0.0004412482815830812 9.549308451018612e-05
 0.04429133858267717 0.04144918636782315 0.03677402992645194 0.02366948787835318 0.01694828206050023 0.005975088477271682 0.003364215102737953 0.0009287585341536736 0.0004102984921530413 8.93196167513582e-05
 0.04965243296921549 0.04518872939925572 0.03944363711853851 0.02497225305216426 0.01910179132354189 0.006922544419660026 0.003890310533231897 0.0008699737267934508 0.0004420666715130272 8.96494348499627e-05
 0.05388940955951265 0.04372158097236797 0.03744239631336406 0.02204176334106728 0.01665935992985533 0.006778416392470309 0.0039513002247302 0.0009212592077938529 0.0004698066060681396 9.746957059681215e-05
 0.04543455957789829 0.04014049172102358 0.0355067785668173 0.02272278205888164 0.01752227565894941 0.006879693194958795 0.003949845367755815 0.0009069419653625355 0.0004763765824938411 9.361636015608038e-05
 0.04774897680763984 0.03667676606601818 0.03191784623924507 0.0226494866116368 0.01767756128221245 0.006782400392513385 0.003917548114992541 0.0009011306313474588 0.0004589382122696643 9.352424218003019e-05
 0.04286479728522951 0.03607809847198642 0.03215964377009978 0.02163052994798373 0.0167892548768788 0.006312561998376771 0.003583220291264621 0.0009026390910424353 0.0004129976252636547 9.539873990189432e-05
 0.06299212598425197 0.04075394803871625 0.03092783505154639 0.02224019409623939 0.01975663418795743 0.007180898809167615 0.004084897792453151 0.0009261420972101899 0.0004710722389278396 9.560716926293245e-05
 0.07246376811594203 0.05329457364341085 0.04412763068567549 0.01751785473655841 0.01876172607879925 0.006331374395272573 0.003474511341161377 0.0008842463817983649 0.0004503080204753099 9.157640418480278e-05
 0.06289308176100629 0.04048582995951417 0.02935420743639922 0.02432596797080884 0.01811793126166685 0.005891883929886581 0.003221332378864481 0.0007013374114805038 0.0004577403404614217 9.346930000841223e-05
 0.05988023952095808 0.04045307443365696 0.02790178571428572 0.03033006244424621 0.02100962941348118 0.006652474720596061 0.003731906915578934 0.0008169871071653659 0.0004586301011620906 9.542544340525694e-05
 0.07235890014471781 0.04152823920265781 0.02842524161455372 0.0185283218634198 0.01315880601149664 0.004618779615785962 0.003707059889611994 0.0008605358269749297 0.0004570352802063855 9.343992111284958e-05
 0.06954102920723226 0.04411764705882353 0.04025764895330113 0.02207762026493144 0.01435897435897436 0.00629296156452706 0.003463188086632982 0.0009160899753037411 0.0004764215105284292 9.74134734761998e-05
 0.06482982171799027 0.03552397868561279 0.03756260434056762 0.02132196162046908 0.01301424336635095 0.005363727790814616 0.003743820568890552 0.0008476633389458921 0.0004681145710412623 9.548449829062855e-05
 0.05893909626719057 0.03006012024048096 0.01948051948051948 0.007928956549318109 0.0195559645691936 0.005794236438930452 0.003721010730356525 0.0008315445456479279 0.0004223367005681902 9.73535722800604e-05
 0.07425742574257425 0.05344735435595938 0.04076640847941296 0.02267573696145125 0.01830096227640356 0.005969060370413357 0.00395681906154574 0.0008883807522653709 0.0004514770168754257 9.162465045693811e-05
 0.06944444444444445 0.04282655246252677 0.03286384976525822 0.01384657989476599 0.007940919558484872 0.005969023907511545 0.003324351751408476 0.0009149933091114271 0.0004679840417441765 9.73865620456743e-05
 0.06605019815059444 0.03846153846153846 0.03829950210647261 0.01402327864254663 0.01755252043223082 0.006111032764537207 0.003882147901575161 0.0009150404047528724 0.0004679963613282907 9.54795600142742e-05
 0.06279434850863422 0.03858024691358025 0.02693965517241379 0.02432143204591886 0.01681580685844694 0.006783511334774173 0.004161076105232766 0.0009435815273696413 0.0004802236077925591 9.757142726289048e-05
 0.0684931506849315 0.04955947136563877 0.0375 0.02442837600156342 0.0159846547314578 0.006726001470335204 0.003863556360701622 0.0009013172655951858 0.0004596491605534959 9.354864649041305e-05
 0.06912442396313365 0.05480817140009966 0.04369992716678806 0.02246128383969737 0.01504376367614879 0.006419436077230754 0.003501809268121863 0.0008850613193570606 0.0004506446177358047 9.349618644969717e-05
 0.0708502024291498 0.04688546550569323 0.04405286343612335 0.01748957352347639 0.01015704351902492 0.007174995141930373 0.004084550188910446 0.0009243835036060585 0.0004704632396686762 9.558184852905509e-05
 0.06729475100942127 0.04078303425774878 0.02805836139169473 0.02410606669345118 0.0159347313404296 0.006544920503160718 0.003739097920887644 0.000832139954329063 0.0004309082664854241 9.725313482579185e-05
 0.0679501698754247 0.055 0.04245465071401003 0.02231094410521372 0.01772340060602596 0.006421885786761282 0.003709710815101111 0.0008648241428151371 0.0004406015287893934 9.74191674398899e-05
 0.07912957467853611 0.05411906193625977 0.04014272970561998 0.01850138760407031 0.01083172147001934 0.006652928099696562 0.003652756494779231 0.0009228941190494959 0.0004701144336884003 9.556746166848842e-05
 0.03992015968063872 0.02219755826859046 0.02655337227827934 0.009247842170160296 0.00707158010528797 0.006054866404806632 0.003390449364942754 0.0007547432711734516 0.0003832324973296557 9.536917108096783e-05
 0.06693440428380187 0.04101722723543888 0.02810567734682406 0.01091532823951349 0.01548486999161236 0.004676053410921182 0.004140786749482402 0.0009274287039183863 0.0004713919122896781 9.561453954527717e-05
 0.05988023952095808 0.0351493848857645 0.02362669816893089 0.008055421298533913 0.01023466627677462 0.007050916619160491 0.00400825530027802 0.0009222522167676981 0.0004700845074836474 9.747583345318883e-05
 0.08032128514056225 0.06181015452538632 0.04963600264725348 0.02071465561885034 0.02064693737095664 0.006510742725497069 0.003943116261925784 0.000887588807119234 0.0004514535331636784 9.548512510839054e-05
 0.06802721088435373 0.04402054292002934 0.03993610223642172 0.01970443349753695 0.01722499406034688 0.007006617360840794 0.003919041315404445 0.000939604522374093 0.0004792916656070082 9.752988644137529e-05
 0.07425742574257425 0.05414185165132648 0.04105090311986864 0.01910098051699987 0.01647446457990115 0.006794027726103625 0.00398175318323855 0.000889468117402057 0.0004518624098608166 9.163770118459658e-05
 0.03992015968063872 0.02219755826859046 0.01903553299492386 0.007994883274704189 0.01664882863598525 0.006143598532003298 0.003845478636694226 0.0008983592519534536 0.0004590534123295886 9.352424218003019e-05
 0.05357142857142857 0.02958579881656805 0.0193923723335488 0.01719804206905675 0.01064153238066282 0.005349162252169862 0.00285348723754821 0.0006073977122659069 0.0004133056877751066 9.540558504294841e-05
 0.05988023952095808 0.0390625 0.03518029903254177 0.01204819277108434 0.01480982834062605 0.004075051824028631 0.002712722669319107 0.0009035333922872852 0.000460438533415102 9.358157804823075e-05
 0.06693440428380187 0.03993610223642172 0.02805836139169473 0.02082567683449712 0.01452583523552604 0.003778133602000612 0.004078621946457239 0.0009093793775975358 0.0004618447454842393 9.163673366042335e-05
 0.06802721088435375 0.04035512510088781 0.0282326369282891 0.009660280148124296 0.01914762198888202 0.006832712424148758 0.003881439661256175 0.000941722737607217 0.0004798614865129543 9.755747927401308e-05
 0.07518796992481203 0.05623242736644798 0.04489337822671156 0.02466091245376079 0.01773049645390071 0.005966488224472546 0.003880012760930858 0.0009373595156338177 0.0004787269380625041 9.750721802156262e-05
 0.06451612903225806 0.03861003861003861 0.02745744096650192 0.01076426264800861 0.01385315654066891 0.004319729066592943 0.003748942885291066 0.0008330120748006098 0.0004581776422958404 9.34854932394076e-05
 0.07368421052631578 0.05591798695246971 0.04444444444444445 0.02543720190779014 0.01661571181709424 0.005024255024255024 0.003069811116327783 0.0008456415825029069 0.0004309019365124756 8.760029736319123e-05
 0.0697211155378486 0.05371530886302596 0.04301075268817205 0.02706641682281907 0.01740294511378849 0.006829601443972877 0.003745184762448281 0.000918182305096677 0.0004689473792191831 9.552681746238184e-05
 0.06830601092896174 0.04078303425774878 0.02836074872376631 0.01659062629614268 0.01883010386928263 0.005386433138726717 0.003086055567153477 0.000814412779299954 0.0004405859989602171 8.958550578184854e-05
 0.07329842931937172 0.04745762711864407 0.03461918892185955 0.0135013501350135 0.0141622999575131 0.005614536545528787 0.003016122545973019 0.0007910873399012877 0.0004023635423301167 8.166120399685783e-05
 0.06389776357827476 0.03629764065335753 0.02442002442002442 0.01455392228205501 0.01125450180072029 0.007227022780832679 0.004025342154083097 0.0008911395543914776 0.00045236943241404 9.742637300104445e-05
 0.06802721088435375 0.04081632653061224 0.02842524161455372 0.01564277588168373 0.009564801530368245 0.0065177363901517 0.003571651799666051 0.0008850153434725309 0.0004507753335737469 9.159088184895708e-05
 0.07398273736128237 0.05284791544333529 0.03998223011994669 0.02706506441485331 0.01832220913492998 0.005954102376537434 0.003990873046858055 0.0009066340535608535 0.0004611916997269157 9.360851048743943e-05
 0.07022471910112359 0.04198152812762385 0.02906976744186046 0.02267859392717651 0.01468213184554397 0.005794038956391336 0.003936870100783875 0.0009430857380415766 0.0004802687937020099 9.756925126949543e-05
 0.06339144215530904 0.03642987249544627 0.02461538461538462 0.006877579092159559 0.01978728666831561 0.006465410056199333 0.003516079301111622 0.000831186102568365 0.0004397494405409896 9.344040410787874e-05
 0.06504065040650407 0.03710575139146568 0.0249221183800623 0.02802328087949989 0.01827534858535265 0.004838709677419355 0.002856353082097116 0.0009275469860520122 0.000480196782681556 9.756660912227884e-05
 0.05988023952095808 0.03080082135523614 0.02004008016032064 0.005303164221318719 0.01363473268747757 0.005645402317935775 0.003067872159962464 0.0009190613320262239 0.0004229257214571857 8.568140227378516e-05
 0.07363770250368187 0.04363001745200698 0.0297441998810232 0.01505117399157134 0.008425309630128906 0.005456932862672874 0.002929624916459914 0.0007558666883736075 0.0003922410792121053 8.552970635662745e-05
 0.09283819628647214 0.05700325732899023 0.03959276018099547 0.01300601528206796 0.007054673721340388 0.005712208547541154 0.003683605261266442 0.0007992763624737799 0.0004601054326704226 9.356492310754989e-05
 0.05988023952095808 0.03112033195020747 0.02012072434607646 0.005330490405117272 0.004472671974237409 0.006125523566710263 0.003562903053407917 0.0008501676182747394 0.0004321487220183703 8.765121827225107e-05
 0.07352941176470588 0.04374453193350832 0.02976190476190476 0.02044989775051125 0.021767522855899 0.006418262558978629 0.003783579265985622 0.0008718277578333725 0.0004425736147445858 9.552257815438439e-05
 0.03992015968063872 0.02219755826859046 0.01427551748750892 0.006882312456985546 0.006063756063756063 0.007342982556336993 0.004023749061125219 0.0008763985860769478 0.0004437475963671864 9.750828521929613e-05
 0.05988023952095808 0.03105590062111802 0.02005347593582888 0.01117853720855956 0.006868721559199794 0.005881759822538904 0.003334324619030883 0.0008680672771430169 0.0004415803867655414 8.962968598936634e-05
 0.06896551724137931 0.05772931366260423 0.05013497878904744 0.01885697708152016 0.01261929174225097 0.006221938217835102 0.004192176350885161 0.0008554536139998873 0.0004802132538858072 9.755747927401308e-05
 0.07853403141361257 0.06486486486486487 0.04958677685950413 0.01997146932952924 0.01323369142145415 0.005040585403159926 0.003473892362781251 0.0008446156710759444 0.0004306889358948884 8.959467369619839e-05
 0.06655574043261231 0.03777148253068933 0.02506265664160401 0.006939625260235948 0.009069920844327176 0.005738009248320789 0.003164556962025316 0.0008069722401549387 0.0004113255553629508 8.360764603866973e-05
 0.07363770250368187 0.04366812227074236 0.02969121140142518 0.009928843289756744 0.005349500713266763 0.00615999334054774 0.003344844419533892 0.000722281002447947 0.0003652906726482192 9.159088184895708e-05
 0.03992015968063872 0.02219755826859046 0.01427551748750892 0.01736111111111111 0.009882236679568475 0.005465320831411932 0.003157761778451434 0.0007931410707791354 0.0004117199010695894 9.741204040651435e-05
 0.08791208791208792 0.05710206995003569 0.04094165813715455 0.01415984896161108 0.007788161993769471 0.005430079245218985 0.003590507049654085 0.000902178857918347 0.0004600563422192726 9.355389759470939e-05
 0.07905138339920947 0.04854368932038835 0.04661016949152542 0.0187671430633752 0.01132961074694505 0.004628228634494544 0.002436030768942481 0.0007874514805048141 0.0004014310527480403 9.14483651716118e-05
 0.08113590263691683 0.05376344086021505 0.03908158280410357 0.02157788267026298 0.01263623440214816 0.006011576578897648 0.003989114150717597 0.0009099251538160712 0.0004620504224812108 9.364629793270816e-05
 0.07246376811594203 0.04302925989672977 0.02922267679719462 0.01256676091737355 0.0134438718350885 0.006381299434079498 0.003451219733711151 0.0009284925343397161 0.0004716763278425623 9.563099823022884e-05
 0.07874015748031496 0.04838709677419355 0.03355704697986577 0.01745708466686063 0.01244167962674961 0.006371883226855811 0.003720963197902086 0.0008326104467439122 0.0004227589841199928 8.760059385238941e-05
 0.05988023952095808 0.03755868544600939 0.02493765586034912 0.006945650286508074 0.004503287399801856 0.006024718559575861 0.003293807641633729 0.0008149658781548396 0.0004133597883597884 9.746020689807432e-05
 0.09186351706036745 0.05668016194331984 0.0392156862745098 0.02522068095838588 0.01517220452131695 0.004344048653344917 0.00404150449397728 0.0009259455736907998 0.0004707082197422873 9.559218462196578e-05
 0.05988023952095808 0.04280821917808219 0.02915451895043732 0.008499065102838689 0.01050165603037402 0.006225035015821964 0.003321462181462551 0.0008726358839510626 0.0004427386435078281 9.748015781440733e-05
 0.05988023952095808 0.03218884120171674 0.03864734299516908 0.02511931675458427 0.01828667885778591 0.007068684046653315 0.003819119238358506 0.0008761767540571852 0.0004524829015564428 9.166543947898957e-05
 0.05988023952095808 0.03329633740288569 0.02469135802469136 0.006926406926406926 0.008997219041387209 0.006047574250772745 0.003859886133359066 0.0009253600710984988 0.0004511688214881902 9.161222377918746e-05
 0.08108108108108109 0.0494641384995878 0.03407155025553663 0.01636661211129296 0.01765824504210812 0.006478229738484094 0.003479375543652429 0.00083496442663187 0.000469014736833877 9.55212855254606e-05
 0.08064516129032258 0.04922067268252666 0.03395585738539898 0.0128122998078155 0.01171783454417624 0.005837511159947806 0.003734694421967117 0.0009078353920593376 0.0004399183902506264 9.345508210724905e-05
 0.07662835249042146 0.04750593824228028 0.0330760749724366 0.01960509732530458 0.01130673558391213 0.005048834415640941 0.003161184269947073 0.0008852316420277193 0.0004677674143474011 9.547036858324757e-05
 0.06644518272425248 0.03759398496240601 0.02493765586034912 0.009844134536505332 0.007595577685880665 0.005372989462007764 0.002863609071174542 0.0008783503816050517 0.0004765901820477232 9.741998091761272e-05
 0.05988023952095808 0.03205128205128206 0.02043596730245232 0.00536097212294496 0.002801120448179272 0.004440418465036145 0.002339487745763188 0.0008128035918177771 0.0004417177914110429 9.349959019328554e-05
 0.03992015968063872 0.02219755826859046 0.01427551748750892 0.003682563063892469 0.001902044698050404 0.006115197091149492 0.003970925916334318 0.0009220236883252592 0.0004697105213199648 9.555098680281621e-05
 0.06745362563237774 0.03791469194312796 0.02896871378910777 0.008447372867038351 0.008359107247345983 0.005346671265953777 0.002856010981822872 0.0007403409854717823 0.0004030149449737156 8.169014926384225e-05
 0.08820286659316427 0.05702066999287241 0.04300047778308648 0.01417769376181475 0.01051865037624403 0.007006680788658954 0.003841583804597393 0.0008373627358003728 0.0004239623521431297 8.572783128124829e-05
 0.05988023952095808 0.03329633740288569 0.02847380410022779 0.01371115173674589 0.007640067911714771 0.006341471555162458 0.00404331622248787 0.0009099921004941063 0.0004620472428559632 9.551271323959423e-05
 0.05988023952095808 0.03329633740288569 0.03229278794402583 0.0171257314114457 0.01598554350847929 0.006393754311577743 0.003522653370908302 0.0009437396357165007 0.0004804227720393946 9.757949094173568e-05
 0.08610086100861009 0.05376344086021506 0.04257332071901608 0.01412207751451436 0.01295632954805274 0.006244198801788879 0.003369149517392096 0.0007234984474114399 0.0004607409498713846 9.359361651708282e-05
 0.05917159763313609 0.03131524008350731 0.02009377093101139 0.005324813631522897 0.007540214477211797 0.005927481497789896 0.003921978769021597 0.0009361650095909151 0.0004784773094342055 9.348778045090947e-05
 0.05988023952095808 0.03171247357293869 0.02028397565922921 0.009759271307742356 0.005291005291005291 0.006447037586229128 0.003552113951815574 0.0008496537660903182 0.0004686342143982004 9.550585271803688e-05
 0.06791171477079797 0.04299226139294927 0.02930832356389215 0.008476012883539583 0.007616790792146243 0.005647371480774022 0.003069450839133693 0.0006636166325749887 0.0004517647798285062 9.163673366042335e-05
 0.05988023952095808 0.05076142131979695 0.03619441571871768 0.01503985561738607 0.01176009408075265 0.006579158509579896 0.003841687548566789 0.0008858845846453091 0.0004509914458687713 9.549827118285949e-05
 0.08465608465608465 0.05551700208188758 0.0400200100050025 0.02256437483408548 0.01602097290999126 0.005988433767922526 0.00321068516021319 0.0007562521693772167 0.0003836992742180651 7.771964967967547e-05
 0.07984031936127745 0.04758128469468676 0.03313086692435119 0.01388460351743289 0.007685738684884714 0.006066767232898275 0.003929508042677874 0.0008869641338698823 0.0004512710638126715 9.749567437558994e-05
 0.08045977011494253 0.05120702267739576 0.03640145605824233 0.01138026337180946 0.00616631430584919 0.005970556626464918 0.00342145069509472 0.0008875853818546675 0.0004514322670045212 9.162227799673068e-05
 0.05988023952095808 0.03329633740288569 0.0286697247706422 0.01114827201783724 0.01142944224321853 0.006556194784547048 0.00358490396938492 0.0008897296189055939 0.0004520058249794141 9.551932763945275e-05
 0.08333333333333333 0.05471956224350206 0.03948667324777887 0.01397515527950311 0.008410428931875526 0.006514127514046088 0.003572289748421495 0.000923002372885267 0.0004787835380540088 9.751086599400089e-05
 0.05988023952095808 0.03329633740288569 0.02472187886279357 0.006922810661128419 0.01320810096859407 0.004661763182430332 0.002488823339632207 0.0009219121225682167 0.0004699579387644806 9.556021278870383e-05
 0.05988023952095808 0.03171247357293869 0.02487562189054726 0.00693601525923357 0.00608378237441335 0.005415225517940118 0.00294811320754717 0.000920734362381863 0.0004696696167789471 9.756929012566924e-05
 0.07984031936127745 0.03813155386081982 0.02515723270440252 0.01117853720855956 0.00610181311018131 0.006396063960639606 0.003777198021802338 0.0009450173478184564 0.000480759796707286 9.758347469660501e-05
 0.05988023952095808 0.03329633740288569 0.03225806451612903 0.01498800959232614 0.01503544068160664 0.006504119275541176 0.003528421890691299 0.0008871933637936388 0.0004513423510226829 9.161871953677576e-05
 0.07984031936127745 0.04690431519699813 0.03107520198881293 0.008662508662508662 0.006155469574393247 0.006998584007421754 0.003970705020735904 0.0009083073402828508 0.0004616265559024849 9.556251480721258e-05
 0.05988023952095808 0.03759398496240601 0.02486016159105034 0.006927606511950121 0.005284015852047556 0.00682272291622671 0.003810165166229531 0.0009227468636218584 0.0004701830481379282 9.750467624467704e-05
 0.07587253414264036 0.04401408450704226 0.03855421686746988 0.01265422334704207 0.02024419560954008 0.006882425235559197 0.003829506795148104 0.0008367614607130765 0.0004706025379202702 9.740896138589495e-05
 0.08820286659316427 0.06555723651033787 0.05052467936261174 0.01984689537850865 0.01136363636363636 0.00504786771105309 0.004157788056753806 0.000928345282555425 0.0004716318363280317 9.562059659682311e-05
 0.05988023952095808 0.03121748178980229 0.02452483139178418 0.006887052341597796 0.006790595025889144 0.006895666955322493 0.003807567318675675 0.0009255242227042661 0.0004709026320513991 9.559981915700876e-05
 0.07407407407407407 0.04355400696864112 0.02941176470588235 0.01256084157638562 0.01741796140179754 0.006794941911533172 0.003696557693347999 0.0009096962001796167 0.0004619791185438418 9.364501049421851e-05
# name: avgRateB
# type: matrix
# rows: 100
# columns: 10
 0.1223886895969614 0.109806891329042 0.09807237064592493 0.05583472920156338 0.0687055390040737 0.03485343214587078 0.02175001681702331 0.005437443243182642 0.002839495359109534 0.0005852599794266238
 0.1048349241120325 0.09651699538396979 0.09125636672325976 0.07950213417614285 0.06788511749347259 0.03348174532502226 0.02092236467236467 0.005471765323697151 0.002855541134595311 0.0005922343615961172
 0.1180400890868597 0.1098586167367214 0.1041290042663967 0.07709296995457766 0.06379545110696454 0.03204002808988764 0.02055498458376156 0.005397819281010472 0.002816947291466853 0.0005844823695351146
 0.1238081684929557 0.1108925058129136 0.1019217303353303 0.07884200800739144 0.06482122260668974 0.03275309207512597 0.02045032304578099 0.005337072965148913 0.00277763676748211 0.0005858378064490847
 0.1047003787034974 0.09649047903680301 0.09159178712505969 0.07327772002332716 0.06379828419631581 0.03307509600657062 0.02117244172249892 0.005494890489414038 0.002850719854594155 0
 0.1424779997206314 0.1218130311614731 0.114116652578191 0.07896425681520132 0.06847989159366984 0.03261872336686728 0.02095888670910194 0.00540887670836386 0.002851092342753137 0.0005914119079106386
 0.1232126559172498 0.1082498487191555 0.103026400515132 0.07818368993628447 0.0666822103054325 0.0339127753930799 0.02118471441375377 0.005479703948880615 0.002853001491602794 0.0005905527415122906
 0.1240584847142224 0.1019240769630785 0.09534968284109734 0.07611050920910076 0.06541991261933934 0.03232502324374582 0.02088513872202509 0.005473423589720984 0.002851298106087426 0.0005904798401662221
 0.03992015968063872 0.09542846089367464 0.09147149801148917 0.07477520113582584 0.06309312754197519 0.03081032198363793 0.02010319181052227 0.005374440540712295 0.00281518411399213 0.0005909498500983566
 0.1218439894485617 0.1106013436015075 0.1005130352842634 0.07982330375479521 0.06474114938336335 0.03285499768547267 0.02080231390121751 0.005391361309530381 0.002805027605109554 0.0005806398810025134
 0.1106958021851639 0.1009405827024547 0.09318202786234892 0.07958044943135044 0.06822561324930994 0.03262175928575516 0.02068950957417611 0.005407960738940812 0.002814490605919621 0.0005826169687786663
 0.1146661734788237 0.1037605709830264 0.09570787013178238 0.0814148498246684 0.06934278449803528 0.03375468491747562 0.02123779742070612 0.005478908042595752 0.002851969390137928 0.0005905087411146269
 0.1184146930884485 0.1018287614297589 0.08886255924170616 0.07391090113330048 0.06167419300886436 0.03282552900873512 0.02107228217058649 0.00549187147918691 0.002860069885185891 0.0005924272736080782
 0.03992015968063872 0.1072644357376838 0.1017605475257778 0.08103340011362617 0.06741625454884763 0.03428990339706526 0.02121394870339494 0.005471172611823975 0.002850706219418284 0.0005906338551722183
 0.1132431582258572 0.09584664536741214 0.08239871824216068 0.07315539806824027 0.06331022007838408 0.03220256225441187 0.02075626217841913 0.005430145062446668 0.00282129405273133 0.0005829111853518781
 0.1119308064105825 0.1005208809284474 0.09508168381018238 0.07663654127992184 0.06297899928222464 0.03211404401973839 0.02032125617266826 0.005372055840244164 0.002809331169672175 0.000583964840169813
 0.1016220441665038 0.09002136100091547 0.08463681165631026 0.07206781463212926 0.06079771952876199 0.03127952136034429 0.02042662864663303 0.005441978104255883 0.002842076852428498 0.0005900837027791952
 0.1206636500754148 0.1067073170731707 0.09721374822045963 0.08087677021093982 0.06562107320705543 0.03337657742658332 0.02090057088838504 0.005405454928583862 0.002818594314465313 0.0005843647370943047
 0.1131008482563619 0.110944999606578 0.1022494887525562 0.08171021377672209 0.06883835279655809 0.03332811416556691 0.02128252190742817 0.005501545232671056 0.002858477544164917 0.0005927335622989736
 0.09413067552602436 0.0740452065471551 0.0949840608938911 0.07525841745753491 0.06212959087003459 0.0322392871535396 0.0205347563185232 0.005348055494805402 0.002830900855561147 0.0005768402790717589
 0.05988023952095808 0.1025446259020129 0.09334889148191365 0.07748550787963529 0.06466823846412934 0.03344138056975895 0.02100914143578862 0.005496798436629635 0.002861821860681918 0.0005924849134318113
 0.101981351981352 0.08774128854349461 0.09761388286334056 0.07623398196487897 0.06321699343515837 0.03313633723909404 0.02173992339959876 0.005531846170124689 0.002867093844407243 0.0005889704281319246
 0.1072854291417166 0.09107806691449814 0.0903082796272731 0.07551797586006584 0.06340277446727369 0.0318575574417945 0.02044961326581715 0.005390815810125933 0.002810207745085482 0.0005824192586634865
 0.1199302224160488 0.1075621972247311 0.09933333333333333 0.07819804504887377 0.06687073228161054 0.0339729173644672 0.02096902759725105 0.005505021022529945 0.00285987385844968 0.0005827959815622382
 0.1127348643006263 0.1053673714730217 0.1002572389684058 0.07795691413562826 0.06784029567670087 0.03391808599875998 0.02099085881954633 0.00523604425301917 0.002699551526117435 0.0005882237603184251
 0.1149232446942371 0.105910977529698 0.1006809541713665 0.08450310775892171 0.07060279598323535 0.03274431208716762 0.02083123823753358 0.005475247851102557 0.002855928439411812 0.0005924142445707909
 0.1085795656817373 0.1019481174926819 0.09715328157481652 0.07878932033061782 0.06664081810691611 0.03337702689581513 0.0206700089444766 0.005159716684647498 0.002660511050311715 0.0005862217296551352
 0.1137682841885303 0.1058897243107769 0.1022569129303564 0.07973351288139197 0.06683622168332642 0.03244574960680151 0.02083774811047538 0.005431970553195564 0.002825992617932504 0.0005912367248570156
 0.1234119782214156 0.1137305114107102 0.1061313603008066 0.0804050943685745 0.06909464912049368 0.03384074941451991 0.02124453265703679 0.005430189630376444 0.002853012600010496 0.0005920916359828543
 0.09952229299363058 0.08865605480556114 0.09221400608960417 0.07528749896583106 0.06382488479262673 0.03271411562070121 0.02054332054763034 0.005311067561590803 0.002821047115311974 0.00058978484727937
 0.1119496855345912 0.104863496655216 0.0996135680549592 0.07926574885273258 0.06488575964657968 0.03337509966966625 0.02116730842863438 0.005425524035256648 0.0028516792957592 0.0005920487262041954
 0.1164431898376852 0.1075115699537202 0.1020141250326968 0.08330373575280101 0.06902899217671422 0.03471041429693821 0.02177959928480505 0.005397129608212449 0.002812412112121496 0.0005825025737103512
 0.1244695898161245 0.1064344460570876 0.1057974886454715 0.08426238008815141 0.07169935717817702 0.0344365350836646 0.02172660926370125 0.005530696292391952 0.002866735288741811 0.0005826750492598242
 0.11124354390147 0.1066477070742979 0.1024520183047606 0.08205201384181798 0.06901311249137336 0.03297563156718086 0.02106014635016955 0.005477427667626748 0.00285236521377903 0.000585048384493005
 0.1134273451870018 0.09446438692612885 0.09381805997654549 0.07834783550565044 0.06523830755872621 0.03323102485403734 0.02097978510289565 0.005443172550390307 0.002847608199587811 0.0005920611529866218
 0.1126760563380282 0.1021039603960396 0.09335407868415203 0.08197074938521938 0.06619650176948341 0.03237490386762262 0.02129164552982617 0.005502581412353849 0.002859187875508274 0.0005907935725624363
 0.1183920704845815 0.107331571994716 0.1021039603960396 0.08147764543414465 0.0684404140645051 0.03290506365908959 0.02065950373544196 0.005398254871326238 0.002810956012855567 0.0005808967062561981
 0.07102272727272727 0.04251700680272109 0.02929115407147042 0.0687106645880247 0.06528175508421104 0.03314279115422369 0.02086698014778396 0.005407901053804937 0.002815183221508 0.0005898494043213793
 0.114247311827957 0.09588268471517201 0.09593199757134184 0.07876044311950241 0.06627708095781071 0.0335606798744181 0.02090948969147536 0.005410630145830238 0.002755938517517073 0.0005846070004211152
 0.1008724100327154 0.0873053327041057 0.07684319833852545 0.0752133603487444 0.06441306812326085 0.03277783528275196 0.02074270003132287 0.005520913923597199 0.002868768703364519 0.0005826505685995737
 0.1158556769281695 0.101142313184198 0.09434997257268239 0.07789434009673973 0.06599646995625814 0.03275493672074949 0.02072323368493514 0.005380604567657443 0.002807963920528891 0.0005838821990943294
 0.1186943620178042 0.1030927835051546 0.09106192210703279 0.07483330968931763 0.06348283298199704 0.03255714398368763 0.02073914603516326 0.005417177778920384 0.002822474937379327 0.0005845132906433886
 0.1106770833333333 0.1032586831165348 0.09535845588235295 0.07106160272722908 0.0645471573938136 0.03266263030910001 0.02072950523654749 0.005322255157782689 0.002764594756485278 0.0005710340594057836
 0.1194029850746269 0.1070829570378016 0.09886193815381078 0.07965686274509803 0.0685127033970882 0.03339936426037684 0.02109049410982947 0.005423163548962497 0.002823406904617658 0.0005845560296954463
 0.08994276369582993 0.06369426751592357 0.08201763379126513 0.07668136873360432 0.06628948838112814 0.03328133125325013 0.02100886311412627 0.005333323524922253 0.002779316518148937 0.0005912224621825244
 0.05825242718446602 0.03115264797507788 0.100198924335077 0.08046867108851553 0.06813683912920554 0.03357082477961599 0.02107580095236725 0.005487483749314064 0.002855223862006456 0.0005922396403619832
 0.08105369807497467 0.09573091849935317 0.08300477277443453 0.07676006592889098 0.06872494403082209 0.03387587968930002 0.02148670645686381 0.005513241990484552 0.002857530458676935 0.000590960173448794
 0.126192674669129 0.1075833114668066 0.09303380984796915 0.08316008316008316 0.06934460887949261 0.03369303445720637 0.0213491517652453 0.005505875397235976 0.002821781465502762 0.0005828938498750941
 0.1284859103518762 0.1180018355841091 0.1049678762102977 0.08732654949121184 0.07256808766930106 0.03464879266879338 0.0216010070538461 0.005458111308466548 0.002836704845188035 0.0005851414534834363
 0.05988023952095808 0.03083247687564234 0.03540718259989884 0.08631233183072999 0.07254856073016616 0.03508683992882384 0.02185050673786104 0.005490885130683066 0.002842255768333995 0.0005869264794549053
 0.1265822784810127 0.1145236855804269 0.106280193236715 0.08167531160486181 0.06772513816567102 0.03387771313754352 0.02124816542901579 0.005458814250608867 0.002821047115311974 0.00058978484727937
 0.1193238316208154 0.1005867560771165 0.08609827803443931 0.07571365233109376 0.06425374211868894 0.03271328497783393 0.02081468536436355 0.005435526087789218 0.002826861895818161 0.0005901781288303403
 0.07891770011273957 0.09430996541967934 0.08621928437993964 0.07551408868224795 0.06460762685156005 0.03274060876707891 0.02088335156483073 0.005440756412188765 0.002836657252530308 0.0005898165987058078
 0.1164329187615771 0.09896091044037605 0.08987885892926924 0.07840420100649115 0.06528366020124632 0.03264285398132165 0.02093267484105359 0.005437156606698208 0.002827720866567041 0.0005847498816624816
 0.1179782812709479 0.1109467455621302 0.1061571125265393 0.08238461288962408 0.07019468055936386 0.03412432386645531 0.02117180696117001 0.005394012276919723 0.002802246787732685 0.000586117838595424
 0.1069306930693069 0.08757703535517353 0.07327001356852103 0.07560161851352311 0.06355305941472066 0.03195067895192773 0.02075299726565239 0.005438607128617547 0.002832706660784334 0.0005916038161809777
 0.08823529411764706 0.09926082365364308 0.1008465218991535 0.07601259637311326 0.06817731059103531 0.03372620562183442 0.02098957244016851 0.005475338088392833 0.002856419540202433 0.0005922689685526967
 0.1112170320940578 0.09371833839918946 0.1027423715720355 0.08129123468426012 0.06735650136665365 0.03281203894954264 0.02054951472099229 0.005260145691218335 0.002729223545511244 0.0005896963815596797
 0.114217524718718 0.1037217815741306 0.09502515371716042 0.08093051268538734 0.06756961488349543 0.03170074496750673 0.0196364329100754 0.005319071948589541 0.002790941401622163 0.0005869380784279703
 0.115747791653975 0.09872694206287348 0.08798646362098139 0.08074399826977147 0.06886768119680164 0.03366467535011262 0.02118846699969836 0.005472957856375534 0.002809707732662083 0
 0.05928853754940711 0.1127342013337568 0.1075920594029398 0.0805961910019321 0.0668693009118541 0.03244958296276711 0.02063771240532183 0.00536727213907852 0.002797996174794271 0.0005804842387632713
 0.1200847657169767 0.1079890962465926 0.1003374988598012 0.08569124269104106 0.07280721790772042 0.03454210050636986 0.0211842513175571 0.005466381752223823 0.002786753059203659 0
 0.1263219741480611 0.1085310449268047 0.09425690486628673 0.08487309644670051 0.06898185935072799 0.03403586856918445 0.02125051082958725 0.005486271434199722 0.002854685036277491 0.0005906240220267086
 0.1307772328726408 0.1206636500754148 0.1114206128133705 0.0850865681750836 0.06947549441100602 0.03392755816152827 0.02136369176064062 0.005507401726145373 0.002860398171264901 0.0005847407249714617
 0.03992015968063872 0.02219755826859046 0.01427551748750892 0.08385829992636833 0.06969620324312172 0.03369272237196765 0.02132104012101131 0.005484470822430562 0.002849601487549544 0.0005889704281319246
 0.1230883998508019 0.1022950819672131 0.1068211068211068 0.0841688327763337 0.06874621441550575 0.03239428472262394 0.02043929893204663 0.005332617414121874 0.002779316518148937 0.0005912224621825244
 0.1088082901554404 0.1040750513046027 0.09559714555002019 0.07003633961017509 0.06525783788286912 0.03241353356075413 0.02050936266453145 0.005368071373288698 0.002839503476255008 0.000591538740643697
 0.126400459638035 0.1163550790953066 0.1093924601540905 0.08643815201192251 0.0706147137431425 0.03338835999851056 0.02116887084806425 0.005455097953789096 0.002846221879232322 0.0005921455751278262
 0.128 0.1095247408566399 0.0977491961414791 0.07552251039166326 0.06675567423230976 0.03310595082411433 0.02109165281861178 0.00548727557685214 0.002816707096952208 0.0005826862510026068
 0.1266906351652114 0.114825210512886 0.105873175080798 0.08327200898563074 0.06844025458709489 0.03385978605206372 0.02139949826852033 0.005498875313924886 0.0028612825266853 0.0005909102536214569
 0.123500352858151 0.1080462692258803 0.1005501802314551 0.08198076096657962 0.06920060486454623 0.03382106874577236 0.02113772899206408 0.005363001209449238 0.002784536413094618 0.0005751877492149679
 0.09531374106433677 0.09834492684096906 0.08580996232733361 0.07934824118470743 0.06529027704252691 0.03291009508626089 0.02088467180713837 0.005363126020560493 0.002789178371311527 0.0005856282475411033
 0.07989347536617844 0.1104369759356466 0.1037322768974145 0.08309343103899502 0.07058369406380104 0.03349335715083175 0.02090479485329839 0.005422933474993637 0.002823188039635646 0.000584541550996792
 0.1168679392286716 0.09720534629404617 0.08463817181548879 0.0736407637259851 0.06365666469878591 0.03192185349786811 0.02043818333545494 0.005369745320650507 0.002815880424018318 0.0005859647969770551
 0.09140767824497258 0.09591230874628912 0.0994236311239193 0.07999244165905584 0.06774491913106517 0.03383617651205414 0.02122610220957828 0.005456706163697523 0.002846662336173627 0.0005902793665470459
 0.1050861706599411 0.09992788709178943 0.100544230237063 0.08344283837056504 0.07097725944275893 0.03325838486040847 0.02088895753804512 0.005439426655028254 0.002789207778726684 0.0005769605953757501
 0.115702479338843 0.1018822310481782 0.092 0.07897234273318872 0.06697904389570818 0.03124179902775521 0.02048042460823976 0.005416364740929419 0.002829895551996941 0.0005898142639256533
 0.1166456494325347 0.09969584319026699 0.09875434855796207 0.07998163101297311 0.06613377769677403 0.0331070085853768 0.021121516739697 0.005450386700317416 0.00283113480520353 0.0005848994428981509
 0.108359133126935 0.09208103130755065 0.09612625538020086 0.0783664107546749 0.06687339894836188 0.03317154928593875 0.02088218053927315 0.005472810416704927 0.00285099531307851 0.0005904655662475616
 0.1175420324356495 0.1062652202789462 0.09964708324683413 0.08178636640292147 0.06809831496262511 0.0333439548434086 0.02116501488052241 0.005430125003693963 0.0028244109806182 0.0005830438936861106
 0.07235890014471781 0.1086164163872285 0.1040648135214415 0.08238216520454045 0.07045271899276721 0.03377485035697974 0.02079661614381389 0.005428512017253468 0.002825275392521736 0.0005846490579619094
 0.1103160405485987 0.0940040650406504 0.1013250194855807 0.0765767246195813 0.06497276673394344 0.03405154699700581 0.02136578968695434 0.005465335602889083 0.002836475731786701 0.0005851224195109567
 0.122620200064537 0.10595160235448 0.09498510826692426 0.07790201806520937 0.06599389556466027 0.03318120430307828 0.02101471029720805 0.005441451646039123 0.002824337721624052 0.0005846149943639151
 0.1194659170765987 0.09935710111046173 0.08570386579139315 0.07549967980046512 0.06406772874181277 0.03244444444444444 0.02075276585497145 0.005421657055547341 0.002835842768696102 0.0005899632599390001
 0.1215277777777778 0.1119786316005753 0.1030509574813372 0.08138216263091189 0.06840796019900497 0.0337331762930098 0.02137386881516313 0.005417953813321188 0.002822472236919276 0.0005845110901567738
 0.1140939597315436 0.1019437270626614 0.09415013808686919 0.07781652592443151 0.06706209901948916 0.03350681650700074 0.02109659070453973 0.005421147284985828 0.002814074212803558 0.0005922496116209277
 0.1212121212121212 0.1099884895766722 0.101127064999228 0.07650100242692835 0.06827596788216642 0.03418232877185309 0.02160722860011349 0.005431771121934148 0.002839985857251637 0.0005899776263853832
 0.1180223285486443 0.09973045822102426 0.08534243652656283 0.07527355511492986 0.06408210366078224 0.03244092720435539 0.02086995496851999 0.005485988637744339 0.002854805365501306 0.0005906338551722183
 0.05905511811023623 0.08852459016393442 0.07407407407407407 0.07493382203217268 0.0644385669632123 0.03294984301674118 0.02105352399253942 0.005486534057015767 0.002854772547434249 0.0005922201680479195
 0.1190103351080489 0.1071556137635433 0.0999000999000999 0.08060288335517693 0.0680507190515431 0.03404405701496054 0.02132492021412557 0.005422167752957124 0.00280972936147938 0.0005826474509273112
 0.1189666893269885 0.09861469828598263 0.09779676258992806 0.08260513380666303 0.06945940124919234 0.0341130604288499 0.0214989287098449 0.005498043397643222 0.002857893636487438 0.0005892481847882307
 0.05988023952095808 0.03329633740288569 0.07989907485281748 0.07367716008037509 0.06337664889827802 0.03213999771245568 0.02057311825707332 0.005412953288965465 0.002821068697326105 0.0005846149943639151
 0.1103448275862069 0.09211283822682786 0.07852760736196319 0.07949790794979079 0.06695973681912137 0.03290182096623675 0.02049959373532416 0.005432107767184965 0.002839980444161505 0.000589988372477478
 0.132013201320132 0.1108340260459961 0.1057125431998374 0.08265871325095867 0.06746418138823203 0.03374873293184664 0.0210532580474777 0.005437128608297132 0.002832411204865623 0.0005915909403882102
 0.1200274348422496 0.1000790097445352 0.08630479218714512 0.07616146230007616 0.06369078533745182 0.0316843590277296 0.01999314103920553 0.005388791314066741 0.002823634102654786 0.0005893686595897599
 0.09375 0.09352416040810542 0.08612081877184223 0.07745052758730948 0.06517189835575486 0.0322370411749645 0.02040079937826135 0.005400760120495338 0.002841840638321128 0.0005916384665522437
 0.05952380952380953 0.1238752619253051 0.118257859821171 0.09189778850285941 0.07818432376184718 0.03613789187026497 0.02188335555058985 0.005520825781698741 0.002859461785748327 0.0005892542640085281
 0.05988023952095808 0.03164556962025317 0.09301065558966949 0.07865499950840625 0.06655257653546301 0.03168042372566733 0.01948516539556408 0.005211182715934907 0.0027021335315539 0.0005780060769816998
 0.1014292300599355 0.08865248226950355 0.07669365146996165 0.07523148148148148 0.06393131949676918 0.0329095663150302 0.02093271626913492 0.005425247446455566 0.00282345693800373 0.0005893589850842734
 0.05988023952095808 0.1071811361200429 0.1005126143330988 0.07588983503758863 0.06330958120314693 0.03230795669358996 0.02050179920962029 0.005340198250256421 0.002781833285690441 0.0005749344822506821
