# Created by Octave 3.0.1, Tue Sep 08 23:58:34 2009 PDT <jwawerla@daneel>
# name: prtA
# type: matrix
# rows: 100
# columns: 10
 412.5 428.7 462.5 523.7 564.6 889.9 1650.5 2020 2087.2 2246.3
 269.3 312.8 550 1229.7 1436.5 1567.9 1943 2562.7 2631.1 2791.2
 450.4 568.1 701.5 813.1 1580 1724.6 1791.3 1949.9 2018.8 2179.4
 129.4 232.7 459.6 727.4 775 1378.6 1601.4 1752.2 2519.8 3203.9
 158.8 205.3 223.8 709.9 759.5 1632.3 1697.6 1848.9 1969.5 2130.1
 86.2 289.5 330.3 764.1 1164.7 1593.8 1658.4 2078.1 2874.7 3035.1
 214.4 247 266 795.8 844.7 1583 1647.5 1799.9 1902.1 2865.3
 40.1 72.7 126.5 837.2 886.2 1467.1 1527.2 1679.7 2588 3074.2
 117.8 197.6 216.3 934.5 1144.7 1276.7 1337.4 2101.2 2198.5 3014.9
 40.1 71.2 127 1116.2 1166.9 1993.4 2264.5 2417.5 2514.8 2674.9
 65.5 195 211.3 854.2 949.7 1783.7 2043 2196.3 2287.4 3095.1
 40.8 103.3 115.5 899.5 948.1 1527 1587.4 1741 3211.8 3371.2
 40.1 143.1 329 1055.3 1152.9 1280.8 1341.5 1800.7 2528.7 2688.2
 55.7 198.8 259 720.6 766.9 894.6 955.5 1109 2558.5 2735.8
 103.3 140.1 152.5 644.9 1093.1 1705.2 2067.7 2233.4 2321.5 2481.1
 55.6 152.3 165.4 922.3 1058.6 1689.8 1750.9 1917 2005.3 2164.9
 94.8 207.4 435.5 859.6 950.3 1701.2 1897.7 2062.8 2149.7 2309.3
 127.5 148.1 426.6 813.2 857.3 1566.7 1776.7 1940.9 1935.3 2094.5
 137.5 287.3 304.2 398 897.7 1745.8 1807.4 1971.9 2597.9 2757.6
 40.9 195.8 211.3 819.8 1037.4 1162.5 1667.4 2873.3 2969.3 3128.8
 137.3 193.9 357.1 696.7 948.8 1603.4 1665 1828 1921 2080.5
 162.8 249.1 381.8 596.4 805.5 1599.5 1660 2346.2 2433.5 2593.1
 64.3 174.5 187.6 362.6 1166.4 1452.1 1512.7 1668.9 2098.6 3017.1
 82.40000000000001 174.9 205.1 810.9 849.6 1165.5 1445.8 2369.8 2449.8 2609.2
 86.90000000000001 214.1 225.7 439 752.6 1456.8 1739.6 2174.3 2254.3 2413.8
 135.5 153.9 163.9 569.9 915.6 1211.5 1582 1735.5 1814.2 1973.7
 72.8 160.9 171.1 248.1 596.3 1390.2 1449.8 1603 1999.1 2749.3
 65.40000000000001 76.8 156.4 647.8 805.9 1114.5 1597.5 1750.9 2364.8 3033
 75.2 135.8 416.2 569.1 1003.5 1534.8 1594.6 1748 1827.7 1987.2
 80.09999999999999 233.4 245.3 649.2 835.9 1110 1170.2 1323.9 1403.7 2781.6
 50.4 59.2 64.90000000000001 728.2 765.6 1631 1690.8 1843.4 1921 2080.1
 91.8 166.3 337.5 432.9 914.4 1168.2 1227.9 1927.2 1978.3 2137.5
 74.59999999999999 179.2 190.8 654.7 691.8 1003.6 1453.8 2101.1 2177.8 2340.7
 77.40000000000001 164.8 175.3 218 823.2 1118.4 2080 2428.7 2503.6 2668.7
 105.5 179.9 190.7 455.4 789.7 1216.2 1273.6 1805.1 1879.7 2515.1
 108.7 139.8 149.5 238.9 826.5 1209.8 1267.2 2066 2406.1 2570.6
 76.90000000000001 88.09999999999999 95.40000000000001 686.6 754.3 863.8 1490.8 1642.9 2196.1 2743.3
 97.40000000000001 110.3 118.8 614.4 818.2 1114.6 1172 1885.6 1958 2122
 177 210.5 222.1 725.7 759.3 996.2 1669.4 1820.5 1892.6 2702.8
 74.90000000000001 146.6 156.7 283.8 559.2 1463.7 1521.1 1909.9 1982.2 2144.4
 65.2 106.9 115.5 662.7 734.3 842.2 899.7 2806 2874.4 3032.8
 101.2 184.6 387.6 479.8 512.9 1164.5 1221.6 2282.8 2355.9 2524.5
 74 218.9 230.9 274.6 459.4 842.3 2130.2 2279.3 2792.9 2956.5
 73.40000000000001 157.9 168.5 432.3 464.8 1467.5 1524.2 1672.8 1745.3 2233.4
 78 87.8 147.3 698 730.8 1010.7 1245.5 1394 1466.4 2972.6
 73.2 129.3 138.8 502.7 569.4 1245 1475.7 1624.3 1698.4 3769.2
 83.90000000000001 151.1 197.9 701.9 871.4 1324.1 1380.9 1529.6 1603.6 1767.2
 77.09999999999999 86.8 94.2 216.4 614.5 1170.3 1227.1 1708.6 1782.5 1946
 89.3 158.3 266.1 375.4 470.8 1183.9 1240.7 2370.8 2444.4 2958.1
 59.4 129.8 139.3 457.8 489.5 1282.2 1679.5 1827.9 1895.2 2054.4
 72.2 114.1 141.9 222.6 251.1 1332.7 1390.7 2414.4 2487.9 3072.7
 107.7 120.3 129.6 656.7 784.2 1254.4 1680.2 1828.8 1716.8 3770.3
 75.7 85.40000000000001 163.4 298.3 692.5 1079.1 1137.2 1987 1769.2 2345.5
 84.09999999999999 238 301.3 347.1 486.9 1393.2 1564.9 1896.4 1968.1 2130.8
 64.90000000000001 73.59999999999999 99.5 131 771.6 941.7 1445.2 1615.6 1683.1 2828.8
 51.3 58.3 63.8 712.2 743.7 849.8 1532.5 1682.5 1754.4 1915.4
 79.59999999999999 136.7 146.4 476.5 507.7 1005 1063.3 1999.7 2071.4 2231.4
 75.40000000000001 214.8 290.5 378.8 636.3 1421.7 1845.7 1995.2 2066.9 2227
 73.7 99.90000000000001 108 614.6 646.4 1292.9 1351.2 2038.6 2110.3 2270.4
 66.8 75.7 168.7 392 458.3 858.3 1799.6 2123.9 2195.7 2813.3
 170.1 186.1 252.6 590.9 623 1468.8 1527 2021.2 2087.3 2246.3
 53.6 60.9 66.90000000000001 438.7 690.7 1242.8 1301.2 1814.2 1886.1 2046.2
 144.6 189.6 221.4 266.5 584.7 693.2 1353.1 2131.4 2203.4 3017.7
 88 200.6 213.3 258.3 818.7 1145.8 1204.3 1997 2069 2229.1
 66.09999999999999 75.5 138.1 612.6 645.8 1212.7 1775.1 2133.9 2205.9 2560.8
 81.5 152.2 163.3 205.6 865.5 1394.6 1566.7 1714.8 1786.8 2551.8
 66.8 76.3 103.8 138.1 388.6 1678.8 1737.2 1912.1 1978.5 2146.9
 80 123.7 133.9 341.7 825.6 1494.3 1552.8 1700.5 1772.4 2526.3
 114.4 128 138.4 641.6 807.9 1241.8 1300.3 1987 2059 1995.7
 53.1 60.6 136.2 619.2 652.8 1490.2 1548.6 2347.3 2419.2 2574.5
 64 72.90000000000001 134 509 828.9 1402.6 1766.6 1914.4 1986.2 2134.2
 118.6 132.5 198.8 766.3 839.2 1000.1 1058.5 2003.4 2075.3 2237.7
 168.6 249.2 355.1 438.6 809.1 919.8 978.4 1637.7 1708.3 1870.7
 119.3 133.8 145 280.9 312.8 1172.4 1231.1 1379.2 2065.7 2228.3
 100.9 145.3 156.7 420.9 760.1 922.3 981.1 1852.9 1926.6 2085.8
 151.5 168.3 198.9 738.2 937.8 1317.2 1375.8 1719.6 1790 2358
 77.5 88.8 151.4 601.2 671.8 1328.2 1386.8 1908.7 1979.1 2141.7
 206.8 397.8 413.1 784.6 921.5 1236 1294.6 1672.5 1742.9 1905.4
 154.9 281.2 295.7 447 779.9 1080 1138.7 1948.1 2018.4 2638.9
 53 61.3 121.7 599.7 900.6 1202.1 1479.2 1627.6 1698 3170.1
 161.9 248.1 262.3 504.3 539.3 1047 1910.8 2059.4 2129.8 2291.8
 51.6 60.1 122.7 480.7 605 1286.8 1345.6 2428.2 2498.6 2659.2
 74.40000000000001 103.6 113.4 327.5 629.4 1096.5 1155.3 1304.1 2412.4 2575
 65.5 76.3 124.1 897.7 933.1 1311.3 1370.1 2092.1 2429.2 2588
 68 79.09999999999999 87.09999999999999 548.2 901 1316.4 1375.4 1933.2 2002.7 2163.3
 68 79.3 216 540.3 884.1 1440.1 1811.8 1840.4 1893.1 2696.1
 64.8 140.7 152.3 514.8 587.6 1240.2 1299.6 2102.6 2169.7 2721
 103.1 206.1 219.7 270.1 303.6 1703.7 1763.2 1912.8 1980.9 2141.6
 76.8 126 136.5 519.2 713.1 1442.8 1502.2 2044.9 2600.8 2761.4
 52.6 62.1 68.5 426.7 507.6 1101.6 1161.1 1708.6 1775.7 2679.1
 40.1 43.8 48.3 326.7 1030.6 1621 1680.5 2123.4 2190.6 2349.6
 83.5 115.6 125.7 624.1 756.3 1164.2 1223.7 2166.4 2234.5 2395.3
 179.3 218 231.5 282.8 727.5 1430.3 1905.7 2572.9 2641 2801.8
 118.4 137 148.3 279.2 1117.9 1231.3 1290.9 1441.3 1509.6 1670.4
 128.4 198.2 321.6 542.8 579.1 1392.3 1642.2 2111.9 2179.1 2338
 181.2 203 276.6 536.8 614.8 1366.8 1641.5 2112.3 2180.7 2237.8
 76.7 139.4 309.5 904.1 941 1054.9 1637.7 1786.9 1855.3 1985.7
 88.09999999999999 149.4 161.8 583.2 918.2 1742.7 1802.3 1950.1 2018.5 2670.8
 51.6 61.3 68.3 580.4 617.6 1560.3 1619.9 2319.5 2827.2 2983.7
 66.09999999999999 78.40000000000001 129.9 858.4 1125.7 1371.5 1681.6 1828.9 2208.4 2817
# name: prtB
# type: matrix
# rows: 100
# columns: 10
 415.2 500.7 814.6 1436.1 1501.5 2085.5 2145.9 2510.9 2579 2738.7
 405.7 662.2 786.9 1114.4 1771 2259 2323 2479.1 2547.7 2708
 467.7 539.3 780.7 1380.2 1487.8 1934.4 2000 3175.7 2222.4 2382.9
 417.8 986.5 1237.7 1452.7 1818.9 2083.1 2149.1 3189.7 3082 3240.3
 149.9 271.7 295.1 1266.5 1596.7 2328 2392.5 3922.6 4060.4 4745.1
 106 373.2 1062.2 1558 1735.1 2283.4 2348.4 2500.9 3404.8 4086.2
 181.9 583.7 685.3 1264.4 1309.1 1868.2 1932.2 3183.4 3292.5 3452.8
 139.9 391.8 683.7 1190.7 1279.8 2125.6 2190.2 2836.9 3425.4 3585.9
 271.7 348.5 512.4 1465.7 1513 2303.2 2367.7 2985.4 3088.6 3618.4
 129.5 794.4 1012.5 1452.5 1948.7 2079 2598.1 2750.7 2853.2 2826.9
 252.2 392.2 469.3 1342.3 1389.6 2593.3 2797.7 2950.1 3043.3 3203.3
 190.5 433 778.1 1725.7 1773.5 1903.5 1964.2 2117.2 2047.2 3357.8
 105.1 567.3 966.6 1122.5 1172.2 2206.5 2267.3 2420.4 3235.2 3395.3
 150.1 706.2 1056.4 1188.1 1814.8 2249.8 2738.1 2891.5 2985.1 4078.4
 519.8 676.5 695.8 1491 1904.7 2031.5 2092.2 2245.7 2995 3154.5
 265 485.9 1011.1 1566.6 1612.5 2794.8 2855.7 2840.6 2907.2 3065.7
 298.1 596.5 763 1061.7 1204.7 1835.4 1896.3 2326 2392.9 2551.7
 219.3 345.3 464.2 1911 1955.1 2079.4 2404.4 2969.6 3056.3 3216
 592 859.8 916.1 1347.8 1659.9 1784.6 1845.9 2010.7 3938.9 4119.4
 331.1 407.4 979.4 1522.5 1566.4 2434.6 2495.9 2659.6 2755.4 2915.2
 441.2 470.1 876.7 1053.5 1508.2 1920.8 2308.7 3043.4 3139.3 3299
 41.9 727 745.2 1556.3 1650.9 2288.6 2350.2 2794.5 2889 3563.3
 357 750.1 1046.1 1294.2 1502.9 1784.6 1846.1 2008.7 3027.4 3952.4
 241.6 324.3 731.5 1369.1 1619.3 1743 2316.6 2925.9 3016.3 3175.8
 43.4 71.2 78.3 1357.4 1399.6 1837.7 1898.2 3175.5 3263.8 3423.4
 236.1 293.1 307.6 976.4 1018 1139.2 1199.6 2892.2 2977.2 3841.4
 212.6 540.7 614.3 1169.7 1282 2612.9 2884.5 3308.2 3921.2 4080.6
 99.8 278.9 347.5 1341 1667.3 2058.4 2118.8 3008.4 3091.6 3251
 91.09999999999999 364.2 861.9 1153.7 1569.7 1780.3 1988.3 2970.4 3051.7 3211.2
 40.1 49.7 54.1 1049.2 1161.5 2002.6 2221.9 2375.2 2453.6 3824.7
 40.7 65.2 597.7 1273 1576.2 1783 1842.5 3379.6 3457.6 2846.1
 85.5 579.1 719.1 1060.5 1186.5 2024.5 2521.8 2938.6 3017.8 3176.7
 254.3 336.7 547.1 1058.8 1848.3 1964.3 2024.4 2662 3456.4 3615.3
 246 712.7 726.5 1181.6 1326.8 1902.6 1962.5 3015.3 3093.5 3252.4
 481 533.9 601.3 1193.2 1230.4 1870.1 1929.8 2082.3 2160 3326.1
 157.3 599.9 613.7 1318.5 1468.5 1684.8 2069.8 3021.5 2871.2 2954
 245.9 267.4 594.8 1390.8 1843.2 2052 2281.9 2433.6 2815.2 2977.9
 203.3 678.5 709.9 1022.6 1623.2 2036.8 2095.7 2847.3 2922.9 3088.7
 41.6 384.1 397 1144.2 1216.2 2223.1 2281.8 2333.7 2399.8 2567.1
 246.1 619.5 632.7 911.9 947.1 1105.8 2226.9 2453.4 2520.3 3520.8
 294.4 370.7 477 1318.3 1514.9 2219.9 2438.8 2591.3 2665.8 2744.9
 124.1 580.5 629.9 1027.3 1208.2 1534.6 2186.2 3009.6 3881.7 4475.8
 238.5 257.6 334.4 907.3 941 1978.4 2035.6 2186.7 3817 3980.7
 244.7 279.2 291.8 1052.3 1086.2 1540.3 1597.8 3344.7 3416.8 3579.1
 54.3 371.5 384.7 1328.9 1401.6 1908.4 1965.8 2649.5 2806.2 2974
 362.3 382.7 415.3 1179.2 1213 1320.7 1378.1 2475.6 3038.6 3200.6
 111.2 319 332.1 1199 1262.7 1772.1 1829.4 1978.7 3145.2 3307
 40.1 601.6 632.6 1189 1222.2 1836.5 1893.3 2798.6 2871.4 2433.7
 275.4 293.2 359.6 1040.1 1104.6 2156.2 2213 2682.4 2755.1 3178.2
 132.8 245.6 672.6 948.7 1594.5 2169.6 2373.5 2521.8 2595.8 2759.9
 212.6 229.5 387.2 733.4 797.6 1716.4 1773 3457.1 3531.2 3695.1
 260.5 648 697.3 1301.9 1640.4 1744.5 1908.2 2056.7 2130.4 3113.4
 199.2 388 454.9 1006.1 1382.9 2066.3 2123 2711.2 2784.8 3609.5
 503.5 563.3 719.8 920.7 1529.4 1907.9 1896.9 2801.1 2869.1 3481.2
 100.8 112.9 322.6 495.5 1703.9 1856.7 1914.7 2063.3 2893.2 3581.3
 203.2 380.4 602.9 1325.9 1358 1462.9 1835.4 1984.2 2000.6 2805.4
 362.7 381.5 394.8 1152.5 1184.6 1840.6 2064.9 2615.3 2687.8 3782.4
 87 330 672.4 1191.6 1677.7 2034.9 2093.1 2241.8 2254.8 2790.7
 247.8 280.7 293.4 394.4 1552.2 1733.7 1791.9 2228.4 2896.8 3067.4
 116.8 413 1032.4 1208.4 1305.8 1831 1889.3 2039.3 2111.1 2272.1
 220.2 237.4 249.5 915.8 1486.3 2027.1 2085.4 2718.4 2790.1 2950.3
 211.8 508.1 838.6 1146.8 1531.4 2024.8 2083.1 2233.1 2304.8 3188.6
 135 323.6 336.3 923.7 955.2 1294.8 1978 3790.2 3861.8 4021.9
 278.4 502.4 564 1340.8 1405.6 2272.5 2330.7 2480.4 2552 2712.1
 280.1 604.8 619.1 1221 1313.7 1473.6 1531.9 2529.3 2596.1 3224.8
 186.2 402.8 843.4 1068.9 1261.3 1597.4 2171.6 2603.3 2675.2 2835.4
 432.3 571.7 845.3 1271.8 1305.2 1837.8 2378.1 2931.3 3003.3 3084
 256.4 332.2 346.1 1389.2 1422.7 1726 2029.5 2110.3 2177.5 2815.1
 40.1 713.7 728.2 1013.9 1047.4 1732.1 1790.5 2339 2410.9 3505.7
 284.1 421.2 509.6 1149.6 1244.8 1880.6 1939 3036.8 3108.7 3192.6
 199.8 453.8 872.3 924.8 998.5 1852 2629.2 2777 2848.9 3170.8
 116.7 367.3 431.3 1340.9 1374.7 1916.1 2183 2331.1 2402.9 2565.4
 372.2 500.6 716.5 849.4 1338.7 1803.1 2122.8 2688.6 2760.5 2923
 233.2 333.9 386.5 828 1613 1939.3 2615.2 2763.3 3148.3 3310.7
 54.7 127.5 739.7 1341.4 1550.3 2119.7 2178.4 2326.7 2703.2 2871.5
 160.5 381.8 665 1128.3 1223 1392.5 2848.5 2996.8 3067.2 3229.7
 235.5 255.3 613.9 1202.9 1645.6 2426.8 2485.4 2633.7 2704.1 2619.3
 153.7 170.8 266.4 1095.8 1129.7 2720.5 2779.1 2927.5 3670.8 3744.9
 330.3 531.3 566.5 1086.8 1157.4 2030 2334.1 2794.6 2865 4075.7
 309.8 456.2 691.7 1126.7 1161 1656.8 2446.9 2749.3 2819.6 2982.1
 154.2 171.6 559.5 1125.1 1202.6 1977.6 2036.3 2743.3 2813.6 2976.1
 292.3 451.4 653.8 1005.9 1040.9 1561.3 1620 1768.6 1839 3839.3
 137.3 185.3 321.7 1311.1 1346.3 2016.7 2075.4 2224.1 2294.5 3361.1
 141.8 637.9 1109.7 1532.1 1567.8 2047.4 2106.3 2589.3 2658.8 2819.4
 83 97 686.5 1194.9 1296.6 2184.9 2244.4 2394.1 2462.2 3368.8
 260 283.7 671.1 1346.3 1650.7 2194.1 2706.3 2856.1 2924.2 3084.8
 338.4 588 602.9 1417.1 1453.2 1986.6 2046.1 2196 2917.4 3078.2
 379.6 420 434.7 1323.5 1359.7 2340.8 2400.3 2496.7 3052.1 3214.7
 188.3 273.3 308.9 1490.9 1644.4 2016.1 2075.6 2226 2294.3 3080.5
 449.5 823.6 896.1 975.9 1089.6 2217.5 2396.5 2643.9 2710.2 3802.8
 129.1 393.6 641.1 1518.7 1659.7 2128.2 2338.1 2814.2 2882.4 3315.7
 41 700.2 844.4 1165.9 1202.5 1783.6 2447.2 2596.9 2665.1 2729
 77 546.5 640 1404.9 1481.5 2812.1 2871.7 3021.4 3089.8 4033.5
 355.9 504.2 520 1659.8 1781.5 1895.2 2657.4 2807.2 2875.6 2935.8
 401 648.8 725.9 1114.7 1151.7 1887.3 2094.1 3333 3400.1 3365.4
 221.5 387.2 853.6 1402.2 1780.9 2515.4 2575.2 2624.1 2690.9 2849.5
 385.6 411.5 427.9 1168.5 1243.4 2205.3 2265.2 2614.3 2681.5 2843.9
 124.9 143.8 701.5 1291.6 1329 2405.1 2465.1 3065.2 3132.4 3294.8
 40.1 715.3 731.9 941.9 1052.5 1473.6 1970.6 2748.5 3215 3377.4
 286.3 500.6 932.4 1458.3 1698.3 1812.4 1872.5 2957.8 3327.7 3490.1
# name: collectedA
# type: matrix
# rows: 100
# columns: 10
 26 26 27 27 27 31 48 49 49 49
 15 15 23 41 44 44 46 48 48 48
 21 24 27 27 48 48 48 48 48 48
 10 15 27 37 37 44 45 45 48 49
 13 14 14 29 29 48 48 48 48 48
 6 18 19 31 40 43 43 45 49 49
 16 16 16 35 35 47 47 47 47 49
 2 3 5 33 33 39 39 39 48 49
 8 11 11 37 40 40 40 46 46 48
 2 3 5 38 38 46 47 47 47 47
 4 11 11 33 34 41 42 42 42 44
 2 5 5 27 27 39 39 39 48 48
 2 7 16 44 45 45 45 46 49 49
 3 11 13 31 31 31 31 31 48 48
 8 9 9 25 36 45 47 47 47 47
 3 8 8 35 37 45 45 45 45 45
 6 12 23 37 38 48 49 49 49 49
 9 9 25 35 35 46 47 47 47 47
 9 17 17 18 32 44 44 44 48 48
 2 12 12 32 35 35 41 49 49 49
 10 12 20 31 36 46 46 46 46 46
 12 16 22 28 32 45 45 49 49 49
 4 10 10 15 43 46 46 46 47 49
 6 11 12 38 38 40 43 48 48 48
 6 13 13 20 30 45 47 49 49 49
 10 10 10 26 39 42 46 46 46 46
 5 10 10 11 25 39 39 39 40 43
 4 4 8 32 35 39 43 43 45 47
 5 8 25 29 41 47 47 47 47 47
 5 14 14 29 33 36 36 36 36 47
 3 3 3 32 32 47 47 47 47 47
 6 10 19 21 38 40 40 46 46 46
 5 11 11 31 31 34 42 45 45 45
 5 10 10 10 32 36 47 48 48 48
 7 11 11 21 33 42 42 45 45 49
 8 9 9 11 33 40 40 48 49 49
 5 5 5 35 36 36 45 45 48 49
 7 7 7 29 35 38 38 46 46 46
 14 15 15 36 36 39 46 46 46 48
 6 10 10 14 23 45 45 47 47 47
 4 6 6 30 31 31 31 49 49 49
 7 12 24 26 26 42 42 48 48 49
 5 14 14 14 19 27 45 45 47 47
 5 10 10 21 21 47 47 47 47 46
 5 5 8 36 36 40 42 42 42 48
 5 8 8 24 25 41 43 43 43 49
 6 10 12 34 38 45 45 45 45 45
 5 5 5 10 27 38 38 41 41 41
 6 10 16 19 21 39 39 48 48 49
 4 8 8 22 22 44 48 48 48 48
 5 7 8 10 10 38 38 48 48 49
 8 8 8 31 34 42 47 47 43 49
 5 5 9 13 26 34 34 43 43 44
 7 17 20 20 24 46 47 48 48 48
 4 4 5 5 35 36 42 42 42 49
 3 3 3 34 34 34 43 43 43 43
 5 8 8 22 22 30 30 47 47 47
 5 14 18 20 29 45 49 49 49 49
 5 6 6 31 31 44 44 49 49 49
 4 4 9 18 19 27 47 48 48 49
 13 13 16 30 30 48 48 49 49 49
 3 3 3 20 27 40 40 44 44 44
 11 13 14 14 26 26 34 41 41 46
 6 13 13 13 34 39 39 46 46 46
 4 4 7 30 30 38 47 48 48 48
 5 9 9 9 36 46 47 47 47 47
 4 4 5 5 14 47 47 47 47 47
 5 7 7 15 34 46 46 46 46 48
 8 8 8 33 37 43 43 48 48 48
 3 3 7 30 30 45 45 49 49 49
 4 4 7 23 33 43 49 49 49 49
 9 9 12 35 36 37 37 47 47 47
 13 17 22 23 35 35 35 39 39 39
 9 9 9 14 14 41 41 41 48 48
 7 9 9 20 32 33 33 41 41 41
 11 11 12 33 38 42 42 43 43 44
 5 5 8 27 28 43 43 49 49 49
 15 26 26 39 42 45 45 46 46 46
 11 18 18 22 35 39 39 46 46 47
 3 3 6 25 34 39 42 42 42 48
 12 16 16 25 25 34 44 44 44 44
 3 3 6 20 23 40 40 48 48 48
 5 6 6 15 26 37 37 37 49 49
 4 4 6 37 37 43 43 48 49 49
 4 4 4 24 36 43 43 48 48 48
 4 4 11 24 35 44 48 46 46 48
 4 8 8 25 26 38 38 48 48 49
 7 13 13 13 13 48 48 48 48 48
 5 7 7 21 25 43 43 45 47 47
 3 3 3 19 20 34 34 47 47 48
 2 2 2 13 37 46 46 48 48 48
 7 8 8 30 33 41 41 47 47 47
 13 14 14 14 29 42 46 48 48 48
 9 9 9 13 43 43 43 43 43 43
 9 12 18 25 25 43 45 47 47 47
 14 14 17 25 26 40 42 44 44 49
 5 8 17 38 38 38 48 48 48 48
 6 9 9 24 33 46 46 46 46 49
 3 3 3 25 25 42 42 45 47 47
 5 5 7 37 43 45 47 47 48 49
# name: collectedB
# type: matrix
# rows: 100
# columns: 10
 29 33 54 84 85 97 97 98 98 98
 30 46 51 63 87 96 96 96 96 96
 45 47 61 85 86 90 90 99 95 95
 31 66 78 83 89 90 90 96 96 96
 13 18 18 69 80 89 89 98 98 99
 8 24 68 85 88 95 95 95 97 98
 15 45 50 76 76 90 90 99 99 99
 12 29 47 70 71 91 91 95 97 97
 25 28 36 75 75 89 89 93 93 99
 10 56 67 81 94 94 99 99 99 99
 20 28 31 74 74 98 99 99 99 99
 15 31 52 86 86 86 86 86 86 99
 7 41 66 70 70 90 90 90 98 98
 11 50 71 73 87 91 96 96 96 99
 42 50 50 84 92 92 92 92 99 99
 21 34 64 82 82 98 98 97 97 97
 24 43 52 64 66 76 76 83 83 83
 16 22 28 93 93 93 95 98 98 98
 47 63 65 78 85 85 85 85 99 99
 26 29 64 84 84 97 97 97 97 97
 40 40 64 69 84 88 92 97 97 97
 2 54 54 82 83 93 93 95 95 97
 29 54 70 77 82 86 86 86 95 98
 20 24 50 73 78 78 90 97 97 97
 2 3 3 83 83 89 89 99 99 99
 19 21 21 54 54 54 54 95 95 98
 16 37 40 68 70 94 96 97 99 99
 7 20 23 77 85 93 93 99 99 99
 6 25 57 69 86 88 89 99 99 99
 2 2 2 64 66 88 90 90 90 97
 2 3 39 67 75 76 76 92 92 96
 5 44 51 64 66 90 95 97 97 97
 21 25 37 61 92 92 92 95 99 99
 20 53 53 74 77 88 88 98 98 98
 40 42 45 74 74 89 89 89 89 96
 12 44 44 80 83 85 88 96 96 96
 21 21 42 81 95 96 98 98 99 99
 15 49 50 62 84 90 90 97 97 97
 2 29 29 68 69 90 90 96 96 96
 19 45 45 58 58 59 92 93 93 97
 26 30 36 79 84 94 96 96 96 96
 9 43 45 67 72 77 87 93 98 99
 19 19 23 53 53 86 86 86 99 99
 22 23 23 64 64 70 70 98 98 98
 3 29 29 76 77 91 91 98 95 95
 33 33 34 74 74 74 74 95 99 99
 8 23 23 74 75 84 84 84 96 96
 2 46 47 73 73 85 85 95 95 96
 24 24 27 64 65 96 96 98 98 99
 11 18 47 59 85 96 98 98 98 98
 18 18 28 49 50 82 82 99 99 99
 21 50 52 83 94 94 95 95 95 97
 16 28 31 64 77 91 91 95 95 99
 43 46 56 66 93 98 85 95 95 97
 7 7 20 27 86 87 87 87 92 96
 17 29 43 84 84 84 89 89 89 96
 30 30 30 66 66 83 85 87 87 99
 6 23 46 68 87 92 92 92 92 94
 19 20 20 23 85 86 86 90 97 97
 8 31 74 80 82 95 95 95 95 95
 18 18 18 54 77 87 87 93 93 93
 16 38 60 74 85 95 95 95 95 97
 10 24 24 59 59 65 82 99 99 99
 23 37 40 76 77 98 98 98 98 98
 24 48 48 80 82 83 83 95 95 97
 14 28 60 69 75 82 91 94 94 94
 36 45 62 78 78 87 96 98 98 98
 21 25 25 83 83 87 91 91 91 97
 2 54 54 65 65 85 85 89 89 99
 23 31 35 67 69 79 79 95 95 95
 16 35 61 61 62 89 98 98 98 99
 8 26 29 79 79 93 96 96 96 96
 33 40 52 55 76 88 91 94 94 94
 19 25 27 48 83 88 97 97 98 98
 3 7 48 78 84 91 91 91 94 94
 12 27 45 65 67 68 98 98 98 98
 20 20 42 71 85 97 97 97 97 83
 11 11 16 61 61 95 95 95 98 98
 26 39 40 69 70 92 94 96 96 99
 25 34 47 67 67 79 94 95 95 95
 14 14 40 66 67 84 84 94 94 94
 24 33 46 63 63 73 73 73 73 99
 10 12 19 77 77 89 89 89 89 96
 10 45 73 88 88 97 97 99 99 99
 5 5 47 69 71 91 91 91 91 95
 20 20 44 73 81 87 96 96 96 96
 28 45 45 86 86 94 94 94 97 97
 32 33 33 77 77 96 96 95 99 99
 14 18 19 87 91 96 96 96 96 99
 39 62 65 66 68 88 89 87 87 99
 10 29 44 84 87 96 97 99 99 98
 2 52 60 73 73 85 94 94 94 94
 5 39 43 76 77 98 98 98 98 99
 31 39 39 88 90 90 98 98 98 98
 32 48 51 64 64 83 84 98 98 96
 18 28 55 74 85 98 98 98 98 98
 31 31 31 69 70 94 94 95 95 95
 9 9 46 73 73 90 90 97 97 97
 2 58 58 63 65 75 82 94 96 96
 22 35 62 83 89 89 89 98 99 99
# name: avgRateA
# type: matrix
# rows: 100
# columns: 10
 0.06153846153846154 0.05431376645080426 0.048 0.02637491452573996 0.01725680685159146 0.005263247253773409 0.004119994850006438 0.0009419454056132256 0.0004799818194641444 9.756169433204386e-05
 0.05370569280343716 0.04134509371554575 0.03538461538461538 0.0237035324044632 0.01805869074492099 0.006699249379558154 0.003851628569036255 0.0009131950984253092 0.0004676944902665956 9.546706465825177e-05
 0.04561251086012164 0.03882866850024268 0.03368683718028696 0.0205620287868403 0.0186046511627907 0.007137971031734229 0.004070797961208688 0.0009239671298693549 0.0004705015154069642 9.558337120160644e-05
 0.07173601147776183 0.05305978068623983 0.04824874910650465 0.03014502199771875 0.02084507042253521 0.006898065406201987 0.00387884220869895 0.000869528251939048 0.0004682022399575496 9.737603385029408e-05
 0.07701421800947866 0.05483744614179396 0.04323656578134651 0.02396892305149186 0.01648195510088093 0.007237308324412346 0.004103405826836274 0.0009257669883064057 0.0004707289924928533 9.559275574198798e-05
 0.06237006237006237 0.05301914580265096 0.04415524052986289 0.02452337631516494 0.01847831108236707 0.006521277563772028 0.00368832772936252 0.0008640868234440197 0.0004763075858301409 9.740870965067846e-05
 0.07130124777183601 0.05387205387205387 0.04371584699453552 0.02701034110202192 0.01897327478722827 0.007139602005164818 0.00403520068684267 0.0009073376589530095 0.0004612270012099848 9.744160116039027e-05
 0.03992015968063872 0.02444987775061125 0.02207505518763797 0.02467843254561771 0.01749549358498569 0.006030523727791436 0.003383302102852384 0.0007546483435468859 0.0004678909814013335 9.740113883796863e-05
 0.06259780907668232 0.0444264943457189 0.03477711033828643 0.02579295921924015 0.01865062712733716 0.006372775503050966 0.003528145782983753 0.0008828971309681927 0.0004501044535878707 9.542460869449394e-05
 0.03992015968063872 0.02475247524752475 0.02202643171806168 0.0235119415913872 0.01753657298444783 0.006577630337175051 0.003832198622039219 0.000896647112128583 0.0004584703867148938 9.349979479779078e-05
 0.05298013245033113 0.04489795918367347 0.0353356890459364 0.02436863092600797 0.01743858029440427 0.006043899346964046 0.003487503113842066 0.0008046547360636673 0.0004106077581402988 8.745861368953902e-05
 0.03937007874015748 0.03261578604044357 0.02320185614849188 0.01929260450160772 0.01385965812843283 0.005975180021449364 0.003365724839049312 0.0007537542761059895 0.0004650631032498222 9.535706452812556e-05
 0.03992015968063872 0.03625064733298809 0.0372960372960373 0.02829036198804089 0.02090203911003762 0.007164692395873137 0.003967729136357625 0.0008880188877756479 0.0004779149642978015 9.747593040775573e-05
 0.045662100456621 0.04421221864951768 0.03621169916434541 0.02539734556775356 0.01754485256664214 0.005259050656533097 0.002829628953493679 0.0006065467921501105 0.0004680255658965371 9.547758484675251e-05
 0.07060900264783761 0.04734350341925302 0.03564356435643564 0.02183596820683029 0.01719936935645693 0.006711209210761797 0.003894694100781425 0.0008998074029260971 0.0004593365030809752 9.353585637350341e-05
 0.04573170731707318 0.03954522985664854 0.03014318010550113 0.02460802924840048 0.01797337996696784 0.006726658495022272 0.003829493911104682 0.0008667681106381339 0.0004411535479038834 8.961199797118436e-05
 0.05725190839694656 0.04662004662004662 0.04295051353874883 0.02721388643718741 0.01948418192073014 0.007162896197695935 0.004118443060423443 0.0009411710472736771 0.0004796881439690963 9.754945807294431e-05
 0.06545454545454546 0.04543160020191823 0.04747436384352449 0.02665245202558635 0.01884455930652022 0.007005040583550337 0.003990931245595116 0.0009048745786076098 0.000461076781056219 9.360787660490207e-05
 0.06101694915254238 0.05040023717758672 0.04205838693715983 0.0200445434298441 0.01686251778468673 0.006522577010880844 0.003726476616359233 0.000846611341898218 0.0004678458331018472 9.547344485692509e-05
 0.03929273084479371 0.04882017900732302 0.03854802441374879 0.02424609789362024 0.01717875723961912 0.005679513184584178 0.003514064830210673 0.0009267437440068994 0.0004758699923180987 9.739056877682216e-05
 0.0678886625933469 0.04920049200492005 0.04375410194705753 0.02590457090331745 0.01847290640394089 0.006966108368416271 0.003943420488641235 0.0008875511306629621 0.000451329951629203 9.161877428022001e-05
 0.06944444444444443 0.05349381477766633 0.045662100456621 0.02553812477198103 0.01772362226530047 0.006818698386241382 0.003859348198970841 0.0009360755890589958 0.0004783591305578741 9.749437467406537e-05
 0.05383580080753701 0.044543429844098 0.03477051460361613 0.01738928819846974 0.01984859675036928 0.007129461725639713 0.003995587481650699 0.0008902840973970802 0.0004603393190504081 9.741219533093408e-05
 0.06493506493506493 0.04891062694530902 0.03933136676499508 0.02898771836143108 0.02054498269896194 0.006487713891817371 0.003756836568872425 0.0009165587800602637 0.0004685221445039424 9.550163427171647e-05
 0.06191950464396284 0.04922377887163953 0.03991403131716303 0.02129925452609159 0.01711742553919891 0.006969396605129475 0.004003543561961225 0.0009391597012322158 0.000479197451843101 9.752916818765726e-05
 0.06872852233676977 0.04904364884747425 0.03789314134141721 0.02430133657351154 0.02035915640008353 0.006761651774933591 0.003971680193403557 0.0008891380193484165 0.0004518033830251576 9.163826710443196e-05
 0.0603864734299517 0.0474158368895211 0.03688675765400221 0.01470391658869135 0.01566121656330264 0.006103095364777315 0.003406173033590107 0.0007557700133713157 0.000392160322983242 8.552970635662745e-05
 0.05305039787798408 0.03154574132492113 0.031201248049922 0.02787942150200384 0.01938091810177751 0.00637828113500695 0.003707695624056909 0.0008309034239018065 0.0004396042389571415 9.34332340025406e-05
 0.05868544600938967 0.04305705059203444 0.04843084075939558 0.02712561968010476 0.02046418767157475 0.007192262961376017 0.00405361116381764 0.0009082476617453814 0.0004615639948658371 9.362788533253438e-05
 0.05549389567147614 0.04940014114326041 0.04054445409788589 0.02523494604942569 0.01797483523067705 0.005891980360065467 0.003222860826126658 0.0007014276000070143 0.0003550166315430305 9.347995232920218e-05
 0.04966887417218543 0.02747252747252747 0.01819284414796846 0.02605438853606904 0.01812415043044857 0.007087920374000905 0.004020255243439286 0.0009065763433725411 0.0004611414723167944 9.361056134270209e-05
 0.05893909626719057 0.04623208506703652 0.04342857142857143 0.02251045128095187 0.01984956122022566 0.006484874031321941 0.003562553994958986 0.0008858555824307878 0.0004510763564405368 9.160837420029374e-05
 0.0591016548463357 0.04799301919720768 0.03782668500687758 0.02684680003464103 0.01832367892185838 0.005663268705443401 0.003666905306535823 0.0008637053728232226 0.0004404087776405442 8.958063720498857e-05
 0.05720823798627002 0.04655493482309125 0.03632401017072285 0.01392757660167131 0.01755155770074594 0.005883891213389122 0.003890728476821192 0.0009155290899831582 0.0004682762361517059 9.549032991312171e-05
 0.06060606060606061 0.04784688995215311 0.03783969728242174 0.02198032237806154 0.01843884449907806 0.0067565393648853 0.003725518024411013 0.0008686403462207389 0.0004416974137144102 9.750950767449576e-05
 0.06739679865206402 0.04741833508956796 0.03607214428857716 0.01488699418053864 0.01806734191075828 0.006441431286031756 0.003550127804600965 0.0009219068105865632 0.0004784871213726526 9.749873948058243e-05
 0.05753739930955121 0.03620564808110065 0.02558853633572159 0.02949603910332041 0.02052100552927093 0.006139363552645043 0.003916176419396387 0.0008713685714783638 0.0004696852423918329 9.746524717485047e-05
 0.06517690875232775 0.04366812227074236 0.0319926873857404 0.0260229720028715 0.01924980750192498 0.006214633827233179 0.003401360544217687 0.000886565829440153 0.0004511661664606995 9.161120205846387e-05
 0.0748663101604278 0.05758157389635317 0.04656938838869916 0.02937097168964673 0.02046268402205423 0.006504119275541176 0.003941933604127033 0.0008876795862641232 0.0004514557485038167 9.54838524869963e-05
 0.07067137809187278 0.0508646998982706 0.03895597974289054 0.01786169941311559 0.01475115443817342 0.006961956773983941 0.003905877042990686 0.0009054149593815437 0.000460864739140752 9.359857443396759e-05
 0.05319148936170213 0.03824091778202677 0.02784222737819025 0.02580201255697944 0.0178746468315747 0.005306220259491287 0.002844114975641531 0.000927924857023823 0.0004763089748275567 9.740915502925456e-05
 0.06294964028776978 0.05115089514066496 0.04922067268252666 0.0265360277607675 0.01718553770903563 0.006813204639467921 0.003742781777999572 0.0009180839587780302 0.0004689519607565368 9.750768370497359e-05
 0.05952380952380952 0.05206396429899592 0.0423088546388637 0.01807384456493674 0.01301904892421543 0.004621467572702531 0.003709749220952663 0.0008607613338357629 0.0004572300226961201 9.344744525620009e-05
 0.05995203836930455 0.0481000481000481 0.037243947858473 0.02252493832457364 0.01433642818132168 0.00726710475454194 0.004078374203849291 0.0009095694446594726 0.0004619377995838628 9.159088184895708e-05
 0.05681818181818182 0.0362844702467344 0.03234937323089365 0.03005008347245409 0.02079963022879593 0.006654798941886969 0.003734827264239029 0.0008172160174339417 0.0004139301285942933 9.543263390490855e-05
 0.06009615384615384 0.04461795872838818 0.03350083752093802 0.02393537448888002 0.01592965464508729 0.006565252201761409 0.003747048110354924 0.0008329410761986119 0.0004228188447409202 9.726676422456951e-05
 0.06389776357827476 0.04972650422675286 0.04028197381671702 0.02828854314002829 0.02030565352142781 0.00711563700763745 0.003953993093692063 0.0008732844811525803 0.0004428976926014433 8.968302431884746e-05
 0.0574052812858783 0.03654970760233918 0.02574665293511844 0.01395868230039084 0.01672344379064726 0.006158533620731568 0.003384667456422406 0.0007929048552851943 0.0004028197381671702 8.168209329290402e-05
 0.06042296072507553 0.04800768122899664 0.04370390603660202 0.02170436371944254 0.01427794397606745 0.006306699655557173 0.003469534815447436 0.0009165412787278406 0.0004685468410181523 9.742362236536205e-05
 0.05763688760806916 0.04449388209121245 0.03343083994985374 0.02296930465650449 0.01477005706612957 0.007003915825666168 0.004109764972815617 0.0009261420972101899 0.0004710722389278396 9.560716926293245e-05
 0.0608272506082725 0.04265691651432054 0.03307151715584952 0.01383891502906172 0.007992966189753018 0.006000600060006001 0.003336054851765036 0.0009157788699288745 0.0004683479708336302 9.74014292566462e-05
 0.06796941376380629 0.04697592483852026 0.03484320557491289 0.02680038039249589 0.01905615962336061 0.00671527244819647 0.004023903700279104 0.0009068317229030963 0.0004227423591776383 9.726655183920132e-05
 0.05834305717619603 0.03692762186115214 0.03416856492027335 0.01628460478516848 0.01536189069423929 0.005592933164448684 0.003052831950580038 0.0008271298593879239 0.0004225246931291589 8.758911944070366e-05
 0.07438894792773645 0.05902777777777778 0.049838026414154 0.02360996340455672 0.01614096442262425 0.007195144841393981 0.004064021305847867 0.0009249196476056143 0.0004707354555002986 9.559262248003907e-05
 0.05340453938584779 0.03236245954692557 0.02506265664160401 0.007923930269413629 0.01975615263039061 0.006058872039988556 0.003669660643763324 0.0008137074837839723 0.0004130479892922226 9.744867437982868e-05
 0.04893964110929853 0.02770083102493075 0.01831501831501831 0.02804817686850355 0.01949876698973447 0.005812164518445075 0.003728593106438327 0.0008320030958254729 0.0004225861486088071 8.567180843624244e-05
 0.05580357142857143 0.04284949116229245 0.03246753246753246 0.02252944188428059 0.01459176228692711 0.004995836802664446 0.002711668308732476 0.0009038513683732791 0.0004604619903322577 9.358236064093164e-05
 0.05854800936768149 0.05287009063444108 0.04609475032010243 0.02275830678197542 0.01772291144655625 0.007007490228444182 0.004136522113509543 0.0009423946825860849 0.0004800772826450103 9.756544351458604e-05
 0.05973715651135006 0.0400266844563042 0.02884615384615385 0.0278126682217836 0.01882896015549077 0.006992006864879468 0.003876242159419268 0.000941608728905082 0.0004798732351192779 9.755701311484809e-05
 0.05208333333333334 0.03182179793158314 0.03349460364719017 0.02017937219730942 0.01302886923129672 0.004608845569533824 0.003983185870707481 0.0009208827428492496 0.0004696870807675861 9.745167838639113e-05
 0.07218212104386452 0.05506141465480729 0.04537719795802609 0.0275002291685764 0.01848428835489834 0.007420232500618353 0.004164136375466297 0.0009419236772700361 0.0004799813492961416 9.756169433204386e-05
 0.04716981132075471 0.02705139765554554 0.01797483523067705 0.02130606157451795 0.01596971668539658 0.006407381303261357 0.003539447138356988 0.0008491880604158706 0.0004318547868649404 8.764133659412221e-05
 0.07115135834411385 0.05425709515859766 0.04355942750466708 0.0182648401826484 0.01640689089417555 0.004566851682709197 0.002994776757009099 0.0007864741787099521 0.0004011608224383925 9.144807429241556e-05
 0.06122448979591837 0.05187549880287311 0.04149377593360996 0.017143610708163 0.01869467201847473 0.006345797129747144 0.003480806476085074 0.000884666423062869 0.0004506755234204313 9.159166603448506e-05
 0.05256241787122208 0.03187250996015936 0.02939941201175977 0.02696386841632213 0.01822821728034998 0.006116503291644535 0.003991473533133476 0.0009207061048569165 0.0004696402066808276 9.551083172424113e-05
 0.0546448087431694 0.04451038575667656 0.03418154196733764 0.01275510204081633 0.01929777539533637 0.007193569574328339 0.004063388866314506 0.0009088307409097589 0.0004617494606373321 9.352269756072906e-05
 0.05208333333333334 0.03167062549485353 0.02453385672227674 0.007835762419683435 0.01008209707619185 0.007037192309995807 0.004004362198820843 0.0009053765885024879 0.00046088146030781 9.359810844197185e-05
 0.05555555555555555 0.04029936672423719 0.02992731936725096 0.01782107639301414 0.01862401402278703 0.007083134440971313 0.003981718717540337 0.0008897399444879644 0.0004519889478876395 9.551738884114125e-05
 0.06430868167202572 0.0449438202247191 0.03355704697986577 0.02890679747722495 0.02046573372421041 0.006889038418404947 0.003805208711273152 0.0009233077500144267 0.0004703161896550035 9.561834892211228e-05
 0.04754358161648178 0.027124773960217 0.02963590177815411 0.0268048606147248 0.01815101645692159 0.006933530553757974 0.003896576208371577 0.0009360559188344001 0.0004784259201399738 9.749798288611937e-05
 0.05405405405405406 0.03254678600488202 0.02991452991452992 0.02279484638255699 0.01804363278473399 0.00671602161621841 0.004164329542943586 0.0009438614334365802 0.0004804571598902597 9.758347469660501e-05
 0.06998444790046657 0.04931506849315068 0.04016064257028112 0.02763957987838585 0.019573727707699 0.006166563890601823 0.003345842564543112 0.0009037870600768412 0.0004604443974203357 9.358118675678866e-05
 0.07278835386338187 0.05681818181818182 0.04834102395078005 0.02450458129128489 0.01934663644906307 0.005912361904118382 0.003188078408511259 0.0007552621437438152 0.0003834495316508092 7.770925857994898e-05
 0.06960556844547564 0.04896626768226333 0.03673469387755102 0.01792803175822769 0.01066422912858014 0.006642472944073619 0.003650577414500806 0.0007979882909815646 0.0004702853162227859 9.557406462359847e-05
 0.06311992786293959 0.04608294930875576 0.03506038176860148 0.02171788467803236 0.01818078518266008 0.005572159465072691 0.003005163417144002 0.000790698302312889 0.0004022502467461879 8.165934985614012e-05
 0.06811145510835913 0.05038937242327073 0.04014720642355303 0.02665159101922145 0.01960986685932501 0.006648515164946496 0.003692048031786776 0.0008314062753772265 0.0004224383534728363 8.758693999100243e-05
 0.05714285714285714 0.03602305475504323 0.03182179793158314 0.02451870686523792 0.01674841488216294 0.0067949811952846 0.003776302385217972 0.0009439650771450644 0.0004804906103309403 9.758201718757873e-05
 0.06918819188191881 0.05806163465832961 0.05067238355096472 0.03035964502568893 0.02185792349726776 0.007216164207825529 0.003984204841251572 0.000890222071701582 0.0004521200005110922 9.165073737003029e-05
 0.06670709520921771 0.05434782608695652 0.04548900682335102 0.02323125659978881 0.01966402606888027 0.006414473684210526 0.003501306256564949 0.0008854991809132577 0.0004508990535040738 9.35064914394807e-05
 0.04761904761904762 0.02695417789757413 0.02706359945872801 0.02273347276529963 0.01788908765652952 0.006288192708921172 0.003658791553418356 0.0008135183506496525 0.0004129874727133277 9.539517550824264e-05
 0.06980802792321117 0.05367326400536732 0.04416229643941485 0.02489296027083541 0.01624114857402716 0.005622622788159418 0.003694126339120798 0.000845188380964821 0.0004308243039739625 8.759848359061407e-05
 0.0487012987012987 0.02724795640326975 0.02694207453973956 0.02039359641072703 0.01433021806853583 0.006362537379907106 0.003525595825694542 0.0009155378212488699 0.0004682990792069355 9.549213463117754e-05
 0.05924170616113743 0.0390625 0.02811621368322399 0.01812688821752266 0.0159567939118694 0.00606905601574674 0.003316809050406534 0.0007211899243920077 0.0004784576867644934 9.749788588767846e-05
 0.05298013245033113 0.03167062549485353 0.02677376171352075 0.02647206124347141 0.01914024106357664 0.006813176366200307 0.003781848884354579 0.0009214449023940291 0.0004783792121777774 9.749536399595693e-05
 0.05128205128205128 0.03098373353989156 0.02137894174238375 0.02289639381797367 0.01893740136770121 0.006807675258058388 0.003780086854088648 0.0009242642471482597 0.0004705757788764415 9.558643572718277e-05
 0.05128205128205128 0.03093580819798917 0.03481012658227848 0.02307026819186773 0.01857650867788334 0.006832192046707349 0.004063732877292199 0.0008873388322620967 0.0004514535331636784 9.548512510839054e-05
 0.053475935828877 0.04195070791819612 0.03170828378913991 0.02463539613716989 0.0163769211388259 0.006089548411909874 0.003362950900916846 0.0009212592077938529 0.0004698066060681396 9.746957059681215e-05
 0.0618921308576481 0.05076142131979695 0.04066312167657179 0.01688092455525256 0.009972384166922369 0.007160224950400525 0.004080522306855277 0.0009246274521890554 0.0004706763717519654 9.559056648562876e-05
 0.0576036866359447 0.03977272727272727 0.02959830866807611 0.0206043956043956 0.01459342712042496 0.006674116843608369 0.003738415259689451 0.0008646380336978263 0.0004580860967945669 9.348370817648292e-05
 0.04792332268370607 0.02676181980374666 0.01780415430267062 0.02050285960936657 0.01326611833377554 0.005572308902582928 0.003046294720054475 0.0009089397121561984 0.000461799820585857 9.54883542999898e-05
 0.03992015968063872 0.02132196162046908 0.01348617666891436 0.01572517237208177 0.018221215404314 0.006947590998338619 0.003938187577586576 0.0009208915765280085 0.0004697105213199648 9.555098680281621e-05
 0.0748663101604278 0.04830917874396135 0.0354452813469207 0.02668801708033093 0.01878950065478563 0.006651309172317576 0.003652984309986903 0.0009009630720157036 0.000459727391438311 9.355183060032608e-05
 0.06867406233491812 0.05223880597014925 0.04223227752639518 0.01788451711803781 0.01678726483357453 0.006531577064833678 0.003863695540791386 0.0009130179236831143 0.0004676493798774369 9.546505203441993e-05
 0.07009345794392523 0.0481283422459893 0.03624647603705195 0.01668377823408624 0.02030313045941735 0.006900646735031213 0.003808376657308098 0.0008359042248154692 0.0004236052550694713 8.571364784527849e-05
 0.06502890173410404 0.048348106365834 0.04269449715370019 0.02397391637897967 0.01583180292571718 0.006726843233265022 0.003865248836130628 0.0009019053229684582 0.0004599766488450182 9.356250174185509e-05
 0.07322175732217574 0.05533596837944664 0.04514073287307488 0.02411265432098765 0.01610106514738667 0.006282590940503863 0.003607782502254864 0.0008443304171951727 0.0004306096943943426 9.756334549092084e-05
 0.05767012687427912 0.04223864836325238 0.04151404151404151 0.02706359945872801 0.01957753735188048 0.006275908768105172 0.004124526323929986 0.0009268753294752148 0.0004712567730888819 9.562025372435908e-05
 0.06116207951070337 0.04513540621865596 0.03437738731856379 0.02215657311669128 0.01720362840162653 0.006822192890088541 0.00389754539369445 0.0008854650905388055 0.0004508986115263408 9.747930454683264e-05
 0.0487012987012987 0.02695417789757413 0.017825311942959 0.02313957793409848 0.01545499505440158 0.006402146243312043 0.003614488937082075 0.0008600999627290016 0.0004570775047847262 9.344239187075048e-05
 0.0657030223390276 0.03894080996884735 0.03044802087864289 0.0272379269729093 0.02022863056875382 0.007062701090794946 0.004023421449116559 0.0009068299732388687 0.0004696287193616181 9.745096128412524e-05
# name: avgRateB
# type: matrix
# rows: 100
# columns: 10
 0.06820319849482596 0.05992373343017977 0.05904220424229171 0.04338618872992098 0.0339796122326604 0.0136899301390163 0.007986234037823463 0.001866279191558324 0.0009553612337807934 0.000194932277940807
 0.0721674284339668 0.06458859870822801 0.0575036644492051 0.03902378592666006 0.03139660772284374 0.01322496211599394 0.007790310800941329 0.001829299664056739 0.0009361497137429704 0.0001909657296084407
 0.09420138162026377 0.07975564228745971 0.06926308618144657 0.04520795660036166 0.03456869523273575 0.012978772496539 0.0075 0.001861752642654446 0.0009293462098326786 0.0001890987929724519
 0.07246376811594203 0.06367583212735166 0.05830903790087463 0.04250524914221335 0.03157259924083863 0.01270630091344185 0.007407956144899622 0.00180486071551447 0.000931297413709474 0.0001907637365290498
 0.08130081300813008 0.055952751010258 0.04555808656036446 0.03906028870648175 0.03080833365425348 0.01214519650655022 0.00718176316320355 0.001817419783170693 0.0009417607466432957 0.0001961386054069668
 0.06896551724137931 0.05671077504725898 0.05850972293925314 0.0413022351797862 0.03217432635004205 0.01304335887085702 0.007693304395711186 0.001809492789647416 0.0009380609023952466 0.0001944111939584936
 0.0781657113079729 0.07101151964652043 0.06366993505666625 0.04307413284969394 0.03291325624702265 0.0131038700096095 0.00754261577915221 0.001861483094348989 0.0009584432558026962 0.0001966420685315485
 0.08005336891260841 0.06564056133997284 0.05997192803368635 0.0414029691843615 0.03114308272655496 0.01277085438419221 0.007465012879198044 0.001797985877294088 0.000937874061884218 0.0001926185780817136
 0.08874689385871495 0.07026348808030113 0.05878510777269758 0.03815434705194078 0.02984480700358138 0.01218643882133859 0.007196164201913048 0.001755200489191362 0.0009021366087035811 0.0001965774086093757
 0.07168458781362007 0.06631927996210327 0.0602247191011236 0.04148527528809219 0.03187845491233425 0.01327871168244102 0.007858327843087449 0.00187675234641436 0.0009625368972477279 0.0001968868411773515
 0.07627765064836003 0.06331976481230213 0.05445283681714386 0.04016718232643978 0.03096752594576498 0.01290611460102985 0.007735765020277081 0.001869684854230681 0.000960761155747147 0.0001967395682818455
 0.07481296758104738 0.06418219461697723 0.05921876779410089 0.03863952913690075 0.0310077519379845 0.01245744912001159 0.007188111198408585 0.001650127021405601 0.0008427472777303053 0.000196679181290128
 0.06081668114682885 0.06641827312489876 0.06187886742921433 0.04314329738058552 0.03222539361016481 0.01248872545618539 0.007336577731041061 0.001716888844800879 0.000949288614736059 0.0001946780194411827
 0.06870705808869457 0.06612007405448293 0.06139744033206503 0.04324388365618151 0.03090805741082847 0.01255207040194212 0.007536445780767932 0.001815036442528573 0.0009321736833774983 0.000196398020625363
 0.07927519818799547 0.06882312456985547 0.06282985674792661 0.04218985434455048 0.03167280614177024 0.01308397923629382 0.007608210251236334 0.001760910467272905 0.000961211709306277 0.0001967586496791741
 0.07636363636363637 0.06344467251352864 0.05760057600576006 0.03967869931288106 0.03138755980861244 0.0125724842202494 0.007623077700941994 0.001835709662645769 0.0009425968251006733 0.0001928177572034826
 0.07789678675754624 0.06651198762567673 0.06025492468134415 0.04098098226291862 0.02993604572050619 0.01111858852444627 0.006388540974924977 0.001586209532545962 0.0008106030789244177 0.0001651571370666938
 0.06977758395115569 0.05565393372122438 0.04962779156327543 0.03857320613853173 0.03147101620926534 0.0131367065005509 0.007658572764502918 0.00185011780341932 0.0009509365269275143 0.0001947473848208324
 0.07807308970099668 0.06924598812925918 0.06397008168487353 0.04221236064509146 0.03195608857475845 0.01252837308021107 0.007175478435576866 0.001634279100262062 0.0009524826604861126 0.0001963820475863456
 0.07622398123717385 0.06340183646698733 0.05929219937002038 0.0415327564894932 0.03273067331670823 0.01304710408091895 0.007762546115125762 0.001842019308919931 0.0009439893183229301 0.0001928754589242878
 0.08865248226950355 0.07690828686791001 0.0655267738302447 0.04441583521081429 0.03349015230045451 0.01271529302970755 0.007474388034479676 0.001828691222659181 0.0009404756479828736 0.0001927283781608944
 0.03853564547206166 0.0694980694980695 0.06389020350212966 0.03987744978845499 0.03131012109095024 0.0127596520593804 0.007530242425223883 0.001799429864853346 0.0009233251367979084 0.000192627222833753
 0.07901907356948229 0.06749156355455568 0.06107669487828288 0.04291606286924535 0.03276199608454193 0.01267576570468414 0.007259773258709618 0.001653569498949214 0.0009220848046247892 0.0001944628103765356
 0.0794912559618442 0.06411969008816457 0.06013229104028864 0.03905623027125354 0.0297789485740465 0.01156755153492511 0.007307211405745092 0.001832751072726208 0.0009415985625575758 0.0001927755667104817
 0.03745318352059925 0.02475247524752475 0.01682557487380819 0.04468612038333154 0.03458909818303051 0.01301607265601006 0.007480123043821754 0.001861759644949272 0.0009587096349349917 0.0001966535524570372
 0.07720438845997563 0.06120664529291751 0.05152109911678115 0.03657545380655649 0.0267591674925669 0.008795934323690384 0.004821600771456123 0.001796106042100726 0.0009225343085653911 0.0001945056519769912
 0.07187780772686433 0.06263754867106822 0.05599888002239956 0.04072587890040127 0.03067484662576687 0.01234746285909443 0.007450812992355156 0.001819607490029677 0.0009526448886271521 0.0001963971634694928
 0.06375227686703097 0.06080875646093038 0.05139664804469274 0.04182509505703422 0.0318674314850223 0.01317579054743285 0.007674027131399149 0.001867628526799526 0.0009603110243705598 0.0001967209205744251
 0.05934718100890208 0.06035731530661517 0.05925771909761929 0.04172461752433936 0.03346694166634238 0.01297877675029128 0.007423904974016333 0.001868968329482126 0.0009606828417192536 0.0001967364796332037
 0.03992015968063872 0.02006018054162487 0.01297858533419857 0.04131164471985541 0.03053435114503817 0.01256676091737355 0.007363830500985935 0.00171837052650873 0.0008784464381925086 0.0001925272818105186
 0.03944773175542406 0.02604166666666666 0.05589795040848502 0.03778905809362662 0.02911264653365422 0.01120448179271709 0.006417563858982478 0.001723504859534354 0.0008892531819798641 0.0001909132834081839
 0.05235602094240838 0.06994118582101415 0.06226345989500671 0.04101249599487344 0.03018522753258632 0.0128122998078155 0.00758676867543005 0.001832311394710098 0.0009415848523264912 0.0001927752219051478
 0.07945516458569807 0.06464959917248514 0.05717817957039097 0.03913266615345137 0.03229996840220482 0.01321022931235013 0.007651109410864576 0.001803957312673275 0.0009569248495018192 0.0001965786186400612
 0.078125 0.06948996984397535 0.06412583182093164 0.04400570884871551 0.03309265944645006 0.01274881928548663 0.007356321839080459 0.00184852297355669 0.0009505933933759161 0.0001947332988377204
 0.0814663951120163 0.07193012502140778 0.06416654783972622 0.04370422867942358 0.03317790530846484 0.01295468770469134 0.007460309477107747 0.001708833903264641 0.0008711824588880188 0.0001907312177929974
 0.07172743574417215 0.06770272349592245 0.06165055345383214 0.04399230134726423 0.03362365809195868 0.01271541407371948 0.007290924456080466 0.001810586271606801 0.0009332057952079883 0.0001908723262962418
 0.08206330597889801 0.06616257088846882 0.06044905008635579 0.04283900994288132 0.03341305571187395 0.01361315938740783 0.007979221455963654 0.001869030545299198 0.0009628926462235156 0.0001968277333855026
 0.07032348804500703 0.06726149622512011 0.06173601679219657 0.04071982135820307 0.03202195791399817 0.01278990450204638 0.007440660730672883 0.001835476930704123 0.0009424530400911751 0.0001928089420414332
 0.03875968992248062 0.06680488366735775 0.05835010060362173 0.04135749908770223 0.03113437415395723 0.01246002408937991 0.007327916103502744 0.001834382052100272 0.0009375018310582637 0.0001910192688697689
 0.0741897696212417 0.06721433905899925 0.06141667804012556 0.04107939655782987 0.02978788968209132 0.009662943430836254 0.007524392936885065 0.001773002322061106 0.0009071374157118151 0.0001926434816595461
 0.08541392904073589 0.07130972189208462 0.06239168110918544 0.04344717593356432 0.03340093045449123 0.01301957090818432 0.007717786281634885 0.001825396976305967 0.0009350728285368642 0.0001909517132844112
 0.06711409395973154 0.06819984139571768 0.06165228113440197 0.04386826425718589 0.03260574223349334 0.01178342974321305 0.007139223055587467 0.001754399203163201 0.00094338078795399 0.0001962433084005219
 0.07645875251509054 0.06176853055916775 0.05294659300184162 0.03766076884814894 0.02730551262235961 0.01232374183193855 0.007145468443617268 0.001647929453289823 0.0009536010479979194 0.0001964360936837462
 0.08637612877895563 0.06986634264884568 0.05870342011230219 0.04122914385105972 0.03067778736458633 0.010702872956898 0.006035627446584697 0.001837108466258129 0.0009476216630180009 0.000194606964427237
 0.04665629860031104 0.06880189798339265 0.05983082318960182 0.04155503307999343 0.03206195869420386 0.0131723698685658 0.007605007605007605 0.001861366204807263 0.0009240687818438966 0.0001888765622079869
 0.088638195004029 0.07626531083891842 0.06598098195226082 0.04406860409718914 0.03343877089923181 0.01170756403562897 0.006503722062558775 0.001810365198301687 0.0009608049798813259 0.000196740623918175
 0.066006600660066 0.06233062330623306 0.05322841934737329 0.04355503237198352 0.03314624121624608 0.01240383337517166 0.007100951865690568 0.00161604657292314 0.0009307267812753284 0.0001907384558529883
 0.03992015968063872 0.07059545733578883 0.06415506415506415 0.04322084073416223 0.03285032850328504 0.01243326263438894 0.00714688101704321 0.001799290132692912 0.0009234831060916834 0.0001910699859503851
 0.08409250175192713 0.06993006993006994 0.05874673629242819 0.04155574313356276 0.03088472868953721 0.0134149408904167 0.007860476541390321 0.001860203787223057 0.000953723951414577 0.0001967493822268135
 0.07703081232492996 0.06089309878213802 0.06083354905513849 0.04072616828881066 0.0327616111004047 0.01338986833296139 0.007920151937608599 0.001865891877277625 0.0009552047939584271 0.0001949240581836379
 0.08086253369272238 0.06440071556350627 0.05747126436781609 0.03972758229284903 0.0278148642634624 0.01220892144601275 0.006965089611823664 0.001851952313163266 0.000956233483239835 0.0001965474748513535
 0.07763401109057301 0.07163323782234957 0.06522011789790544 0.04606248959431711 0.03560066656567187 0.01393728222996516 0.007977696041383249 0.001824933197840048 0.0009301833734128135 0.0001927994762214642
 0.07648183556405354 0.0639269406392694 0.0558659217877095 0.0424938583095412 0.03231356750178354 0.01287802669006411 0.007506392807060959 0.001802273520618009 0.0009242611748040567 0.0001965808826084496
 0.08373904576436222 0.07500407630849504 0.0683093437423762 0.0464559724079679 0.03676761287261801 0.01418665585778601 0.007144718372012878 0.001799204940806158 0.0009235037537997318 0.0001926586335299113
 0.0631768953068592 0.04297114794352364 0.0473260766682442 0.02712204922149674 0.03180590998187802 0.01268831945396474 0.00730190437023173 0.001671042749883315 0.0008941310018543499 0.0001906345608941396
 0.07973733583489681 0.06737918215613384 0.06117513159766681 0.04600471000602442 0.0356234096692112 0.01299726129137075 0.007519813441032834 0.00171205866397867 0.0008725438869967431 0.0001909287370422036
 0.08049369466058492 0.06952491309385864 0.06063055780113177 0.03993948562783661 0.03021148036253777 0.01213343858725843 0.007045230379033394 0.001653511431085635 0.0008472282004288727 0.0001965134153158189
 0.06185567010309279 0.06052631578947369 0.05955463490419472 0.04019862851738 0.03249057026552639 0.01307765568806948 0.007607644028412896 0.001761041924282854 0.0008997132652941476 0.0001869565208743917
 0.07370054305663304 0.06047777441790143 0.05083884087442807 0.02571556350626118 0.03330459995298175 0.01277158174554851 0.007293141902492389 0.001723200404377695 0.0009426920953810031 0.0001928171056204397
 0.06309148264984227 0.06695464362850972 0.06534793359237018 0.04682744088035588 0.03556249457888802 0.0139071878202313 0.007990377902820183 0.001825543387401444 0.000930359187199041 0.0001891405077048875
 0.07819287576020852 0.06263048016701461 0.05150214592274678 0.03814098036445826 0.03096971403290029 0.01238064066257773 0.00719876876230824 0.001764089957206592 0.0009047563919093375 0.0001849089263889494
 0.0721370604147881 0.06808815624440064 0.06392499467291711 0.04493563274228807 0.03357825709093782 0.013523516683749 0.007862220787711762 0.001818770090230141 0.000928597680656235 0.0001927706629283732
 0.06896551724137931 0.06423982869379015 0.0550080220032088 0.0414413148837536 0.0301759410801964 0.01032598335133761 0.006845884120888295 0.001840483954326253 0.000953189719415608 0.0001964200365103183
 0.07975034674063801 0.06698044895003621 0.06024096385542169 0.04128639721860061 0.03200864649151978 0.01347542110690959 0.007947642875100358 0.001867363815824574 0.0009556127623059521 0.0001949425923903562
 0.0827300930713547 0.07330482590103848 0.06675010429703797 0.04648460197559558 0.03544106841855037 0.01282130499258527 0.007197426269738725 0.001808514486201034 0.0009259611232785651 0.0001927567957700018
 0.07135575942915393 0.06183745583038869 0.0635997456010176 0.0439798584995857 0.03316676248175827 0.01242913875162943 0.00747642051989878 0.001786960133679826 0.0009155083213862745 0.0001869399012082284
 0.0813927198733891 0.07238217789930834 0.06558764413413731 0.04402302742973248 0.0338365434669443 0.01272339056421656 0.007755632932356339 0.001851456510609035 0.0009514258281045364 0.0001947984829571205
 0.07882882882882884 0.06541077969649399 0.05604124635731898 0.04393394029218717 0.0342592974780204 0.01293487957181088 0.007564736688972942 0.001746295837866986 0.0008906070318807957 0.0001929138564056648
 0.03992015968063872 0.07070839334817336 0.06520164211543106 0.04293546469383711 0.03174758229950181 0.01262607507315696 0.007209193842500318 0.001700452817210875 0.0008690481189014061 0.0001966214086553538
 0.07820469228153688 0.06578947368421052 0.05741469816272966 0.04061590688651794 0.03073770491803278 0.01148155684097317 0.006616969595443505 0.001791209122722336 0.000921357751576734 0.0001887945092992226
 0.07626310772163965 0.06947201270345375 0.06273783811580788 0.04281302638966872 0.03102326745058794 0.01298890834792761 0.00775979476134672 0.001856869469655342 0.0009528541384497064 0.0001967522757679897
 0.06314127861089187 0.06230529595015576 0.05458309806135894 0.0429137921668749 0.03326736008759001 0.01344688480502017 0.007879832553558237 0.001834473190894134 0.0009374734504589226 0.0001910199150200153
 0.08634222919937205 0.0726480203414457 0.06368646662584201 0.04075885578775752 0.03249668619318425 0.01293527950493157 0.007506516646319333 0.001784067141658727 0.0009147483712126742 0.0001869073396921596
 0.078125 0.06512112529304506 0.05549845837615622 0.03614457831325301 0.03176425564485266 0.01268139437695445 0.007689136914198744 0.001838399038725781 0.0009500883679129952 0.0001947107422909944
 0.0463678516228748 0.03943661971830986 0.05716327259735619 0.04235907461713913 0.03293730149394189 0.01278143742011602 0.007472245943637917 0.00173907393357502 0.000915258726115642 0.0001869264812183629
 0.07038123167155426 0.06252894858730894 0.05882352941176471 0.03991893385739729 0.03013945119208277 0.01063746578021118 0.007627349496050122 0.001849168251668025 0.0009508359594516976 0.0001947420829891399
 0.0814663951120163 0.06550933508024893 0.05883176915534389 0.04169358153737741 0.03212881765951013 0.01306080680777724 0.007769074278757589 0.001842925730093077 0.0009444608345723296 0.0001651349241861584
 0.06719609040928529 0.04981884057971014 0.04366812227074236 0.03822534152149392 0.0286425318119923 0.01230490253221942 0.007434013349922921 0.001794908129044448 0.0009452999301635561 0.0001945429124940024
 0.07640317367029091 0.06709100292447961 0.06001500375093773 0.04348374086211243 0.03244646333549643 0.01308677098150782 0.007621147874591579 0.001818367787614643 0.0009332620424828659 0.0001963990725996115
 0.07817385866166354 0.06716712761754247 0.05936592143488695 0.04118768058031597 0.03100416473854697 0.01186756399471217 0.007552081241112245 0.001800971766449981 0.0009239483522596859 0.0001888735205487432
 0.08526187576126676 0.0631768953068592 0.06065200909780136 0.04061288536090087 0.03041859620448561 0.01203852327447833 0.006978888861194886 0.001782216888211394 0.0009142759323669242 0.0001868876075821496
 0.07939133311280185 0.06581571599521341 0.06102414433536747 0.04183544724085264 0.03086873438189034 0.01112584396384863 0.006282271944922547 0.001410121193155697 0.000716817722090751 0.0001964912224989198
 0.0678886625933469 0.0509987250318742 0.04505572682001423 0.04251559825520402 0.03281762775433662 0.0126840252540368 0.007370356261490303 0.001704194040682367 0.0008700370010117846 0.0001907179557578049
 0.06587615283267456 0.06541648495420846 0.06034554021658262 0.04330495546479012 0.0342705818210141 0.01376394131168942 0.008012357202448313 0.001882512222067987 0.0009643596067750646 0.0001968897779202632
 0.05376344086021505 0.03401360544217687 0.05975842339478703 0.04071036639329754 0.03091526604545851 0.01266545115450459 0.007431968900068603 0.001736836781240636 0.0008881324039499445 0.0001887284233746708
 0.07407407407407407 0.05993407252022775 0.05706134094151213 0.03953853653252451 0.03055796582034934 0.01209324307418579 0.007555307209809308 0.001816252050378291 0.000932725248289518 0.0001908227002684239
 0.08036739380022963 0.07053291536050156 0.06402048655569782 0.04485942308695426 0.03505625305723137 0.01345432685426388 0.007803355442840421 0.001800904283853169 0.0009425034056437493 0.0001928129662545505
 0.08213552361396304 0.07021276595744681 0.06171685057041331 0.04222648752399232 0.03263126668644319 0.01307759372275501 0.00774174818351169 0.001809637558170323 0.0009606791127982835 0.0001967351112755649
 0.07060010085728693 0.05567584287039901 0.04646612863780876 0.04369882967502135 0.03441234306458932 0.01368281523923547 0.00794991553214747 0.001838164898709455 0.0009384687123329453 0.0001967875916478575
 0.08487486398258977 0.07097069597069597 0.06525449252083124 0.04471847686157598 0.03254211332312405 0.01219258746103221 0.007179445811317711 0.001652613123267843 0.0008470434289875787 0.0001965054580879662
 0.07189072609633358 0.06537421100090171 0.05937120496559169 0.0416109377322039 0.03271045606647367 0.01346763558822704 0.007861826375211742 0.001874495874215647 0.0009622637107999036 0.0001947088080105588
 0.0392156862745098 0.0693148493735004 0.06353240152477764 0.04382015727234528 0.03314415437003405 0.01253021994221357 0.007551899222315059 0.001787177571301731 0.0009155983873779892 0.0001869794660741672
 0.05747126436781609 0.06538139145012574 0.05810810810810811 0.03989710745970917 0.0310296191819464 0.01254464228568503 0.007613601932922613 0.001848310304895759 0.0009506275111601729 0.0001964155160321685
 0.08472260180377153 0.07037170696499458 0.06290322580645161 0.0407445133808686 0.03235664209958655 0.01305255830142708 0.007742506359915939 0.00185580754139587 0.0009526068377729996 0.0001948558841903877
 0.07785888077858881 0.06868918145392101 0.06175081729022884 0.03963584566792593 0.02974392340939722 0.01205116664004762 0.006945535426364922 0.001837511484446778 0.0009477747120167194 0.0001907163265492622
 0.07775377969762419 0.06404391582799634 0.05767617449664429 0.03890232362527599 0.03056564421590133 0.01303989142294489 0.007793116610471404 0.001862264627803611 0.000954320197797468 0.0001948893257326496
 0.07836198179979777 0.06717226435536294 0.05872324303845426 0.04135451003895715 0.03120263885174289 0.01304595228512345 0.007663959821282979 0.001805592776108396 0.0009251910032479074 0.0001889254299395896
 0.06671608598962193 0.04643962848297213 0.05739238927011853 0.04074570216566198 0.0313439244310863 0.01215378590430919 0.007220158683043056 0.001827939968190076 0.0009405385698383825 0.0001927299864810843
 0.03992015968063872 0.0757872729648504 0.06971991825940618 0.04369235037103821 0.03166869671132765 0.011585516559565 0.006850116117821997 0.001782041195484232 0.0009300973695683767 0.0001907117800679967
 0.07424907188660142 0.06356701779876497 0.06005424254165052 0.04238370014808763 0.03298373049697958 0.01306441195467089 0.007496315013687092 0.001850530044677082 0.0009581167489453458 0.0001966275007194779
