# Created by Octave 3.0.1, Thu Sep 10 02:12:35 2009 PDT <jwawerla@marvin2>
# name: prtA
# type: matrix
# rows: 100
# columns: 10
 445.8 710.1 733.4 1114.8 1499.9 1735.9 1801.1 1958.1 2026.9 2919.4
 353.7 637.9 878 1643.9 1694.4 2060.3 1986.4 2654.7 2723.1 2883.2
 73.90000000000001 140.5 414 679.6 1021.6 1564.7 1629 1775.3 1843.8 2003.1
 66.59999999999999 171.1 175.6 461.4 800.3 1809.4 2048.1 2194.5 2263 2879.5
 135.4 164.2 265 901.7 949.9 1571.6 1636.9 1783.8 1852.4 2011.9
 179.5 230.5 259.1 767.3 943.7 1691.7 1756.7 1905.2 1973.9 2780.7
 53.8 70.5 386.5 449.5 1020.8 1151.9 1216.7 2213.2 2281.9 2442.2
 167.5 253.3 358.3 445 823.6 945.2 1005.9 1666.4 1734.7 1906.2
 74.59999999999999 109.2 118.8 339.8 1002.7 1127.2 1189 1338.7 1616.2 2546.3
 54.1 195.6 251.9 700.3 743.5 868.8 930.8 1080.7 2736.6 2811
 75.8 232.5 244.9 453.8 772.5 1063.5 2188.9 2339 2847.8 2956.5
 147.5 289.9 303 471.1 884 1248.4 1309.9 2441.1 2859.8 3030.2
 78.09999999999999 148.2 159 653.7 777.3 1365.8 1798.8 1949.1 2017.3 2187.2
 163.6 258.2 432.8 521.1 718.7 1082.8 1947.2 2097.5 2169.3 2339.2
 131.6 256.8 270 839.1 1168.6 1513.5 1572.9 2037.7 2577.1 2746.5
 75 186.6 220.7 669.4 710 1422.3 1481.7 2127.3 2198.6 2367.1
 152.8 293.9 329.4 746.4 787.5 1566.7 1626.3 2045.5 2116.9 2973.4
 64.7 205.4 461.2 518.7 558.5 892.2 1687.2 2060.1 2130.7 2246.3
 78.7 126.9 137.4 565.5 710.9 1588.1 1646.1 1798.2 1868.7 2042.7
 172.5 195.9 264.2 611.5 940.5 1507.1 1565 1971.8 1965 2644.1
 88.09999999999999 150.5 162.1 581.3 918 1745.5 1802.2 1927 1994.2 2637.6
 75.40000000000001 166.5 178.1 451.7 489.2 1501.2 1558.3 1712.2 1782 2972.6
 76.59999999999999 152.8 221.1 475.7 578.4 1487.9 1545 1936.5 2006.2 2138.5
 79.5 127.2 137.3 800.4 837.8 1510.1 1567.2 1720.6 1790.2 2555.2
 82 113.9 122.5 621.1 754.1 1162.2 1219.3 2165.2 2234.7 2406.9
 105.9 183.7 194.8 766.9 803.6 1233.6 1290.8 1823.4 1892.9 2186
 67.3 79.2 86 546 899.4 1314.3 1371.6 1933.8 2003.2 2140.6
 40.2 190.4 201.7 494.4 831.3 1117.5 1618.7 2027.4 2883.2 3050.9
 79.40000000000001 144.5 229.8 715.7 796.2 1040.8 1276.6 1430.1 2466.4 3005.4
 126.8 193 204.1 530 565.2 1375.2 1622 2118.5 2186.8 2352.5
 65.3 76 138.2 613.7 649.1 1603.7 1777.1 2139.2 2207.3 2294.4
 108.5 123.5 132.8 693.8 794.3 1269.5 1693.5 2018.5 2093 2260.6
 176.3 211.9 223.7 269.4 712.1 1411.1 1883.4 2275 2615.1 2773.8
 112.3 127.5 137.8 639.3 807.1 1240.9 1297.5 1987.6 2055.4 2626.8
 75.5 87.09999999999999 166.5 305.6 702.9 1094.9 1151.6 2003.7 1816.1 1983.1
 64.40000000000001 74.8 154.6 641.5 717.5 1099 1579.4 1730.7 2332.7 3013.9
 50.2 58.5 64.59999999999999 328.2 600.9 1540.3 1597.2 1921.1 1993 2159.3
 115.3 130.8 141.5 266.7 336.5 1213.2 1270.1 1425 1492.7 1652.1
 59.8 133.2 144 468.5 503.2 1300.9 1682.2 1834.4 1902 2073.7
 64.5 74.7 100.9 134 778.9 952 1453.8 1605.7 1683.1 2828.8
 177.6 196.4 208.3 428.3 553.3 1243.8 1396.6 2084.4 2152.9 2980.9
 152.6 279 292 438.1 471.5 1066 1122.3 1936.5 2005 2623.3
 76.59999999999999 164.4 175.5 216.6 820.1 1112 1411.6 2420.9 2490.4 2660.4
 149.2 165.7 194.7 340.2 927 1301.7 1358.1 1705.9 1775.2 2349.9
 100.7 131.4 141.4 286.9 643.8 1433.6 1700.4 2154.8 2224.2 2393.5
 64.3 74 80.8 631.5 870.6 1339.8 1507.2 1798.5 2180.1 2795.4
 52.1 59.9 118.3 589.4 786.5 1185.5 1460.1 1612.2 1681.3 3159.6
 50.9 58.8 119.1 468.7 591.2 1267.3 1323.5 2409.3 2478.4 2648.9
 63 72.5 176.9 337.9 370.4 1403.1 1459.3 1611 1680 2953.9
 80.8 152.2 162.8 201.9 861.2 1386.5 1556.4 1708.1 1777.2 2524.7
 117.6 132.5 197.5 759.4 832 988.1 1044.3 1992.5 2061.5 2226.3
 75.2 86.2 130.3 502.1 535.1 798.5 1471 1622 2571.6 2742.9
 86.7 158.1 221 425.8 733.9 1425.3 1481.3 2135.8 2204.7 2378.2
 76.5 130.9 194.5 262.3 669.7 1178 1234 1996.7 2065.6 2238.9
 218.2 237.4 249.1 600.1 784.7 1294.1 1558.8 1707.8 1776.6 2753.6
 143.7 190.3 220.8 265.2 583.1 689.5 1347.3 2125.3 2194.1 3021
 118.3 133.1 142.5 274.5 305.6 1160.5 1216.9 1365.9 2050.6 2223.2
 205.5 396.2 408.7 570.5 912.2 1221.5 1278.3 1657 1725.4 1898
 84.8 241.6 304.4 352.8 494 1402.4 1572.9 1904.9 1973.4 2622.3
 75.5 217.9 293.6 383.9 643.4 1429.3 1852.1 2001.6 2070.2 2240.8
 100.5 145.6 155.4 417.3 756.1 914.9 972 1845.3 1913.8 2084.7
 92.59999999999999 165.7 335.8 429.3 907.2 1154.7 1211.8 1908.5 1977 2147.8
 54.7 126.6 154.6 374.7 923.9 1123.1 1553 1836.4 1905 2075.9
 40.2 97 104.8 166.6 548.3 1443.9 1501.2 1651.1 1718.7 3268
 40.1 80.7 143.1 1014.2 1047.3 1206.9 1264 1414 1787.2 2588.2
 85.90000000000001 157.4 204.9 714.4 884.4 1341.4 1398.5 1548.7 1616.1 1782.5
 110.6 143.7 153.7 245.5 832.6 1215.4 1272.6 2069.4 2403.5 2570
 73.3 161.1 171.3 245.4 588.7 937.7 1432.6 1582.8 1966.6 2752.1
 102.8 205.1 216.3 263.5 294.3 1689.9 1747 1897.2 1964.6 2130.9
 99.5 115 123.6 624.4 827.6 1124.3 1181.5 1893.9 1961.3 2127.7
 78.40000000000001 92 231.7 729.4 762.7 1017.8 1499 1649.4 2196.7 2744.2
 65.90000000000001 77.5 124 833.3 928.9 1304.4 1361.9 2085.3 2442 2606.9
 166.3 205 216.4 291 709.5 1562.3 1619.8 1770.1 1837.5 2002.5
 137.6 307.7 459.6 708.4 742.2 1130.8 1381.4 1690.3 1757.6 2571
 67.09999999999999 112.4 177.9 675.4 746.6 857.8 915.4 2822.1 2889.4 3053.5
 160.5 244.2 315.3 581.5 782.2 1409.8 1623 2284.4 2351.3 2510.1
 65 141.7 152 511.4 582.4 1233.5 1291.4 2117.9 2186.2 2721
 76.8 138.6 149.1 432.8 930.2 1042.4 1623.5 1777.2 1845.5 2008.8
 52.5 61.9 67.8 725.4 759.5 872.1 1554.2 1706.4 1774.7 3283.8
 127.2 143.7 154.7 545.8 823.9 1522.5 1580.3 1880.3 1948.6 2112.6
 171.3 190.5 395.6 493.1 527.7 1185.6 1243.5 2306.6 2374.9 2071.1
 88.2 203.8 216.5 264.6 827.4 1159.9 1218.2 2012.6 2081 2244.4
 67.59999999999999 78.8 214.3 536.9 880 1437.7 1496 2308.3 2377 2749.3
 136.3 187.8 200 673.2 708.2 1030.8 1619.6 1768.6 1837 2000.3
 64.3 127.1 137.5 801.8 836.9 1415.6 1779.3 1928.3 1996.7 2160
 74.40000000000001 104 113.4 628.4 878.2 1318.3 1376.4 2063.2 2131.7 2295.1
 54 63.4 70.3 450.9 705.8 1265 1323.2 1836.2 1904.7 2068.3
 40.1 65.40000000000001 72.5 684.4 866 1222.9 1976.9 2336.5 2404.6 2568.1
 65.09999999999999 76.59999999999999 203.5 278.3 856.2 1098.5 1781.3 2129.5 2197.6 2361.2
 93.3 201.4 253.9 839 919.6 1663.1 1857 2006.1 2074.2 2237.8
 75.3 136.7 190.1 559.2 1012.2 1454.8 1513.2 1662.4 2067.1 3800.7
 79.09999999999999 92.5 187.9 568.5 639.6 1207.9 1266.4 1748.5 1816.6 3426.5
 95.2 233.7 248.4 652.5 835.8 1109.6 1168.3 1317.4 1385.6 2767.7
 40.1 70.2 77.90000000000001 687.8 843.6 1412.9 1471.5 1620.7 1688.8 3014.6
 40.1 44 49.1 329.5 1031.9 1626.5 1685.3 2151.1 2219.3 2349.6
 84.5 178 336.8 820.3 854.8 1390.1 1448.9 2368.5 2436.6 2599.1
 137.5 284.4 300.4 380.5 414.5 1711.1 1769.9 1918.7 2515.4 2677.8
 90 141.6 154.5 246.9 856 1376.1 1435 2458.9 2526.9 3111.1
 54.1 132.2 186.5 636.2 671.3 1516.1 1575 2374.4 2442.5 1912.5
 125.9 144.6 157.5 500.8 580.9 1045.6 1104.6 2009.5 2076.6 2235.6
# name: prtB
# type: matrix
# rows: 100
# columns: 10
 239.8 280.7 300.6 1072.1 1238.9 1678 2096 2414.9 3126.4 4013.7
 424.6 671.1 703.8 1021.8 1612.9 2028.1 2088.7 2241.4 2903.1 3062.7
 172.3 548.2 609.3 1139.5 1227.2 2005.9 2069 2771.8 2840.1 3000.1
 355.7 515.2 547.6 1718.2 1812.7 2646.2 2710.6 2867.1 2935.8 3096.1
 567.5 627.7 1166.7 1342.1 1447.7 1733.1 1478.3 2529.3 2596.1 3224.8
 110.5 332.8 1023.1 1259.4 1393.4 1843.1 1908.4 3146.2 3214.7 3373.9
 252.6 396.2 405 1330.5 1375.5 1505.5 2786.8 2935.7 3004.1 3163.7
 42.6 75.8 78.5 1352.7 1398.9 1844 1908.6 3172.4 3240.9 3400.5
 310.3 689.4 699.6 1136.6 1564.3 2421.8 2639.3 2787.5 2855.9 3948.6
 429.1 835.6 868.4 1278.7 1320.8 2347.3 2410.1 2963.8 3032.1 3662.5
 213.4 835.1 998.8 1193.5 1787.4 2069.5 2132.7 2282 2350.4 3149.8
 264.9 352.2 363.6 1540.2 1583.4 1785.8 2695 3076.4 3143.5 3313.9
 246.2 295.8 419 1074.3 1119.1 1592 3247.3 3275.9 3342 3500.1
 257.9 631.6 644.7 1522.7 1671.5 2153.5 2367.6 2843.6 2912.1 3732.7
 439.4 476.9 877.9 1048.1 1503.4 1920.2 2310.6 3031.2 3099.7 3125.5
 151 704.7 1048.9 1160.2 1205.6 2211.3 2702.6 2728.9 2795.5 2954
 234.9 372.8 1061.7 1121.8 1588.1 2256.5 2319.3 2468.9 2537.3 3462.6
 283.2 426.5 514.3 1158.6 1262.8 1910.3 2921.2 3070.6 3138.9 3311.1
 516.1 602.8 688.3 1467.7 1594.3 2000.8 2062.3 2211.8 2938.2 3109.7
 137.4 191.9 328.1 1317 1406.1 2038.3 2099.6 2249.2 2317.5 4056.6
 294.4 473 488 1334.9 1538.4 2417.7 2479.1 2628.9 2697.2 2868.2
 285 504.9 933.8 1460.1 1705.1 1830.5 2648.6 3282.6 3351 3386.4
 40.1 720.9 735.1 1028.3 1644.3 1768.7 2230.5 2380.7 2449.1 3361.3
 40.1 714.8 730.5 941.5 1055.5 1486.2 2612.1 2762.7 3233.1 3401.3
 258.8 288.4 675.5 1352.7 1661.6 2215.2 2727 2877.6 2948.6 3116.5
 40.4 632.6 648.3 1214.9 1255.6 1885.2 2700.6 2851.1 2922 3389
 104.3 323.1 435.8 1550.7 1783.7 1903.7 1961.7 2867.6 2938.1 3636.1
 216.3 386.4 699.8 786.8 897.9 1755.1 2448.5 3500.8 3570.9 3742.5
 185.2 667.8 680.9 1367.2 1617.6 2348.8 2406 2559.8 2629.3 2801.2
 220.4 243.3 376.3 1466.4 1502.6 2049.1 2106.4 2742.3 2811.7 4011
 363.8 388.8 421.3 1190.5 1226.9 1339.6 1397.1 2497.5 3055 3222.6
 480.8 533.2 600.7 1194.4 1231.2 1869 1926.1 2079.4 2147.8 3322.2
 123 139.3 650.6 1151.9 1313 1425.2 2443.9 3049.2 3117.6 3283.8
 219.1 381.3 394.1 896.8 1719.5 2313.9 2552.8 2705.1 2773.4 2939.4
 101.8 425.8 505.2 1480.7 1516 2100 2156.5 2521.7 2590 2755.4
 163.7 414.9 666.7 1074 1109.2 2210.2 2266.6 2419.4 2487.4 2654.2
 483.2 536.3 550.8 1204.3 1382.4 1549.9 1606.3 2068.2 3163.3 3994.8
 155.7 245.7 611.2 1313.5 1418.5 1673.5 1918.8 3006.1 2999.8 2293.3
 221.9 375.9 755.9 1268.2 1468.4 1737 1793.9 1945.2 2013.1 3024.8
 53.5 126.2 736.4 1335 1544.7 1774.2 2168.2 2320.2 3044.8 3209
 40.4 716.7 730.5 900.1 1557.4 1883 2285.3 2718 2786.6 3471.6
 362.3 384.3 397.9 1158.4 1192.4 2017.9 2074.4 2627.5 2696.1 3798.6
 124 581.9 632.2 1029.2 1209.7 1534.6 2185.4 3009.9 3878.8 4479
 103.2 117.4 952.3 1079.5 1113.1 1692.9 1749.4 2336.4 2405.8 3298.6
 278.2 342.1 478.6 578.4 1463.1 1570.2 2290.1 2909 2978.3 3147.3
 243.8 708 722.1 1172.2 1313.6 1881.5 1937.8 2990.6 3059.9 3229
 40.1 48.3 52.9 1040.1 1147.7 1979.5 2195.4 2347.5 2416.7 3797.1
 209 423.1 436.6 1337.5 1432.6 1857.3 2037.8 2189.6 3147.4 3317.6
 184.8 402.5 841.8 1063.9 1256.3 1588.3 1644.6 2595.1 2664.1 2835.5
 198.4 453.7 870.6 918.6 992.1 1841.1 2615.8 2766.9 2835.8 2729
 158.8 379.6 660.7 1087.1 1212.2 1375.8 1431.7 2979.8 3048.7 3142
 203.8 383.4 605.2 1329.4 1362.8 1468.9 1839.5 1988.3 2710.1 2883.2
 216 268.7 346.8 892 1913.1 2019.4 2075.7 2889.2 2957.9 3130.9
 140.4 555 647 1263.7 1553 2026.5 2082.8 2231.8 2634.7 2807.5
 40.6 63.7 595 935.1 1335.4 1761.4 1818.2 2189.7 3420.4 3593.1
 329.8 399.7 412.2 1494.5 1527.7 2168.9 2436.1 2585.3 2653.8 2824.3
 241.8 327.3 339.9 915.5 948.8 1986.6 2043.8 2193.5 3820.2 3989.2
 254.5 335.9 546.1 1054.1 1839.7 1948.2 2005.4 2155.3 2707.5 3592
 247.5 268.9 595.9 1391.3 1840.2 1948.9 2273.2 2423.2 2796.1 2963.8
 212.4 534.8 547.8 1153.4 1256.1 1456.6 2631.2 2992.2 3856.1 4023.4
 153.9 172.5 266.3 1093.1 1126.2 2714.3 2771.4 2921.6 3662 3828.4
 202.6 396.9 884.6 1020.3 1398.2 2086.7 2381.2 2733.8 3462.6 3629
 40.9 698.7 711.6 1157.5 1191.2 1768.6 1826 2580.2 2647.5 2812.3
 119 1028 1041.5 1253.7 1589.2 1851.2 1908.8 2059.3 2126.7 2291.6
 235.4 340.6 391.8 833.9 1772.8 1945.8 2620.8 2771.4 3151.9 3316
 380 420 433.4 1258.4 1353.1 2332.5 2390.1 2387.8 2459.2 2551.7
 93 367 863.7 1152.4 1562.6 1764.9 1822.6 2950.5 3017.9 3182
 386.2 411.4 424.6 1160.4 1231.8 2191.5 2249.2 2602.1 2669.5 2833.6
 257.7 338.3 351.4 1396.3 1430 1980 2037.7 2188.8 2278.8 3067
 89.09999999999999 668.8 682.4 1660.7 1807.7 2058 2115.9 2267 2254.8 2790.7
 42.5 390.2 573.9 1152.8 1223.3 2231.1 2289 3004.1 3072.4 3234.1
 355.3 379.5 392.9 1340.3 1412.9 1923.2 1981.1 2581.6 2648.4 3077.4
 262.6 350 491.5 1321 1570.9 1682.6 2796.8 2791.7 2861.6 3038.5
 294 642.3 656.5 1006.7 1040.7 1561.1 1618.9 1712.9 1780.4 1939.6
 188.7 272.3 307.2 1485.2 1636.8 2008.1 2066.1 2218.5 2286.8 3075.4
 308.2 332.2 885.1 937.2 1041.5 1941.5 1999.6 3814.3 3882.6 4045.7
 264.9 695 709.4 1625.9 1660.3 1773 1938.1 2089.6 2157.8 3140.5
 280.4 558.7 743.5 1386 1460.9 2293 2351.1 2502.6 2570.9 2733.9
 233.9 288.1 301.8 963.9 998.3 1110.9 1169.1 2856.5 2924.8 3087.8
 76.8 544.5 636.7 1293.7 1471.3 2800.9 2859.1 3010 3078.3 2533.9
 279.1 773.2 908.6 1057.8 1358.5 1738.9 1797.1 1948.1 2016.5 3326.3
 219.2 610.6 692.3 1259.6 1294.2 1839.6 1897.9 3152 3220.4 3291
 248.3 623.6 638.1 919.2 953.8 1114.5 2235.6 2533.1 2601.5 3611.5
 330.9 533 567.4 1086.5 1157.7 2031.7 2335 2798.2 2866.5 4078.8
 548.7 715.3 884.1 1514.2 1549.1 2035.1 2093.8 2908.6 2976.9 3139.2
 296.1 552 753.4 1036 1071 1232.7 1291.9 2326 2392.9 2551.7
 235.6 257.3 615.3 1204.4 1648.2 2432.6 2490.9 2553.4 2620.2 2778.8
 100 276.5 345.3 461.5 1656 2041.3 2099.5 2982.7 3051.3 3214.9
 279.4 303.4 372.8 1092.6 1796 2189.2 2393.7 2717.5 3115.5 3279.1
 85.5 580.5 723.5 1064.3 1187.1 2025.1 2520.9 2933.2 3001.3 3164.9
 373.7 506.9 724.1 859.8 1704.1 1820 2139.7 2706.5 2774.6 4262.1
 325.9 396.4 687.7 1145.6 1257.6 2091.2 2149.6 2795.1 2863.2 3506.2
 134.6 832.5 1011.4 1152.8 1621.7 2033.3 2091.7 2696.6 2764.7 2928.1
 223.5 318.4 726.4 1004.8 1388 1712.1 1770.6 2880.6 2948.7 3112
 117.5 422.8 438.8 1352.1 1514 1934.6 2201.7 2350.8 2418.9 2582.2
 415.9 589.6 606.4 1421.7 1456.3 1994.1 2052.9 2202.2 2923.6 3086.1
 402.2 650 727.9 1116.7 1151.5 1890.5 2096.7 3336.4 3404.5 3081.3
 83.90000000000001 98.40000000000001 917.8 1267.5 1302.7 2196.1 2255.1 2403.7 2471.8 2533.9
 450.7 824.1 897.8 979.6 1092.5 2224.8 2403.2 2867 2934.3 3093.2
 370.7 431.9 776 1300.8 1745.4 1863.8 1922.9 2072 3305.5 3468.1
# name: collectedA
# type: matrix
# rows: 100
# columns: 10
 20 32 32 39 46 47 47 47 47 49
 14 24 30 47 47 49 46 48 48 48
 5 8 25 32 41 47 47 47 47 47
 4 9 9 19 27 47 48 48 48 49
 10 10 15 39 39 46 46 46 46 46
 14 15 16 36 39 46 46 46 46 48
 3 3 19 19 34 34 34 45 45 45
 13 17 22 23 35 35 35 39 39 39
 5 6 6 15 37 37 37 37 43 49
 3 11 13 31 31 31 31 31 49 47
 5 14 14 19 27 29 45 45 47 47
 10 17 17 21 33 39 39 48 49 49
 5 8 8 28 30 43 49 49 49 49
 12 16 24 25 29 34 44 44 44 44
 9 15 15 33 40 44 44 46 48 48
 5 11 12 31 31 42 42 45 45 45
 11 18 19 31 31 43 43 45 45 49
 4 12 27 27 27 31 48 49 49 49
 5 7 7 24 27 48 48 48 48 48
 13 13 16 30 37 48 48 44 44 48
 6 9 9 24 33 46 46 46 46 49
 5 10 10 21 21 47 47 47 47 48
 6 10 13 21 23 45 45 47 47 47
 5 7 7 34 34 46 46 46 46 48
 7 8 8 30 33 41 41 47 47 47
 7 11 11 33 33 42 42 45 45 48
 4 4 4 24 36 43 43 48 48 48
 2 12 12 21 32 35 41 42 49 49
 5 8 12 36 37 40 42 42 47 48
 9 12 12 25 25 43 45 47 47 47
 4 4 7 30 30 46 47 48 48 49
 8 8 8 32 34 42 47 46 46 46
 13 14 14 14 29 42 46 47 48 48
 8 8 8 33 37 43 43 48 48 49
 5 5 9 13 26 34 34 43 47 47
 4 4 8 32 33 39 43 43 45 47
 3 3 3 14 25 42 42 49 49 49
 9 9 9 13 14 43 43 43 43 43
 4 8 8 22 22 44 48 48 48 48
 4 4 5 5 35 36 42 42 42 49
 14 14 14 22 25 39 40 44 44 47
 11 18 18 22 22 39 39 46 46 47
 5 10 10 10 32 36 39 48 48 48
 11 11 12 17 38 42 42 43 43 44
 8 9 9 13 25 41 45 47 47 47
 5 5 5 29 37 45 46 47 48 49
 3 3 6 25 31 39 42 42 42 48
 3 3 6 20 23 40 40 48 48 48
 4 4 10 15 15 46 46 46 46 49
 5 9 9 9 36 46 47 47 47 48
 9 9 12 35 36 37 37 47 47 47
 5 5 7 21 21 25 43 43 47 47
 6 10 13 20 30 45 45 49 49 49
 5 8 11 12 29 40 40 46 46 46
 16 16 16 30 35 45 47 47 47 49
 11 13 14 14 26 26 34 41 41 46
 9 9 9 14 14 41 41 41 48 48
 15 26 26 31 42 45 45 46 46 46
 7 17 20 20 24 46 47 48 48 49
 5 14 18 20 29 45 49 49 49 49
 7 9 9 20 32 33 33 41 41 41
 6 10 19 21 38 40 40 46 46 46
 3 7 8 15 35 37 44 45 45 45
 2 5 5 6 18 39 39 39 39 48
 2 4 7 44 44 45 45 45 46 49
 6 10 12 34 38 45 45 45 45 45
 8 9 9 11 33 40 40 48 49 49
 5 10 10 11 25 32 39 39 40 43
 7 13 13 13 13 48 48 48 48 48
 7 7 7 29 35 38 38 46 46 46
 5 5 13 36 36 38 45 45 48 49
 4 4 6 35 37 43 43 48 49 49
 13 14 14 15 29 48 48 48 48 48
 10 19 27 37 37 42 44 45 45 48
 4 6 9 30 31 31 31 49 49 49
 12 16 19 28 32 43 45 49 49 49
 4 8 8 25 26 38 38 48 48 49
 5 8 8 20 38 38 48 48 48 48
 3 3 3 34 34 34 43 43 43 49
 9 9 9 28 35 46 46 47 47 47
 12 12 24 26 26 42 42 48 48 48
 6 13 13 13 34 39 39 46 46 46
 4 4 11 24 35 44 44 48 48 43
 10 12 12 31 31 36 46 46 46 46
 4 7 7 33 33 43 49 49 49 49
 5 6 6 31 38 44 44 49 49 49
 3 3 3 20 27 40 40 44 44 44
 2 3 3 28 32 38 46 47 47 47
 4 4 11 12 33 35 41 42 42 42
 6 12 14 37 38 48 49 49 49 49
 5 8 10 25 38 43 43 43 44 49
 5 5 10 26 27 38 38 41 41 48
 6 14 14 29 33 36 36 36 36 47
 2 3 3 29 33 39 39 39 39 47
 2 2 2 13 37 46 46 48 48 48
 6 11 19 38 38 43 43 48 48 48
 9 17 17 18 18 44 44 44 48 48
 6 8 8 10 30 38 38 48 48 49
 3 7 9 30 30 45 45 49 49 46
 8 8 8 22 23 30 30 47 47 47
# name: collectedB
# type: matrix
# rows: 100
# columns: 10
 17 18 18 63 69 81 87 89 94 98
 30 49 50 62 84 90 90 90 97 97
 14 40 42 66 67 84 84 94 94 94
 31 39 39 89 90 98 98 98 98 98
 47 48 79 82 83 84 83 95 95 97
 8 23 68 75 77 84 84 96 96 96
 20 28 28 74 74 74 99 99 99 99
 2 3 3 83 83 89 89 99 99 99
 25 47 47 67 79 94 95 95 95 99
 36 62 63 78 78 96 96 98 98 99
 16 60 69 75 92 95 95 95 95 98
 20 23 23 85 85 86 98 99 99 99
 22 23 29 64 64 70 98 98 98 98
 21 44 44 84 87 96 97 99 99 99
 40 40 64 69 84 88 92 97 97 97
 11 50 71 73 73 91 96 96 96 96
 17 24 68 68 85 95 95 95 95 97
 23 31 35 67 69 79 95 95 95 95
 42 46 50 84 86 92 92 92 99 99
 10 12 19 77 78 89 89 89 89 98
 26 36 36 79 84 96 96 96 96 96
 22 35 62 83 89 89 97 99 99 99
 2 54 54 65 85 85 89 89 89 96
 2 58 58 63 65 75 94 94 96 96
 20 20 44 73 81 87 96 96 96 96
 2 47 47 73 73 85 95 95 95 95
 7 20 26 81 87 87 87 92 92 96
 18 28 49 50 52 82 94 99 99 99
 15 47 47 78 85 98 98 98 98 98
 18 18 25 77 77 87 87 93 93 98
 33 33 34 74 74 74 74 95 99 99
 40 42 45 74 74 89 89 89 89 96
 9 9 44 69 73 73 90 97 97 97
 18 28 28 55 84 96 98 98 98 98
 7 29 33 85 85 97 97 98 98 98
 12 30 46 63 63 96 96 96 96 96
 45 47 47 80 85 86 86 90 99 99
 12 17 44 80 82 85 87 96 96 95
 19 29 54 77 82 86 86 86 86 95
 3 7 48 78 84 86 91 91 97 97
 2 54 54 59 82 87 93 95 95 97
 30 30 30 66 66 85 85 87 87 99
 9 43 45 67 72 77 87 93 98 99
 7 7 66 70 70 84 84 90 90 98
 25 28 35 37 75 75 89 93 93 93
 20 53 53 74 77 88 88 98 98 98
 2 2 2 64 66 88 90 90 90 97
 17 31 31 81 83 89 90 90 96 96
 14 28 60 69 75 82 82 94 94 94
 16 35 61 61 62 89 98 98 98 94
 12 27 45 64 67 68 68 98 98 98
 17 29 43 84 84 84 89 89 96 96
 16 18 22 49 93 93 93 98 98 98
 10 40 45 77 88 97 97 97 99 99
 2 3 39 54 68 76 76 77 92 92
 26 29 29 84 84 95 97 97 97 97
 19 23 23 53 53 86 86 86 99 99
 21 25 37 61 92 92 92 92 95 99
 21 21 42 81 95 95 98 98 99 99
 16 37 37 68 70 72 94 96 99 99
 11 11 16 61 61 95 95 95 98 98
 16 28 60 64 77 91 94 95 99 99
 2 52 52 73 73 85 85 94 94 94
 8 74 74 81 92 95 95 95 95 95
 19 25 27 48 87 88 97 97 98 98
 32 33 33 75 77 96 96 83 83 83
 6 25 57 69 86 88 88 99 99 99
 31 31 31 69 70 94 94 95 95 95
 21 25 25 83 83 91 91 91 96 99
 6 46 46 87 90 92 92 92 92 94
 2 29 39 68 69 90 90 98 98 98
 29 29 29 76 77 91 91 98 98 96
 21 25 34 74 82 82 98 99 99 99
 24 46 46 63 63 73 73 73 73 73
 14 18 19 87 91 96 96 96 96 99
 24 24 59 59 61 82 82 99 99 99
 21 52 52 94 94 94 95 95 95 97
 23 40 50 77 78 98 98 98 98 98
 19 21 21 54 54 54 54 95 95 95
 5 39 43 72 77 98 98 98 98 91
 22 58 65 69 78 85 85 85 85 96
 17 46 50 76 76 90 90 99 99 99
 19 45 45 58 58 59 92 93 93 97
 26 39 40 69 70 92 94 96 96 99
 46 56 66 93 93 93 93 98 98 98
 24 41 52 64 64 66 66 83 83 83
 20 20 42 71 85 97 97 97 97 97
 7 20 23 26 85 93 93 99 99 99
 24 24 27 65 90 96 97 98 99 99
 5 44 51 64 66 90 95 97 97 97
 33 40 52 55 88 88 91 94 94 99
 26 29 47 69 71 91 91 95 95 97
 10 58 67 70 85 94 94 99 99 99
 19 24 50 59 73 78 78 97 97 97
 8 29 29 79 82 93 96 96 96 96
 34 45 45 86 86 94 94 94 97 97
 32 48 51 64 64 83 84 98 98 97
 5 5 59 71 71 91 91 91 91 91
 39 62 65 66 68 88 89 95 95 95
 29 31 52 73 86 86 86 86 99 99
# name: avgRateA
# type: matrix
# rows: 100
# columns: 10
 0.04387889425186485 0.04209972372056308 0.03839692824574034 0.02415159772108001 0.01840073602944118 0.006977538265116763 0.003982679580717052 0.0009045750325743243 0.0004606628251961003 9.743111918132408e-05
 0.0384932636788562 0.03488879197557785 0.03067484662576687 0.02192266430337236 0.01744358669833729 0.006940215005028115 0.003837682707068011 0.0009115995343245713 0.0004672756176556198 9.544959942984772e-05
 0.05959475566150178 0.04199475065616798 0.04863813229571985 0.02712783994574432 0.0202809655718243 0.007159504623212029 0.004041620087711756 0.0009077687623248923 0.0004614910284180284 9.362491984611251e-05
 0.05221932114882507 0.0407055630936228 0.03265602322206095 0.01976284584980237 0.01499750041659723 0.006902223397068758 0.003984030677036213 0.0009196371265171618 0.0004693779763941993 9.743884966478053e-05
 0.06877579092159559 0.04668534080298786 0.0410958904109589 0.02782335735178711 0.02000102569362531 0.006999817396067929 0.003952942794043087 0.0008883086988594888 0.0004516339330246514 9.163129399920599e-05
 0.07387862796833773 0.053475935828877 0.04455583402951824 0.02840684920697546 0.02006482481864485 0.006874187426214565 0.003912662566876759 0.0008862310519947905 0.0004510958196165882 9.546905837873252e-05
 0.04702194357366771 0.02489626556016597 0.03905447070914697 0.02001053185887309 0.01682501979414093 0.005526747834002504 0.00303119455811424 0.0008618510261772886 0.0004399605404279741 8.956254072607754e-05
 0.07323943661971831 0.0560501153972964 0.04800349116299367 0.02433862433862434 0.01919280543978943 0.005887102200094194 0.003180112485121617 0.0007548426056392549 0.0003833500270802391 7.770376217707612e-05
 0.0591016548463357 0.03768844221105528 0.02742230347349177 0.0178613955703739 0.01847505867079443 0.006038647342995169 0.003306819197426043 0.0007207038744650722 0.0004231608739551371 9.75034539106148e-05
 0.046801872074883 0.04478827361563518 0.03694231315714692 0.02582687661417979 0.01778032692859191 0.005282170119956379 0.002836022980934607 0.0006068828344169128 0.0004769478452664386 9.347448643724978e-05
 0.05827505827505828 0.0495575221238938 0.04059147579008408 0.0199203187250996 0.0152327221438646 0.004782716252989198 0.003691883599012216 0.0008597795143201055 0.0004569859540019329 9.344744525620009e-05
 0.06349206349206349 0.05001471020888497 0.04218362282878412 0.02162496138399753 0.01751592356687898 0.006241597849049357 0.003448306351072954 0.0009153126078591029 0.0004763765824938411 9.740965850559271e-05
 0.05675368898978434 0.04036326942482341 0.03088803088803089 0.02426974083383895 0.01687953637540089 0.00675484620943165 0.004152964708275418 0.0009432309703151739 0.000480310692402171 9.757317589934589e-05
 0.06912442396313365 0.05191434133679429 0.04504504504504505 0.02448340025462736 0.01687321812998196 0.005589531136976392 0.003682871300388375 0.0008445702768846874 0.0004306577416112276 8.759021792446219e-05
 0.0635593220338983 0.04889178617992177 0.04054054054054054 0.02464341722052125 0.01844507977497003 0.00675520073693099 0.003801985673426712 0.0008839745031006367 0.0004679407002147653 9.547555278853259e-05
 0.05882352941176471 0.04649196956889265 0.03741814780168382 0.02650932101932615 0.01812865497076023 0.006539713186864519 0.003657994896226168 0.0008632712609323713 0.0004403191433150748 8.957592963392707e-05
 0.06756756756756756 0.05234079674323932 0.04424778761061947 0.02487163029525032 0.01734265734265734 0.006548190110710098 0.003698511134238752 0.0008646280658270168 0.0004406714265709202 9.742065882609299e-05
 0.0535475234270415 0.04698512137823022 0.0481111903064861 0.02650436831255521 0.01732435033686237 0.005261192763314212 0.004107057293449243 0.000941219859354861 0.0004797773832941515 9.756169433204386e-05
 0.05636978579481398 0.0395703787450537 0.02948609941027801 0.02252463632097607 0.01578116780641767 0.007285863906133786 0.004121551420647255 0.00092667312763764 0.0004711947830884266 9.56093973679928e-05
 0.07123287671232877 0.05286701911346076 0.04393190554640308 0.02699055330634278 0.01906725070858026 0.007376557913663536 0.004150453955901427 0.000846612970880362 0.0004315206198205266 9.549500332342506e-05
 0.06116207951070337 0.04488778054862843 0.0343380389164441 0.02219550541015445 0.01720542231491137 0.006819361055518494 0.003897578417583162 0.0008858589943574633 0.0004510060375982164 9.748574320743215e-05
 0.05854800936768149 0.04618937644341801 0.03595828838547285 0.02206577703057686 0.01410153102336825 0.007229434565926291 0.00406634193609787 0.0009088764353479451 0.000461771236564422 9.543263390490855e-05
 0.06928406466512703 0.04930966469428007 0.04048582995951417 0.02152300912165625 0.01457171819564116 0.00693598853249896 0.003897791251624079 0.0009049512385316685 0.0004607563069695764 9.359967419347451e-05
 0.05586592178770949 0.03950338600451467 0.02949852507374631 0.02614580129191018 0.0185003808901948 0.00706594368750096 0.003976761878414828 0.0008893941678944173 0.0004519099088124397 9.551189600664762e-05
 0.07608695652173914 0.04881025015253203 0.03595505617977528 0.02675943270002676 0.01881306652984437 0.006653467917302263 0.003654416942233473 0.0009009837976275372 0.0004597264920814557 9.354967059568648e-05
 0.06039689387402934 0.047068891741549 0.03731343283582089 0.02604783329386692 0.01829673985362608 0.006737679671457905 0.00371984270379424 0.0008683336099136683 0.0004416401927906655 9.558211499324951e-05
 0.0517464424320828 0.03095975232198143 0.02150537634408602 0.02294455066921606 0.01895335369063915 0.006809939344028633 0.003781350029899047 0.0009242535689666459 0.0004705734722047936 9.559075685176622e-05
 0.0398406374501992 0.04991680532445923 0.03977461054027179 0.02111826226870475 0.01747392562660405 0.005721291377196567 0.003528794099167721 0.0008072669401123254 0.0004762682342695406 9.740565020358774e-05
 0.05592841163310962 0.04113110539845758 0.03638568829593693 0.02961256889035124 0.02059904242289277 0.006621639517944643 0.003724526896404945 0.000816642394239949 0.0004586869451839823 9.542641092918684e-05
 0.06578947368421052 0.04938271604938271 0.03946070371588293 0.02427184466019417 0.01597239969332993 0.006744886434935374 0.003871966959215282 0.0009017911106420944 0.0004599419885934387 9.355980113565673e-05
 0.05312084993359894 0.03174603174603174 0.02938706968933669 0.02693723623956182 0.01819174094960888 0.006965791904538365 0.003990795696733491 0.0009206125141927763 0.0004696337737128365 9.755235176820605e-05
 0.06751054852320675 0.04610951008645533 0.03436426116838488 0.02680515999329871 0.01894889371899905 0.006699098811707473 0.00401932697652542 0.0008843007776079664 0.0004505695787174439 9.158592173067129e-05
 0.06977992485238861 0.05345551737304315 0.04324992276799506 0.01819599688068625 0.01693826295193038 0.006551137870256274 0.003870946025548244 0.000899091343854615 0.0004677674143474011 9.547036858324757e-05
 0.06541291905151267 0.04507042253521127 0.0336417157275021 0.02896515404195559 0.0204747938686293 0.006890031886426637 0.003806151803496349 0.0009232970939223969 0.0004703327800390769 9.748783789483569e-05
 0.05847953216374269 0.03646973012399708 0.03377110694183865 0.01613704071499503 0.01526807211227905 0.005578434428784722 0.00304888984540335 0.0008268642423519865 0.0004616165812675991 9.362865004817892e-05
 0.05376344086021505 0.03205128205128206 0.03142183817753338 0.02803328953131844 0.01921397379912664 0.006394490900147565 0.003713491199889459 0.0008312278782231828 0.0004397421352119117 9.343678176686568e-05
 0.04983388704318937 0.02764976958525346 0.01822600243013366 0.01690412943733397 0.0156162158785683 0.006421723774138801 0.003621563825751043 0.0009437396357165007 0.0004804251272146127 9.757859707069052e-05
 0.07182761372705507 0.0497787610619469 0.03726708074534162 0.01695578453110734 0.0104751215862327 0.006920749372304127 0.003815405364637403 0.0008361691784151677 0.0004236757914608637 8.571677463325679e-05
 0.05730659025787966 0.04366812227074236 0.03278688524590164 0.02271553949406298 0.01463544438531134 0.006983129394213526 0.004108815120439643 0.0009260259595944006 0.0004710408039096387 9.560349406869947e-05
 0.05369127516778523 0.03207698476343224 0.02488800398208064 0.007886435331230283 0.01967508010568329 0.006048387096774193 0.003666905306535823 0.0008138635848365588 0.0004130479892922226 9.744867437982868e-05
 0.0746268656716418 0.05681818181818182 0.0454103146286085 0.02369923516104708 0.01609476598210262 0.006246196226656843 0.003509818717863222 0.0008447826988503275 0.0004307268809793946 9.344291204695844e-05
 0.06765067650676507 0.0547112462006079 0.04591836734693878 0.02345165760579895 0.01495073054706082 0.006429277942631058 0.003506468985731369 0.000885696956860782 0.0004509582863585118 9.350939361545714e-05
 0.05773672055427252 0.04664179104477612 0.03629764065335753 0.01395478649176668 0.01758145156859513 0.005890052356020943 0.003417575099022047 0.0009156653166962032 0.0004683365466424173 9.549190666302735e-05
 0.06909547738693468 0.05099675475197033 0.04071937563624024 0.02023327779100214 0.01971977166580176 0.006664868210165511 0.00369780156892438 0.0008316265648601029 0.0004224997838373199 8.758835226203886e-05
 0.07226738934056007 0.04961411245865491 0.03728251864125932 0.01652052357351633 0.01520866285436184 0.006372792837602586 0.003846022358209976 0.0009011634595473475 0.0004597737130738123 9.355216578239965e-05
 0.06729475100942127 0.04032258064516129 0.02765486725663717 0.02562969509500663 0.01977974981289426 0.007098015710274772 0.003997497219132369 0.0009073621823025763 0.0004697587886486703 9.745514775990393e-05
 0.04830917874396135 0.0272975432211101 0.02748511223087494 0.02294841196989168 0.01735236495941786 0.006305068304906637 0.003664889486130138 0.0008137610874948171 0.0004130553012205784 9.539716622717723e-05
 0.04926108374384237 0.02757352941176471 0.02738475581926061 0.02064622690203365 0.01445449974861739 0.006382333700317521 0.003532476707731708 0.0009158679852621577 0.0004683913878436822 9.549409140256747e-05
 0.0547945205479452 0.0326530612244898 0.03611412062116288 0.01790189760114572 0.01094570928196147 0.007184020240196155 0.004014206801462568 0.0008912828660556858 0.0004523996852871755 9.742443591748667e-05
 0.05506607929515419 0.04451038575667656 0.03424657534246575 0.01282233936458185 0.01934235976789168 0.007202693180928521 0.00406701048769513 0.000908948501298636 0.0004617930145454975 9.551769296116191e-05
 0.07053291536050157 0.04931506849315068 0.04033613445378152 0.02779101159282198 0.01965065502183406 0.006178921527696598 0.003350144418387766 0.0009039765350771746 0.0004605066553009705 9.358331094966553e-05
 0.05868544600938967 0.03671071953010279 0.0303951367781155 0.02095599241592655 0.01367989056087551 0.0043114598603087 0.003748583384186209 0.0008329781875944365 0.0004582165043735303 9.348714820239131e-05
 0.06204756980351603 0.04805382027871216 0.04049844236760124 0.02160293799956794 0.01730203587288771 0.007003564035920501 0.003919416790781532 0.0009398532294507804 0.0004794300066435301 9.753607939197998e-05
 0.05780346820809248 0.04422332780541736 0.03735144312393888 0.01574183392365211 0.01736838953105348 0.006474587245063127 0.003560619547801317 0.000884671527231536 0.0004506905362825477 9.158987884052788e-05
 0.07011393514460999 0.05567153792623521 0.04583213978802635 0.02727024815925825 0.01961113912702415 0.00714955275575539 0.004066166037997024 0.0009089537748656876 0.0004617957369375672 9.746325038746616e-05
 0.07156798959011061 0.0540990428630878 0.04364089775561097 0.01829587036069001 0.01642347293285326 0.004569821601195184 0.002996307491649996 0.0007865662164054691 0.0004011973293957283 9.144747435991737e-05
 0.07014809041309431 0.04915346805024577 0.03711340206185567 0.01807617817947063 0.01072303921568627 0.00665530395260125 0.003655198851732654 0.0007981949114100989 0.0004703549023719606 9.557503516364835e-05
 0.06960556844547564 0.05826983415508741 0.0511106742677413 0.0289584306398879 0.02196422968308754 0.007232982399742827 0.003989963026342623 0.0008904891882997464 0.0004521977795122949 9.165208867140336e-05
 0.07383966244725738 0.05829903978052126 0.04945598417408507 0.02345215759849906 0.01606425702811245 0.007184805697863302 0.00406121196934217 0.0009247681818094245 0.0004707109893364348 9.748871070782176e-05
 0.05847953216374269 0.05225830533781262 0.04573170731707317 0.02262699400384659 0.01764634294754776 0.006999206756567589 0.004134288438335822 0.0009422786991169503 0.0004800617614151829 9.756276272258248e-05
 0.06334841628959276 0.0460122699386503 0.03523884103367267 0.02180311784585196 0.0182221969136154 0.005579130670002874 0.003007655851257747 0.0007908142107384854 0.000402300767903856 8.165952876078478e-05
 0.05847953216374269 0.04636068613815485 0.04359798072510326 0.02259765414828365 0.0199244966442953 0.006499098250117796 0.003567669776485489 0.0008861747112707938 0.0004510821067495612 9.160649513947886e-05
 0.0463678516228748 0.03963759909399774 0.03142183817753338 0.01714873670972905 0.01819221373252248 0.006042690793878917 0.003808534579762832 0.0008681158413778734 0.0004415877532996418 8.962788295554516e-05
 0.0398406374501992 0.03401360544217687 0.0244140625 0.009000900090009001 0.0116256539430343 0.00605223544747746 0.003390950509512051 0.0007550662038175373 0.0003834103267147535 9.537661842199385e-05
 0.03992015968063872 0.03060443764345831 0.02879473467708762 0.02905824858010831 0.02149172080300884 0.00724999597222446 0.003995028409090909 0.00087524798692963 0.0004519232280679693 9.749532519864175e-05
 0.06256517205422314 0.04821600771456123 0.03935716628402755 0.02799736495388669 0.02016556994268733 0.00709622480840193 0.003947887879984209 0.0008729609088105035 0.0004428432108691438 8.968028976698071e-05
 0.06633499170812604 0.04646360351058338 0.03547497043752464 0.0147551978537894 0.01800720288115246 0.006435627634585064 0.00354842715966148 0.0009218466124057507 0.0004784992700444809 9.749885588077282e-05
 0.06002400960384154 0.0473709142586452 0.03685956505713232 0.01475717735444057 0.01573613646377541 0.005389292150159153 0.003411297517625037 0.0007560659754801988 0.000392285316956729 8.552923001216703e-05
 0.06205673758865248 0.05096040768326147 0.04110022130888397 0.01702685003274394 0.01004403924901491 0.007174995141930373 0.004086149655231123 0.0009249053898861597 0.000470751613795376 9.559260344264812e-05
 0.0639269406392694 0.04242424242424243 0.03130590339892666 0.02579153326218427 0.01915079886189538 0.0062047907515961 0.003398470688190314 0.000886424030570067 0.0004511515643680494 9.161016211613101e-05
 0.05656108597285067 0.0352112676056338 0.03919204100090443 0.02928257686676427 0.02042321438701991 0.006314600019940842 0.003913383772501957 0.000871258911042529 0.0004696824848551861 9.746507269502065e-05
 0.05270092226613966 0.03137254901960784 0.02678571428571428 0.02625065626640666 0.0191819171548551 0.006820633208552757 0.003784578283561728 0.0009215652016979838 0.0004783194392924777 9.749169778608292e-05
 0.0737379466817924 0.05490196078431372 0.04424778761061948 0.01896333754740834 0.01696402456858731 0.007314508632644042 0.004130880049570561 0.0009271761113074922 0.0004713391432429115 9.561705369993178e-05
 0.06775067750677508 0.05311713726586526 0.04824874910650465 0.03061900033101622 0.02123751578464011 0.006850655705617537 0.003865956736429613 0.0008705695265842914 0.0004422274110238449 9.550889327080153e-05
 0.05188067444876784 0.03694581280788177 0.03238575026988125 0.02552322613578356 0.01774876903698614 0.005292089180238315 0.002840024186012423 0.0009276420286205964 0.0004762395348792004 9.740514676868365e-05
 0.07038123167155426 0.05438477226376615 0.04575006019744763 0.02588996763754045 0.01795533610144765 0.006708477643608225 0.003871633829476039 0.000937182027526375 0.0004787433085852353 9.751047789885218e-05
 0.05333333333333334 0.04173187271778821 0.03174603174603174 0.02471821237888076 0.01643073811931244 0.006096093687334563 0.003365393131055494 0.0009209887581809705 0.0004697307464217282 9.746957059681215e-05
 0.0576036866359447 0.04241781548250265 0.03211561621838619 0.02144082332761578 0.01968707905916485 0.006288891831060506 0.004129565105174861 0.0009270489713619122 0.0004713021193867181 9.561585374599011e-05
 0.048 0.02680965147453083 0.01787842669845054 0.0277460421086992 0.01932367149758454 0.005790092130583607 0.003721590417337418 0.0008316185230455031 0.000422501859499463 9.736057468966814e-05
 0.06559766763848397 0.04646360351058338 0.0353356890459364 0.02677376171352075 0.0191896485552936 0.007052510540436949 0.003972263240157855 0.0009059315385608795 0.0004610166299488173 9.360450225706346e-05
 0.06618863761720904 0.0498960498960499 0.04842615012106537 0.02618064646057799 0.01701904824245598 0.006789963786859803 0.00373549161737893 0.0009176662218534564 0.0004688649268521874 9.560398915611753e-05
 0.06109979633401222 0.0512214342001576 0.04107424960505529 0.01700235417211614 0.01860566925686768 0.006331271611552136 0.003476493555115794 0.0008844010874288153 0.0004506225448418413 9.158887585406627e-05
 0.05154639175257732 0.03105590062111801 0.03499840916321986 0.02314591571029029 0.01861702127659574 0.006834739114901285 0.003827418232428671 0.0009176363980477286 0.0004688553092979869 8.552970635662745e-05
 0.06835269993164729 0.05046257359125315 0.04 0.02642345721104671 0.01814775787378527 0.005969357299197453 0.00395882818685669 0.0008885695189748226 0.0004517022300342704 9.163341137445536e-05
 0.05383580080753701 0.03952569169960474 0.02947368421052632 0.0253495160546935 0.01796504981218357 0.006702412868632707 0.004159839718828793 0.0009436087836497632 0.0004804076994647866 9.757846104827147e-05
 0.05924170616113743 0.03896103896103896 0.02811621368322399 0.02747252747252747 0.02023213715259291 0.006963898517006156 0.003867655848950459 0.0009411638162848231 0.0004797726856597903 9.755221581894787e-05
 0.046875 0.02645502645502645 0.0176159718144451 0.02103270585760858 0.01582835033415406 0.006384676775738229 0.003532570298148933 0.0008488276532616203 0.0004317759632283889 8.763747880517452e-05
 0.03992015968063872 0.02599653379549393 0.01739130434782609 0.02364066193853428 0.01714898177920686 0.006106477687251925 0.003840726732292998 0.0008980348322872183 0.0004589637574874566 9.351966430022121e-05
 0.05326231691078562 0.03159557661927331 0.03624382207578253 0.0154182191956829 0.01777825665337787 0.005739116176108879 0.003480091331177374 0.0008056858400713608 0.0004109685550345605 8.360518288434696e-05
 0.05808325266214908 0.0477326968973747 0.03955919751342187 0.02763256161314414 0.01979579078974786 0.007203854061923128 0.004132579910601332 0.0009421971653325284 0.0004800429491487565 9.756334549092084e-05
 0.05861664712778429 0.04284949116229245 0.03447087211306446 0.02360271903323263 0.0188848027035086 0.006661709115696845 0.003734843484000972 0.0008323267986001425 0.0004310889601056559 9.726068264692765e-05
 0.05611672278338945 0.03508771929824561 0.03473428273706148 0.02433317735142724 0.0164674310807514 0.006121232622948179 0.003372860896115885 0.0007922934964298482 0.0004026848274249975 9.534658981996379e-05
 0.05703422053231939 0.04934790271413465 0.04018369690011481 0.02516268980477223 0.01797581435886262 0.00589236611234778 0.003223409113293876 0.0007015164447146581 0.0003550800113625603 9.348253676598557e-05
 0.03992015968063872 0.02495840266222962 0.01686340640809443 0.02441488466071729 0.01789976133651551 0.00608149199270221 0.003399729765069956 0.0007555108706391041 0.0003835230625201595 9.343665173933321e-05
 0.03992015968063872 0.02127659574468085 0.01341381623071764 0.01567209162145871 0.01820955755696638 0.00694182449256772 0.003936569878394222 0.0009204024459695002 0.0004695786412155043 9.555098680281621e-05
 0.06349206349206349 0.04824561403508772 0.0434981684981685 0.02878133757479361 0.02048738408453742 0.006729159168088136 0.003755819336355458 0.0009165815327916591 0.0004685825183576963 9.550355342856762e-05
 0.06101694915254238 0.05083732057416268 0.04245754245754246 0.02044293015332197 0.0127253446447508 0.006556302245533519 0.003738349518687499 0.0008474788467353767 0.0004682223353759533 9.548860124716071e-05
 0.06 0.04175365344467641 0.03143418467583497 0.01338867318248762 0.01616379310344828 0.005959755963676855 0.003323130738959335 0.0009150020301607544 0.0004681698168968339 9.739399508378965e-05
 0.046801872074883 0.03841931942919868 0.03141361256544502 0.02640380214750924 0.01795009872554299 0.006905971363238747 0.003887688984881209 0.0009355715769536262 0.0004783171047172804 9.16494408886011e-05
 0.05886681383370125 0.04110996916752312 0.03106796116504854 0.021982414068745 0.01454867480549054 0.004962286621675267 0.002701583127712839 0.000903681058268201 0.000460438533415102 9.358157804823075e-05
# name: avgRateB
# type: matrix
# rows: 100
# columns: 10
 0.06805444355484387 0.05442999697611128 0.04493260109835247 0.04007378665479296 0.0308187056143642 0.01212938005390836 0.007192460317460317 0.001697990456912061 0.000911502777174419 0.0001944391590942865
 0.06902899217671421 0.06795174039661628 0.06220452848967405 0.04074122749375739 0.03214818783726894 0.01280573697016263 0.007444969268821295 0.001722771594941943 0.0009426343812771432 0.0001928189070666539
 0.07679648930334612 0.06686726847208291 0.05921330889609475 0.04025617566331199 0.03008261494252874 0.01198989423200445 0.00695998011434253 0.001781254382075275 0.0009140403402952739 0.0001868786904813737
 0.0847689362865737 0.06900212314225053 0.06022235948116121 0.04012262194572176 0.03199772460625022 0.01281682404331564 0.007710100231303006 0.001853704856139262 0.0009520497241970237 0.0001947937978449843
 0.08138528138528138 0.07082779991146525 0.06236677982158364 0.04451441289832257 0.03390938431997385 0.01247567985029184 0.007231035954801669 0.001808514486201034 0.0009259611232785651 0.0001927567957700018
 0.06639004149377593 0.06008359456635318 0.06054670109518298 0.04262816869387291 0.03217180579928135 0.01227513846063918 0.007053844345168117 0.001806337988416858 0.0009301000729547245 0.0001907131061026406
 0.07616146230007616 0.06275212909009413 0.05544554455445545 0.04042611308385687 0.03115133656072406 0.0113749903927446 0.007742359308036413 0.00187019346112359 0.0009611267900986465 0.0001967550520834472
 0.03802281368821293 0.02384737678855326 0.01680672268907563 0.04479948183731851 0.03459919129601067 0.01300409117475161 0.007473590514418152 0.001861868187255042 0.0009589222875817627 0.0001966624983487303
 0.07805182641273806 0.06356505274546931 0.05877938969484742 0.04093853110106318 0.03080762781265842 0.01266539114500525 0.007516239032224886 0.001799668482121714 0.0009236222715468923 0.0001964486060681586
 0.08198588020951947 0.07000903342366757 0.06505576208178439 0.04385225164445943 0.03360910031023785 0.01306602425380752 0.007735634684652017 0.001850320407523629 0.0009511598812408947 0.0001965601965601966
 0.07162041181736795 0.06778895040108462 0.06279577721150346 0.04428697962798937 0.03300566836478439 0.01343800834571045 0.007830079042587387 0.001817068972112773 0.0009281839641076147 0.0001947730079590611
 0.07275372862859222 0.05718547986076579 0.04961173425366695 0.04166258209979413 0.03290237671285902 0.0126735241239058 0.00771957463568334 0.001865235773338056 0.0009598278127075385 0.0001966963360240995
 0.0858704137392662 0.06651243493348756 0.0558766859344894 0.04065298862986724 0.03020150063706291 0.01061893203883495 0.007397733877846807 0.001839480890984479 0.0009483075613013102 0.0001946374985824233
 0.07838745800671894 0.06455399061032864 0.05908419497784342 0.04152864982449202 0.03256597417181359 0.01342000419375131 0.007843073838093082 0.001873452982007282 0.0009619860055328771 0.0001965328040049812
 0.08900756564307967 0.0759157335357753 0.06544636465896309 0.0445707641625218 0.03355436606215547 0.01271639547989943 0.007473234448361574 0.001829111919021256 0.0009408368792537709 0.0001927948394585446
 0.06832298136645963 0.06625149065853982 0.06179824179650099 0.04397060595109023 0.03309756982227059 0.01261908393770887 0.007557507911766095 0.001820633466656805 0.0009338930206088788 0.0001908723262962418
 0.06941608819926501 0.05676442762535477 0.0585349057415856 0.0419287211740042 0.03284262586453383 0.01309171087990078 0.007711477113147663 0.001810596372327226 0.0009264921155520967 0.0001926657511402039
 0.07844474761255116 0.06505771248688352 0.05697541917629823 0.04039551428915954 0.03049319427258264 0.01143220988958511 0.007352258304182274 0.001790068324081507 0.0009210879697185059 0.0001887500593569266
 0.07983273141988215 0.0704656862745098 0.06342762907522517 0.04268943436499466 0.03314959719384805 0.01314135527368301 0.007627069464364177 0.001762053788607173 0.0009617420937999693 0.00019677617028652
 0.06784260515603799 0.04960727573377428 0.04438215370240597 0.04237754540451293 0.0324176052533145 0.01264509895855533 0.007355615061654931 0.001703375362684979 0.0008698414249761771 0.0001944226104766806
 0.08541392904073589 0.06883365200764818 0.06122448979591837 0.04305411739059349 0.03309171131421368 0.01294201706728501 0.007692862466043224 0.001824092846325878 0.0009347869270048258 0.0001909048931708149
 0.07457627118644068 0.0630744278248333 0.05997291545753531 0.04234477832763635 0.03290081697534288 0.01302979284093405 0.007668832914314628 0.001858017439088933 0.0009579007460014901 0.0001966680069227138
 0.03992015968063872 0.07004799584900766 0.06466291462100347 0.04253091670483544 0.032144612941043 0.01255780282772172 0.007276889742855975 0.001699099095659279 0.0008687240785912224 0.0001907178799800462
 0.03992015968063872 0.07583682008368202 0.06983744732089103 0.04370447450572321 0.03162247628314279 0.01156301069963923 0.007453160060576747 0.00178156159559689 0.0009299342943300162 0.0001907027256385711
 0.0744047619047619 0.0591016548463357 0.05673758865248227 0.03940195390511146 0.03043282236248873 0.01205787781350482 0.007543018778973835 0.001815513563399247 0.0009325041816984397 0.0001908106770499477
 0.03968253968253968 0.0688543803105772 0.06280903380996927 0.04256807977141524 0.03236389430750133 0.01234532039737408 0.007479961576618427 0.001797502795589874 0.0009230290899904782 0.0001887208500781702
 0.06124234470691164 0.05360493165371214 0.04852556924225458 0.03949870775832643 0.03125336781980817 0.0126019380911685 0.007273213673641706 0.001740196263874282 0.0008937409958023316 0.0001906138181913489
 0.07954043305346885 0.06416131989000917 0.06126531632908228 0.03885607709045695 0.02739870383054955 0.01213897647703217 0.007551110575571354 0.001850439619594473 0.0009558669471830409 0.000196528980580356
 0.07684426229508197 0.06547784898300363 0.06018696375976438 0.04177377892030848 0.03247249388753056 0.01333551055954714 0.007899403514428503 0.001864542863557319 0.0009548929983932464 0.0001949080471566098
 0.078125 0.06137061029662461 0.05248792777661138 0.03915785191212368 0.03076800127867018 0.01234200110652424 0.007186281636159387 0.001763290565637069 0.0009045663090873899 0.0001944402007099051
 0.08828250401284109 0.07520510483135824 0.06522156148091311 0.0437740313516711 0.03323005074318559 0.0116726607356931 0.006492879767660194 0.001809609981427687 0.0009606520789869487 0.000196732022766863
 0.08149959250203749 0.07201646090534979 0.06422149279292136 0.04367327667610953 0.03316600932233776 0.01295676226524967 0.007462623992755385 0.001708929058322485 0.0008712865083731613 0.0001907326956768448
 0.06766917293233082 0.04754358161648177 0.05861977084998667 0.04177008293480235 0.03156074362300043 0.01136151403847351 0.007232459277236237 0.001828491287333268 0.0009406735610603815 0.0001927341988754655
 0.07856831078131821 0.06492000927428704 0.05666869054847197 0.03937571592210767 0.03088803088803089 0.0131256921751733 0.007807023134280798 0.001859402600507351 0.0009535541297650949 0.0001948544894275533
 0.06261180679785332 0.06094997898276586 0.05452742894910773 0.04291412127025799 0.03378378378378379 0.01366197183098592 0.007979270349195903 0.001865895429888979 0.0009552587971537186 0.0001949258028854588
 0.0690846286701209 0.06453000645300065 0.05999739141776444 0.04002541296060991 0.0298691446994121 0.01331447116584838 0.007826129489834183 0.001831383037577691 0.0009367005114775085 0.0001909861690203722
 0.09124087591240876 0.08016373870032407 0.07221880762138906 0.0469400927066831 0.03567830758898589 0.0131299714499458 0.007409768832444449 0.001728502233608998 0.0009596435941851413 0.0001964305980934724
 0.07242003621001811 0.05749070003381806 0.06186726659167604 0.04411359250068927 0.03390531321066777 0.01273694463175245 0.007299392556297614 0.001811112305942146 0.000932040644739116 0.000189132524761927
 0.08193186718413109 0.0680911011974642 0.06309148264984227 0.0435471100554236 0.03321989953005996 0.01276532581267627 0.007291905137401538 0.001655590891939968 0.0008430289835325071 0.0001888574877421551
 0.04724409448818898 0.03972758229284904 0.05738880918220947 0.04250681198910082 0.03300978504342359 0.01269522600454666 0.007478509557699577 0.001739289987423596 0.0009413381364222163 0.0001927628480412711
 0.03968253968253968 0.07043172035998435 0.0650210716435882 0.04213984715377473 0.03206381481191835 0.0126398372802557 0.007570022710068131 0.001802041048598202 0.0009242449891328246 0.0001926623070695547
 0.08058017727639001 0.0690766751093714 0.06025306286402892 0.03979739507959479 0.030103995621237 0.01211188532181992 0.007039687272245412 0.001653128117429101 0.0008471597266108449 0.0001965070962880802
 0.06716417910447761 0.06804874188953948 0.06145861786397159 0.04381375882814544 0.03258360863465629 0.01178342974321305 0.007139691762272884 0.001754389274456281 0.0009434071244565782 0.0001962420635943221
 0.06183745583038869 0.04181600955794504 0.06271975672336787 0.04431782209559988 0.03312668591169372 0.01255061333652079 0.00714930124091443 0.001719644453955564 0.0008788564710201961 0.0001947154234086882
 0.08674531575294935 0.07141035450140269 0.06049083995852057 0.03431008902077151 0.03044943364053429 0.01141517762016377 0.007241600963377027 0.001757734978926081 0.0009031028867246788 0.0001848365279909084
 0.07880220646178093 0.06992084432717678 0.06446904269553583 0.04425307977514651 0.03328146611341632 0.01278790961272978 0.007371542495267135 0.001849384607836107 0.0009509033096286723 0.0001947423538786517
 0.03992015968063872 0.02034587995930824 0.01308044473512099 0.04155574313356276 0.03073054895935187 0.01260835303388495 0.007379831739836332 0.001719279812789531 0.0008787629361227221 0.0001925378292173575
 0.0776255707762557 0.06552525893045867 0.05777115169586284 0.04408163265306123 0.03411987174216887 0.01297886923424671 0.007476449185067039 0.001724481505893895 0.0009307069300825809 0.0001907344388513336
 0.07186858316221766 0.06187845303867404 0.06370779358674879 0.04412046806061769 0.03324026060364313 0.01244630633091996 0.007041890661765969 0.001787238735167345 0.0009156073057670597 0.0001869398640310797
 0.07677543186180422 0.06948580504268415 0.06284772305790233 0.0430001409840688 0.03112293559560263 0.01300960371870021 0.007768036906101873 0.001857224889087667 0.0009529755201982189 0.0001869794660741672
 0.07109004739336493 0.06284916201117319 0.05915604048902327 0.04032512129040389 0.03028659253232077 0.01066532827253051 0.005948371633265393 0.001849761607254085 0.0009510066599578646 0.0001947760274435448
 0.07951356407857811 0.06691278264882326 0.06097560975609756 0.04591669399803214 0.03555104113763331 0.01298520614014748 0.00751720934161071 0.001711923644358442 0.0009346695213031629 0.0001908991988596954
 0.07079646017699115 0.05647944775651083 0.04923903312444047 0.03520114942528735 0.03192475369880883 0.01324899564065305 0.007701416895086827 0.001852930276880724 0.0009518453659214107 0.0001947803245636473
 0.06648936170212766 0.06611570247933884 0.06024096385542169 0.04365821851788853 0.03446925186055621 0.01380488151996015 0.008027940543582614 0.001857106207329634 0.0009645860513062347 0.0001968944377321341
 0.03952569169960474 0.02638522427440633 0.05611510791366906 0.03762803985784963 0.02911706774000171 0.01124027568255095 0.006430759337293327 0.001475386905845406 0.0008895730436161532 0.0001826871734342667
 0.07651559741024132 0.06448743606849011 0.05661850839515813 0.04211581850087742 0.03323179174743839 0.01325168435882772 0.007799872950523074 0.001844621976103588 0.0009449236170507082 0.0001929103267284417
 0.07545671167593328 0.06095944871455075 0.05228461013866788 0.03744259978806076 0.02719622331691297 0.01230927776028397 0.007140603464022983 0.001647714753752862 0.000953571655612299 0.0001964327807024436
 0.07939508506616257 0.0647836227001814 0.05726667698498684 0.03925101344829805 0.03239778849878509 0.01324083935407732 0.007663218218468357 0.001763962627000516 0.0009249567947812964 0.0001965877138636039
 0.08155339805825243 0.06585136406396989 0.06035349906595775 0.04282768466134405 0.03344834870783748 0.01367122853976888 0.007984877619528728 0.001869401333760625 0.0009630715562166268 0.0001968332512200679
 0.07194244604316546 0.06326949384404926 0.05711639394874962 0.04112737389621386 0.03102699348433137 0.01115137998327293 0.007441889923364367 0.001811587365687781 0.0009532420339296391 0.0001964194519540164
 0.06711409395973154 0.04943820224719101 0.04368004368004368 0.03829012616910427 0.02868968112124918 0.01231479200964443 0.00743849538813286 0.001795108235578667 0.0009453801778858212 0.0001945106706966102
 0.07525870178739417 0.06265383754754979 0.06093845216331505 0.04209695454844439 0.03210741389375365 0.01284095559287115 0.007592155849190708 0.001801501124515965 0.0009568675057460376 0.0001965732711976475
 0.03929273084479371 0.06945371978095365 0.06407097092163627 0.0440422322775264 0.03331507849580139 0.01255798835800609 0.007187552849653306 0.001787745196861176 0.0009157553764095569 0.0001869484895258131
 0.06201550387596899 0.06864564007421151 0.06482698204117389 0.04618805953127673 0.03553221072145837 0.013866184026156 0.007977294101840657 0.001824842055117913 0.0009302170734979198 0.0001891331648787278
 0.07742461287693561 0.06400409626216078 0.05490036600244001 0.03598470649973761 0.03137622619734564 0.01266952690834749 0.007685725152129818 0.001838116858753037 0.000950055209841021 0.0001947086919549547
 0.08205128205128205 0.07021276595744681 0.06186726659167605 0.04265241128298453 0.03272279121159322 0.01309239686327992 0.007748121484088102 0.001584338338315409 0.0008100785483392414 0.0001651571370666938
 0.05825242718446602 0.05995203836930456 0.05914703745979039 0.04175744371822803 0.03355966596425505 0.01300832236987982 0.007443371170470116 0.001869670730210291 0.0009609980401464213 0.0001967478963873907
 0.07824331145885917 0.06718682271348071 0.05909264201296226 0.04155625150566129 0.03136481763598888 0.0130709865813808 0.007673970545015184 0.001806011547067513 0.0009252991394718003 0.0001889292998717667
 0.07844602166604409 0.06438320885912954 0.05538325210456358 0.04376944576280124 0.03415637860082305 0.01303724928366762 0.007559583641393289 0.001743669139738795 0.0009386109340352057 0.0001967928725199626
 0.06054490413723512 0.06399554813578186 0.05879345603271983 0.04026472902300181 0.0320547066994337 0.01303485406630774 0.007593327775897787 0.001760192855912909 0.0008997132652941476 0.0001869565208743917
 0.0380952380952381 0.06587914584279873 0.05787208784686156 0.04114230396902226 0.03103494805019565 0.01244623916140006 0.007323622752054683 0.001848913574610266 0.0009507879898013436 0.0001947403802723226
 0.07938680536545305 0.06752037252619325 0.05883546358287686 0.04129761451937184 0.03191180736872642 0.01314421076958632 0.007595295924414286 0.00186376983583611 0.0009547153194789203 0.0001908255071684794
 0.07703595011005135 0.0625 0.05748098055790363 0.04063701263042285 0.0318954451748415 0.01227067309131176 0.007658164541135284 0.00187529479065838 0.0009624582934739494 0.0001968040219585579
 0.07894736842105263 0.0664451827242525 0.06080634500991408 0.04181323422048185 0.03087175969030235 0.01112618310953956 0.006282866708552445 0.001411640035658414 0.0007172304294343508 0.0001454358253463166
 0.0704579768495219 0.05584858827179646 0.04666011787819253 0.04382429981865807 0.03451152912621359 0.01369843466845507 0.007956174737487672 0.001838428909294599 0.0009385375239033775 0.000196789586610675
 0.07542426147077311 0.06279434850863422 0.05989239671099381 0.04105204564430837 0.0298799902032819 0.01181300871569545 0.006833561118703957 0.001839659718699305 0.0009529988660276119 0.0001964107619606714
 0.07639141506002184 0.0697986577181208 0.06424511984185817 0.04421656710099252 0.03533436078637747 0.01387863575963384 0.007957715214313835 0.001823780562722693 0.0009299338865950519 0.0001927890917149385
 0.07920110192837466 0.06571381632988335 0.05927682276229994 0.0408271474019088 0.03169572107765452 0.01343754284930756 0.007934515954044579 0.001866574226800197 0.0009554366784341368 0.0001949341391141516
 0.07790077900779008 0.06211180124223602 0.05226480836236934 0.03688776555775668 0.02702296952409548 0.008836668903107562 0.004834767349204501 0.001797319156584337 0.0009230039796045268 0.0001888338377515813
 0.0576036866359447 0.0656013456686291 0.05836839961992669 0.04014049172102358 0.03115769028446566 0.01256265302721481 0.007621062127209525 0.001848707790982833 0.0009507335685590468 0.0001810823110639899
 0.0760982359045313 0.07045675413022351 0.0644457664088836 0.04429323404801643 0.03307186771252915 0.0126133345204707 0.007205160590314568 0.00163624848647015 0.0008331985512147545 0.0001907311420046995
 0.07417102966841187 0.06963366636391159 0.06310740880979428 0.04319163446237782 0.03312701595327348 0.01315866424937131 0.007564360097160003 0.001862582781456954 0.0009591127335294187 0.0001967052858088064
 0.07355787843592722 0.06680522565320665 0.06096734859775098 0.04086809470124014 0.02968574060804586 0.009649194537574618 0.00751904279316094 0.001770312431590749 0.0009064194967909826 0.0001926087867334245
 0.07626870049867997 0.06689536878216124 0.05993407252022775 0.04349196344153797 0.03244195207860222 0.01308360709359046 0.007620591811917309 0.001818243803766038 0.0009332484336494389 0.0001963978647782847
 0.08233398961875782 0.07317391872468314 0.06706635504521898 0.04617217753946976 0.03648346475226551 0.01321942829526233 0.007689890687790439 0.001852250862808693 0.0009516697434084732 0.0001947771113838874
 0.07840574975498203 0.06810631229235881 0.06093273962971643 0.04166666666666666 0.03090294543698696 0.0105893112134388 0.005844897670011247 0.001586209532545962 0.0008106030789244177 0.0001651571370666938
 0.08143322475570033 0.06508298080052066 0.0587166223961974 0.04165688805444731 0.03209727361981723 0.013050614858865 0.00776565339567205 0.001845741664668699 0.0009452330048080203 0.0001929277845446149
 0.06363636363636363 0.06125574272588055 0.05165057264765326 0.02704108164326573 0.03200301204819277 0.0132077883345405 0.007686268027604446 0.001868534446149403 0.0009606865706691715 0.0001967350330842747
 0.082930200414651 0.06791171477079797 0.05710659898477157 0.04081376365691323 0.03218884120171674 0.01335336337840094 0.007826557041077322 0.001858965239246929 0.0009600884445112519 0.0001967099368918757
 0.05235602094240838 0.06978588421887391 0.06193078324225865 0.04091286837563127 0.03017694664167162 0.01281120553444079 0.007587314010973652 0.001832498318635563 0.0009417356868311371 0.000192779742784125
 0.08600469116497264 0.07182618064284432 0.0630991384540711 0.0404471245771437 0.03254317517843275 0.01290322580645161 0.007496066624381162 0.001783461242920702 0.0009146228737450693 0.0001963264738714252
 0.07740398928252457 0.06496415770609319 0.059667386060683 0.04192999513855129 0.03144932671863927 0.01283280685920578 0.007489958517152828 0.001799409414888882 0.0009235567238818159 0.0001926490676778161
 0.06915629322268327 0.06572237960339944 0.06028432607522044 0.04235237173281704 0.03242171110348248 0.01336499225114811 0.007773927570151426 0.001878679079864735 0.0009633658250352505 0.0001968472232909635
 0.08137044967880086 0.06514657980456026 0.06050338818973863 0.03920786815523658 0.03056951423785595 0.01162080421924584 0.006626680033303315 0.001834321093179729 0.0009422168516940962 0.0001928000127208256
 0.06274509803921569 0.06133671742808799 0.05382331106161842 0.04265428432590033 0.03261734287987271 0.01341101144983128 0.007867756132342214 0.00183378286482728 0.0009373269972632004 0.0001910135297270775
 0.07983094623150974 0.07035647279549719 0.06370328425821065 0.04475204246240308 0.03501200993364002 0.01343989934373257 0.007798952949082794 0.001800690392358943 0.0009424466303160791 0.0001928099384976051
 0.07763221737020864 0.06857142857142857 0.06160164271047228 0.03958681264303829 0.02974668835696026 0.01204556998766418 0.006944042590127886 0.001837394349824885 0.0009477343829330445 0.0001928117781360587
 0.05324813631522896 0.03369272237196765 0.0579681666339163 0.04016973125884017 0.03083336952273419 0.01264573866399855 0.007425480004243131 0.001736518604602347 0.0008880491998774296 0.0001810823110639899
 0.08465378771434773 0.07093009953094612 0.06514331529364602 0.04460665044606651 0.03249701314217443 0.01218026796589525 0.007175567595459236 0.001796962188132483 0.0009229187938325709 0.0001888318108851402
 0.07617546624638824 0.06432869890018676 0.0593607305936073 0.04053753887161262 0.03132512566474831 0.01252950260788484 0.007213010257571565 0.00165155937932094 0.0009583226449705001 0.0001966360927335813
