# Created by Octave 3.0.1, Tue Sep 08 20:36:41 2009 PDT <jwawerla@daneel>
# name: prtA
# type: matrix
# rows: 100
# columns: 10
 216.4 437.9 493.9 668.5 706.5 1017.1 1450.8 2089.5 2156.7 2315.7
 227.3 278 741.7 1130.7 1176.7 1311.1 1375.9 1532.6 1601.3 1946.8
 214 590.1 645.6 1070.2 1262.2 2143.4 2401.8 2557.9 2626.5 2648.6
 405 558.3 786.4 987.6 1241.5 1387.4 1681.8 1840.3 1909.3 2933.2
 369.4 901 930.6 1123 1539.7 1817.9 1884.8 2043.7 2112.6 3244.1
 312.6 705.6 1008.9 1120.1 1179.6 1571.4 1637 1715.4 1782.9 2742.3
 67.2 75.3 81.8 625.7 719 1017.8 1257.1 1419.4 1487.2 2972.6
 75.90000000000001 85.5 146.4 303.2 437.1 1416.3 1477.2 2134.3 2202.6 2450.6
 74 83.90000000000001 155.3 327.7 365.8 1396.4 1571.3 1908.1 1976.5 2702.8
 54.8 60.3 63.9 143.6 506.1 1372.2 1738.2 1891.2 1959.5 2180.8
 40.1 40.1 40.1 71.7 461.7 1162.7 1222.7 2281 2349.1 2556.2
 56.4 62.2 66.3 126.4 255.2 1261.5 1322 2047.8 2429.2 2588
 40.1 88.8 94.3 344.6 423.6 1035.8 1183.9 1884 1952.3 2159.6
 72.09999999999999 127.1 134.4 200.9 384.6 978.9 1039.6 1722.4 1807 2014.3
 93.59999999999999 101 158.3 316.9 567 1024.7 1583.2 2262.7 2347.3 2510.1
 40.1 76.09999999999999 81.59999999999999 170.8 202.1 1363.5 1538.4 1691.5 1776.1 3059.6
 56.2 61.3 66 301.5 363.6 936.8 1721.3 1874.7 1959.5 2695.3
 55.6 73.7 79.40000000000001 192.5 226.2 849.6 1226.1 1712.7 1797.5 3451.2
 53 73 77.8 158.6 534.7 828 1352.6 1879.1 1961.3 2158.3
 43.4 48.4 51.4 117.8 432.5 1136.9 1195.3 1564.9 1641.6 3144
 40.1 48.6 78 147.4 462.7 616.2 1021.3 1958.9 2035.7 2228.7
 40.1 61.3 64.90000000000001 167.3 374.1 808.5 866.6 2074.4 2150.2 2809.4
 60.1 66.90000000000001 70.90000000000001 166.5 193.3 878.3 936.4 1524.2 1600 2735.7
 93.59999999999999 103.4 216.2 249.1 584.3 844.6 1396.7 1664.4 1782.9 2742.3
 40.1 40.1 63.4 80.5 455.2 1079.2 1420.6 1888.8 2456.7 2619.8
 59 65.8 70.59999999999999 198.6 425.5 821.5 1367.7 1713.9 2179.1 2338
 50.7 56.3 60.4 106.9 254.1 1010 1066.3 1223.7 1292.2 2698.7
 48.4 76.5 82.5 145.9 168.2 1094.6 1702.1 1860.2 1928.8 2608.3
 60.8 67.5 72.90000000000001 120.9 141.1 721.2 777.3 1692.5 1760.8 1947.8
 58.2 64.2 69.3 158.8 180.9 498.3 553.7 1606.1 1678.3 2339
 40.1 44.3 60.9 73.8 144.9 711.9 840.2 1838.3 2120.8 2121.2
 59.5 65.40000000000001 70.8 133.2 334.7 948.4 1004 1680.8 1752.7 1985.7
 58.4 64.2 69.59999999999999 131.7 193.9 1108.1 1233.4 1561.1 1633 3722
 40.1 40.1 40.1 66.8 122.6 855.7 911.3 1517.1 1588.9 1818.4
 61.8 79.09999999999999 85.59999999999999 162 304.2 881.1 1175.4 1502.3 2382.5 2961.7
 64.8 71.3 76.59999999999999 109 127 763.5 1113.8 1269.2 2136 2370.6
 40.1 45.8 62.3 75.2 166.1 1161.5 1267.7 1831.5 1905.7 2089.5
 66.2 72.40000000000001 77.59999999999999 161.5 200.5 945.5 1056.6 1420.9 1689.5 2273.9
 87.59999999999999 95.5 102 119.4 155.1 1062.9 1171.2 1971 2044 2489.6
 66.59999999999999 133.8 141.5 191.5 213.1 610 1206.2 1670.3 1743.1 2242.8
 40.1 40.1 40.1 76 145.3 1059.6 1165.1 1318.1 1390.9 2574.5
 64.90000000000001 71 76.09999999999999 91 332.1 852.3 907 1477.8 2321.1 2495.5
 58.5 63.8 68.3 125.2 218.1 575.2 629.4 1817.5 1889.9 2063.6
 40.1 40.1 40.1 40.1 46.8 1026.8 1252.2 2028.8 2100.9 2276.7
 40.1 43.8 59.1 71 102.9 790.3 909.2 1507.5 1579.3 2759
 40.8 44.7 47.8 57.6 138.2 662.3 1443.9 1596.9 2319.4 2187.2
 40.1 42.1 45 54.4 63.6 602.2 656 1636 1780.7 2157.3
 45.9 50.4 53.9 126.7 143.9 508.4 1251.2 1727.4 1895.2 2054.4
 66.7 73.09999999999999 78 203.1 224.1 719 1045.1 1930.5 2001.5 2696.5
 76 83.2 88.7 106 120.8 829.4 883.5 1224.1 1857.1 2034.8
 78.59999999999999 86.09999999999999 91.90000000000001 109.8 143.5 656.1 1114.5 2058.7 2129.7 2307.8
 67.3 74 79.40000000000001 194.9 214 828 1100.3 1255 1969.2 2148.9
 68.09999999999999 75.09999999999999 80.59999999999999 225.7 295.1 783.9 838.3 1181.8 1913.5 2091.1
 40.1 42.3 45.5 55.6 64.40000000000001 766 1124.5 1725.8 1796.5 1973.6
 40.1 40.1 72.2 120 135.5 835.8 1126 1701.1 1768.6 2516.1
 56.2 62.3 67.2 147.7 456.7 746 800.6 1587.2 1658 2479.1
 56.3 62.5 67.5 99.2 113.3 633.4 1042.8 1198.2 1269.1 1982.1
 40.1 53.7 58 71.2 182 389.7 1371.2 1526.7 1597.5 2943.9
 83.09999999999999 91.7 98.8 182.6 359.4 821.8 876.6 1032.2 1614.3 1787
 40.1 76.3 82.59999999999999 166.4 322.9 775 1184.3 1640.7 1980.2 2152.9
 55.6 61.8 66.90000000000001 114.9 149.8 852.2 1309.5 1466.2 2413.8 2586.3
 47.3 63.5 68.7 84.5 135.1 713.9 768.7 2028.3 2579.4 2738.1
 40.1 54.8 59.4 73.3 84.90000000000001 993.6 1307.8 1716.1 1788.4 2273.2
 64.7 72 77.8 152 207.7 941.9 1301.5 1459.7 1532 1704.4
 40.1 40.1 40.1 74.59999999999999 107.2 1191 1639.6 1746.3 1821 1983.9
 40.1 43.3 46.7 58.3 68.09999999999999 510.4 1046.2 1775.3 2416.9 2639.5
 40.1 65.2 70.40000000000001 87.09999999999999 233.6 775.1 830.1 1558 1630.3 2664.7
 55.4 61.5 79 126.9 144.2 826.5 1205.2 1363.8 1975.1 2175.9
 48.6 54.1 58.6 73.5 204.9 912.4 967.7 1830.3 2101.9 2346.4
 63.2 70.2 76.2 123.6 276.4 817.7 1238.8 1765.8 1836.3 2257.6
 58.2 65 70.3 130.7 204.1 939.2 1154.9 1313.6 1997.7 2165.7
 40.1 40.1 40.1 95.3 110.1 908.1 1413.1 1572.1 1644.1 1812.3
 57.1 63.9 69.09999999999999 217 344.6 792.8 1401.8 1926.4 2067 2226.1
 40.1 86 92.59999999999999 145.5 164.1 831.9 887.6 1770.3 1844.2 2012.6
 57 64 69.2 224.3 246.2 770.2 826 2216.2 2290.3 2899.4
 80.3 146 155.3 202.7 224 730.8 1529.1 1688.7 1762.9 1931.6
 40.1 40.1 86.2 200.5 435.5 937.1 1064.7 1916.2 1990.5 2157.2
 93 104.1 170.3 216.8 261 794.8 979.4 1755 1829.2 1995.6
 49.8 56.5 61.3 77.90000000000001 606.6 826.8 1074.6 1658.2 1732.5 2940
 40.1 44.6 48.5 61.9 72.7 783.9 840.1 1624.5 1698.8 1863.1
 75.2 84.90000000000001 91.8 253 438.5 723.1 1018.3 1983.6 2058.1 2222.5
 40.1 90.40000000000001 97.7 386.2 456.4 794 1158.8 2008.2 2306 2470.5
 69.40000000000001 89.90000000000001 97.3 209.9 232.6 327.5 776.5 1833.5 1908.2 2072.8
 49.2 56 61 206.6 473.9 575.7 845.6 1741.9 2039.7 2204.3
 40.1 45.4 49.6 118.4 137.1 1208.2 1265 1791.1 2433.2 2595.5
 50.9 58.2 63.2 115.1 193.3 781.3 838.1 2384.8 2828.2 2990.2
 82.59999999999999 94.2 115 141.5 253.2 1100.9 1157.8 1317.1 2007.8 2169.8
 47.7 108.8 165.3 251.7 568.8 1410 1467 1645.9 1720.7 1880.7
 86.3 110.2 130.7 159.8 281.1 948.2 1183.8 1654 1728.6 1937.2
 40.1 40.1 40.1 196.9 221.6 1039.5 1096.7 1700.2 2030.4 2981.8
 40.1 90.59999999999999 97.2 257.9 284.4 1242.4 1464.7 1939.3 2014.2 2646.2
 40.1 47.9 51.7 67.59999999999999 126.6 1186.6 1243.8 1767.6 1842.5 2006.6
 49.9 56.9 61.6 147 427.9 622.4 798.6 2053 2129.5 2687.5
 57.7 65.8 71.2 110.3 129.2 916.9 1299.1 1996.7 2073.4 2237.1
 59 67.40000000000001 72.90000000000001 415.2 513.2 1041.7 1099.3 1671.5 1748.2 1911.9
 40.1 48 51.8 197.9 266.8 762.5 820.1 978 1054.5 2002.1
 72.5 82.3 114.5 198.9 321.4 937.6 995.3 2000.1 2067.3 2226.3
 67.90000000000001 77.40000000000001 122.7 152.5 491.6 868.7 1512.4 1820.8 1897.4 2058.9
 40.1 47.6 102.5 193.6 349.5 1160.6 1218.5 1757.2 1875 3151.3
 66.40000000000001 75.7 139.9 223 249.1 638.9 1010 2086.9 2162.9 2976.7
# name: prtB
# type: matrix
# rows: 100
# columns: 10
 322.6 514 614.1 1824.6 2329.6 3531.5 3897.8 4398.2 4465.3 4624.3
 756.9 1002.9 1064.9 2599.2 2877.7 3121 3800.4 3955.3 5054 5214
 714.6 1221.3 1573.5 2540.1 2586.5 2981.3 3046.6 3857.8 3926.5 4086.9
 762.2 1187.5 1806.8 2516.7 3548.9 3770.1 3835.5 4191.8 4260.4 5938.6
 1291 1367.8 2633.6 3402.3 3748.4 3396.4 3741.3 4079.9 4145.4 5430.4
 489.7 2330 2347.5 3192.4 3433.4 4366.2 4430.4 4586.8 4655.5 4583.4
 948.4 2442 2517.9 2983.9 3398.8 3530.4 4026.4 4182.6 4251.3 4739.3
 376.3 1197.7 1381.8 3077.8 3116.4 3240 3302.3 4861.9 4930.2 4909.9
 774.1 1072 1084.9 2732.5 3313.5 3534.1 3756.2 4348.9 4417.1 5557.6
 442.6 770.9 1622.2 2847.3 2883.7 3836.7 3897.5 4463.3 4531.6 4795.4
 705.2 722.8 1721 2114.4 2149.2 3589.3 3728.9 4795.3 4526.2 4686.6
 765.8 859.7 870.5 2141 2862.6 3815.6 3875.9 4169.8 4092.5 4250.2
 40.1 40.1 40.4 2551.9 2702.3 3797.5 3929.3 4192 4260.1 4484.3
 809.5 951.4 987.1 2776.4 2835.1 3083.8 4196 4349 4417.3 4641.8
 714.5 2065.9 2075.4 2550.3 2604.5 3558.1 3617.8 4432.9 4236.5 6040.3
 407.2 1253.3 1263.2 3012.7 3046.2 3354 3413.8 4622.8 4705.1 4904.6
 308.1 320.2 330 2124.4 3286 3563.1 4123.5 4275.2 4357.7 5538.1
 347 360 1767.7 2577 2637.3 3657 3717.4 3869.7 3952.2 4367.7
 253.1 278.3 316.2 1970.3 3179.8 4046.1 4190.9 4343.7 4426.3 4417.2
 1317.6 1336.5 1760.6 2704.5 2767.4 4179.4 4241 4395.1 4463.5 4661.8
 789.3 1058.1 1070.3 2383.1 3359.9 3805.6 3867.4 4797.8 4866.2 5064.4
 631.2 983.6 996 2602.6 2642.8 4241.8 4303.6 5289.3 5357.7 5555.9
 362.3 802.3 1605.5 1928.5 3192.6 3817.4 3878 4293.8 4374.2 5512.3
 326.7 790.3 799 2677 3388.9 3647.8 3801.7 4226.2 4305.2 4848.2
 340.1 558.8 606.5 2687.3 2892 3803.5 4540.9 4692.7 4770.5 4779.7
 83.09999999999999 594 1069.4 2731.2 3002.3 3664.6 4264.9 4415.5 4720.1 4909.9
 321 337.1 346 2500 2554.6 3915.4 3973.3 4123.2 3939 4117.4
 359.8 1303.4 2038.5 2316.6 2528.8 3499.4 3884.8 4483.4 4564.1 4738.2
 585.4 614.3 637.4 2281.7 2827 3224.7 3673.5 3807.2 3873 5383.7
 300.2 375.6 385 3032.4 3170.2 3888 4266.9 4837 4912.1 5108
 295.5 794 816.8 2685.6 2915.8 3530.7 3958.1 4642.5 4717.7 5274.3
 692.5 1350.5 1643.1 1891.6 2566.5 3517.4 3767.9 4647.5 4722.6 5212.3
 40.1 332.2 342.9 1986.9 2867.7 3731.5 3788.7 4873.1 4947.1 5113.3
 40.1 40.1 378.1 1874.8 3068.7 3740.9 3797.5 4383.1 4448.3 4605.6
 787.2 1162.9 1173.6 1976.4 2078.2 3448 3849.1 4277.4 4345.9 4533.8
 277.7 292.2 449.9 2462.1 2490.6 3992.1 4110.4 4770.8 5070.2 5255.6
 298.7 1153.3 1221.3 2421.3 2654 3384.2 3440.1 4092.7 4160.8 4151.9
 441.4 456.1 467.8 2372.5 2515 3343.4 3459.9 4481.7 4553.7 4610.9
 326.8 341.1 924.9 1711.7 2559.5 3497.9 3553.6 4351.9 4423.9 5194.6
 40.9 1208 1219.9 1288.5 1902 3315.2 4094.9 4152.9 4360.4 4751
 310.1 384.5 479.8 1741.7 3103.9 3637.8 3693.2 4888.1 4959.8 5146
 522.6 845.2 1351.1 2487.8 2597.9 3486.8 3542.2 3695.4 5232 5399.7
 40.1 40.1 40.1 2134.5 2781.6 3369.7 3425 4152.1 4119.7 4472.4
 40.1 880.8 892.2 2294.6 2401.9 3702.6 3757.5 4270.5 4344.2 5221.9
 169.9 242.4 438 1061.1 1909 3596 3650.5 4590.9 5205.7 5386
 314.3 327.6 958.7 1431.3 2652.8 3567.7 3622.2 4420.8 4493.8 4672.9
 40.1 46.2 49.5 2349.5 2760.7 2958.6 3013 3690.4 3763.1 4687.7
 642.3 655.7 666.1 1919.2 2416.2 3275.7 3330.1 3484.5 4284.4 4458.3
 378 535.4 1289.4 2703.2 2765.2 3444.2 3562.7 4299.2 4371.6 4545.2
 122.4 1010.8 1020.9 1135.2 2866.5 3613.3 3736 4104.8 4177.1 4248.8
 309.6 322.4 795.2 2164.1 2600.9 3462.3 3663.8 3817.3 3889.5 3958.6
 495.7 509.3 554.1 2260.5 2733 3166.2 3220.7 3373.9 4859.6 5420.9
 366.3 400 560.6 689.8 2403.9 3962.8 4067.5 4220.1 4291.6 4362
 661.2 675.1 742.5 2372.6 2766.1 3303 3357.1 4292.5 4363.8 5396.4
 287 489.6 689.8 1784.9 2978.3 3508.7 3705.8 4004.3 4075.4 4151.9
 306 491.6 1133.9 2065.7 2121.3 3550.5 3932.6 4084 4155.1 4333.7
 56.9 62.2 66.40000000000001 79.8 1233.9 3623.2 3677 4315.7 4386.7 4564.9
 800.8 902.2 912.2 1731.6 2307 3138 3437 4179.4 5051.6 5217.7
 109.4 118.6 125.5 411.6 3103.7 3632.1 3686.2 4299 4375.5 4871.4
 301.9 315.5 325.3 684 2232.8 3472.6 3931.5 4320.2 4385.4 4542.7
 572.3 729.8 794.1 2072.3 2643.7 3691.5 3809.6 4166.2 4237.3 6059.3
 318.5 726.8 1190.4 1382.8 2869.5 3037.2 3713.4 3953.2 4810.9 4971.7
 66.7 73.40000000000001 78.59999999999999 897.3 2729.4 3429.4 3483.5 3683 4461.4 4798.9
 244.8 356.3 367 437.6 2875.4 3735.9 4105.6 4260.2 5078 6047.2
 117.7 347.9 695.7 2302.2 2324.6 3560.5 4175.9 4767.1 5174.8 5352
 662.8 903.4 914.6 1423.8 2939.4 3290 3344.4 3931.9 4007.4 4167.8
 98.2 383.9 395.3 2477.9 2687.5 3486.4 3541.1 4581.8 4652.6 4825
 281.8 326.8 338.5 1643.9 2458.9 3065.3 3680.8 5084.8 5155.6 5607.8
 223 364.9 377.2 1612.1 2863.9 3670.6 3725.5 3778 4485.3 4648.3
 233.9 996.1 1281.7 1437.8 1478.1 3021.7 4109.7 4303.1 4368.3 4720.1
 292.7 307.8 1373.9 1841.6 1864.6 3366.5 3421.3 4131.5 4502.4 4665.4
 235.1 407.3 419.2 2122.1 2933.3 3866.6 4049 4354.2 4327.9 4485.4
 271.4 1093.3 1210.4 2014.6 2327.9 2890 3536.4 4193 4267.7 4373.6
 112.3 560.2 595.3 1801 1824.3 3032.3 3961.5 4119.7 4192.1 4364.5
 332.6 917.9 1128.4 2389.9 2512.3 3720.9 3775.7 4098.9 4173.2 5337.3
 63.6 615.7 1423 2144.7 2570.8 3039.5 3562 4321.5 4395.8 4560.3
 75.90000000000001 330.9 342.2 1616.4 2809.8 3753.3 3808.3 3870.3 3935.9 4264.1
 327.9 343.9 356.7 1963 2536.9 3399.1 3454.6 4312.6 4383.1 4431.2
 40.4 45.1 1256.9 2384.1 2529.8 3271 3892.4 4316.3 4329.4 4367.7
 669.8 707.3 719.8 2196.6 2395.3 3358 3413.4 4029.9 3993.9 4151.6
 255.6 709.9 1453.2 1922.3 2298.4 3318.5 3692.9 4374.9 5681.8 5849.8
 299.3 457.9 676.1 1205.2 2964.6 3479.7 4073 4482 4224.9 5116.2
 40.1 40.1 40.1 2177 2650.7 3635.1 3691.2 4980.9 5055.3 5221.9
 366.1 384.6 1041.3 2715.6 2740.3 3369.7 3425.8 4500 4899 5065.5
 281.6 300.7 1444.8 2376.7 2443.1 3366.5 3423.2 4867.2 4942.1 5104.4
 241.6 260.2 626.5 2324.9 2391.4 4217.9 4274.6 4433.7 4508.5 5418
 281.2 301.3 724.9 2144.6 3159.1 3310.1 3672 4512.8 4587.6 4749.6
 300.2 717.4 1147.4 2483.8 2641.3 3593.3 3994.6 4108.6 4180.2 4340.3
 425.5 1348.5 1361.1 2294.3 2322.7 3934 3991.1 4024.9 4323.4 4480.9
 131 200.4 1432.4 2796.1 2931.7 3699.7 4037.5 4372.6 4447.2 5979.6
 138.5 1430.4 1536.5 2275.3 2353.8 3596 4115.1 4275.1 4350 5222.4
 319.5 484.9 510.2 2285.2 2986.3 3186.4 3611.5 4101.5 4895 4839.7
 478.3 498.2 510 577.2 3141.7 3428.4 3485.7 3954.5 3891.7 4049.5
 306.2 349.5 1201 2058.5 2981.8 3490.6 3548.1 4006.3 4082.7 5370.6
 736.8 1305.6 1317.4 2631.8 2686.2 3282 3339.6 4148.9 4225.4 4242.3
 416 908.9 1002.9 2489.3 2518.2 3098.3 3571 4691.1 4762.3 4925.3
 40.1 47.4 806.6 2818.4 2945 3725.2 4193.3 4352.9 4429.4 4590.9
 665.8 686.3 1371.9 1896.5 2509.3 3483.5 3975.4 4135 4589.3 4750.5
 296.4 765.1 776 2892.2 2962.5 3804.8 3862.8 4124.7 4200.9 4216
 394.9 644.7 1036.1 2459.6 2488.7 3014.9 3881.2 4664.9 5230.6 5390.3
# name: collectedA
# type: matrix
# rows: 100
# columns: 10
 12 23 25 31 31 34 42 45 45 45
 13 13 29 43 43 43 43 43 43 47
 10 26 27 36 38 47 48 48 48 48
 26 31 39 42 45 45 46 46 46 49
 15 35 35 37 44 45 45 45 45 49
 13 26 34 34 34 47 47 47 47 49
 5 5 5 34 36 40 42 42 42 48
 6 6 10 16 20 45 45 49 49 49
 7 7 12 20 20 46 47 48 48 49
 4 4 4 7 23 43 49 49 49 49
 2 2 2 3 21 38 38 47 47 47
 4 4 4 6 10 43 43 48 49 49
 3 6 6 19 21 39 40 46 46 46
 6 10 10 12 20 36 36 46 46 46
 8 8 12 19 28 36 45 49 49 49
 3 5 5 9 9 46 47 47 47 47
 4 4 4 17 18 32 44 44 44 48
 4 5 5 10 10 31 38 41 41 48
 4 5 5 8 25 30 43 49 49 49
 3 3 3 6 20 39 39 42 42 48
 3 3 5 8 22 23 30 47 47 47
 3 4 4 9 18 27 27 48 48 49
 5 5 5 10 10 32 32 39 39 43
 8 8 16 16 30 35 46 47 47 49
 3 3 4 4 22 38 44 48 48 48
 5 5 5 12 22 31 43 45 47 47
 4 4 4 6 14 36 36 36 36 47
 4 6 6 9 9 37 46 46 46 49
 5 5 5 7 7 27 27 48 48 48
 5 5 5 10 10 21 21 47 47 44
 3 3 4 4 7 31 32 47 48 49
 5 5 5 8 18 38 38 48 48 48
 5 5 5 8 10 40 41 43 43 49
 2 2 2 3 5 33 33 39 39 39
 5 6 6 10 17 33 39 40 48 49
 7 7 7 8 8 33 41 41 47 47
 3 3 4 4 8 42 43 48 48 48
 6 6 6 11 12 38 39 42 43 44
 8 8 8 8 9 39 40 48 48 49
 6 12 12 14 14 26 39 42 42 44
 2 2 2 4 7 44 45 45 45 49
 6 6 6 6 19 38 38 43 48 48
 6 6 6 9 13 23 23 47 47 47
 2 2 2 2 2 37 41 48 48 48
 3 3 4 4 5 35 36 42 42 49
 3 3 3 3 7 30 45 45 49 47
 3 3 3 3 3 25 25 42 47 49
 4 4 4 8 8 22 44 48 48 48
 6 6 6 14 14 29 35 46 46 48
 7 7 7 7 7 35 35 38 46 46
 8 8 8 8 9 25 36 47 47 47
 6 6 6 13 13 34 39 39 46 46
 6 6 6 15 18 35 35 39 46 46
 3 3 3 3 3 32 39 47 47 47
 3 3 5 7 7 34 40 46 46 48
 5 5 5 10 27 37 37 45 45 48
 5 5 5 6 6 26 37 37 37 46
 4 4 4 4 10 15 46 46 46 49
 8 8 8 13 22 35 35 35 39 39
 3 6 6 11 19 31 40 43 45 45
 5 5 5 7 8 30 38 38 48 48
 4 5 5 5 7 25 25 45 47 47
 4 5 5 5 5 40 45 47 47 48
 6 6 6 10 12 39 45 45 45 45
 3 3 3 4 5 39 47 44 44 44
 3 3 3 3 3 20 34 44 48 48
 3 5 5 5 13 36 36 45 45 49
 5 5 6 8 8 37 43 43 48 47
 4 4 4 4 11 34 34 41 42 42
 6 6 6 8 15 34 42 47 47 44
 5 5 5 8 11 37 40 40 46 46
 2 2 2 5 5 27 39 39 39 39
 5 5 5 14 20 33 45 49 49 49
 4 7 7 9 9 33 33 41 41 41
 5 5 5 14 14 27 27 45 45 47
 8 13 13 14 14 29 48 48 48 48
 3 3 6 12 23 38 39 49 49 49
 9 9 14 15 16 36 39 46 46 46
 4 4 4 4 32 35 39 43 43 47
 3 3 3 3 3 34 34 43 43 43
 7 7 7 16 24 29 34 44 44 44
 3 7 7 24 26 34 42 47 48 48
 6 7 7 13 13 13 23 48 48 48
 4 4 4 12 27 27 31 48 49 49
 3 3 3 6 6 40 40 44 48 48
 4 4 4 6 9 31 31 46 49 49
 8 8 9 9 14 41 41 41 48 48
 4 9 13 16 30 48 48 46 46 46
 8 9 10 10 15 39 42 46 46 46
 2 2 2 12 12 35 35 41 42 49
 3 7 7 15 15 41 44 46 46 48
 3 3 3 3 5 40 40 44 44 44
 4 4 4 8 23 26 28 48 48 49
 5 5 5 6 6 38 44 49 49 49
 5 5 5 25 28 41 41 47 47 47
 3 3 3 11 13 31 31 31 31 46
 7 7 9 12 17 37 37 47 47 47
 6 6 9 9 27 35 46 47 47 47
 3 3 7 11 17 42 42 45 45 48
 6 6 11 14 14 26 31 41 41 46
# name: collectedB
# type: matrix
# rows: 100
# columns: 10
 41 58 65 175 211 275 289 295 295 295
 81 103 106 242 252 256 281 281 292 292
 96 159 201 278 278 284 284 297 297 297
 92 132 185 240 283 284 284 292 292 299
 129 133 238 280 290 280 290 294 294 299
 49 220 220 266 273 294 294 294 294 294
 106 244 248 272 285 285 290 290 290 298
 43 135 150 279 279 279 279 297 297 297
 94 124 124 256 281 284 286 294 294 299
 52 86 171 264 264 292 292 295 295 295
 88 88 187 212 212 290 291 299 298 298
 89 96 96 215 261 293 293 294 294 294
 2 2 2 248 253 295 296 297 297 297
 88 99 101 261 262 265 294 294 294 294
 76 218 218 254 255 284 284 296 288 299
 46 137 137 275 275 281 281 299 299 299
 36 36 36 191 273 277 294 294 294 299
 44 44 198 260 261 298 298 298 298 295
 27 28 30 184 268 297 298 298 298 298
 149 149 191 262 263 295 295 295 295 295
 89 116 116 228 282 293 293 299 299 299
 71 106 106 235 235 292 292 299 299 299
 41 87 169 190 269 289 289 291 291 296
 38 87 87 257 289 294 295 298 298 299
 36 56 59 234 244 280 298 298 298 298
 7 60 103 243 257 283 296 296 297 297
 41 41 41 245 246 298 298 298 297 297
 45 149 222 241 251 281 290 295 295 295
 67 68 69 223 251 260 268 269 269 294
 36 41 41 261 267 290 295 298 298 298
 35 85 86 248 258 279 289 294 294 295
 88 162 189 205 251 287 291 298 298 292
 3 35 35 195 257 291 291 298 298 298
 3 3 38 173 258 281 281 295 295 295
 97 135 135 202 206 284 291 293 293 293
 34 34 47 224 224 292 293 297 298 298
 36 136 141 245 258 289 289 298 298 293
 56 56 56 239 245 282 283 295 295 295
 37 37 104 169 233 290 290 294 294 298
 3 142 142 145 190 270 291 291 292 293
 37 43 50 175 272 288 288 299 299 299
 65 99 151 253 258 296 296 296 298 298
 2 2 2 226 269 290 290 299 299 291
 3 100 100 213 218 282 282 290 290 296
 19 25 44 106 182 283 283 295 298 298
 35 35 102 142 246 285 285 298 298 298
 3 3 3 247 275 280 280 295 295 295
 81 81 81 208 246 286 286 286 298 298
 47 62 140 265 267 289 290 298 298 298
 13 106 106 113 258 293 294 298 298 298
 38 38 90 215 248 289 292 292 292 292
 58 58 61 229 259 275 275 275 296 297
 44 46 60 69 224 294 295 295 295 295
 84 84 89 236 265 283 283 299 299 298
 34 54 75 173 270 288 291 293 293 293
 37 55 117 207 209 285 295 295 295 295
 5 5 5 5 119 287 287 294 294 294
 111 120 120 202 241 283 288 297 296 296
 11 11 11 40 273 288 288 298 298 299
 37 37 37 66 205 277 289 298 298 298
 74 90 95 215 252 295 296 298 298 299
 40 86 131 145 266 269 297 293 299 299
 6 6 6 88 252 282 282 284 298 299
 30 40 40 43 248 281 289 289 296 299
 12 37 69 218 218 277 291 296 299 299
 84 110 110 150 272 284 284 295 295 295
 10 42 42 241 254 288 288 298 298 298
 35 38 38 162 223 246 274 297 297 298
 24 37 37 154 250 285 285 292 295 295
 26 115 144 153 154 253 292 294 294 295
 40 40 156 194 194 283 283 297 298 298
 32 49 49 198 255 296 298 299 299 299
 36 136 146 216 234 263 289 298 298 298
 12 64 66 190 190 261 298 298 298 298
 42 109 127 238 244 295 295 298 298 299
 6 74 162 226 254 270 284 298 298 298
 7 37 37 163 263 297 297 297 297 298
 43 43 43 209 246 286 286 298 298 298
 3 3 136 234 241 278 293 295 295 295
 88 90 90 236 247 290 290 295 295 295
 33 78 166 204 227 271 280 290 299 299
 40 56 76 129 265 281 297 299 293 298
 2 2 2 207 237 272 272 296 296 296
 44 44 110 250 250 272 272 293 295 295
 32 32 151 228 230 275 275 298 298 298
 27 27 59 213 215 296 296 296 296 299
 34 34 79 210 277 279 286 295 295 295
 38 81 118 232 240 285 294 288 288 288
 50 150 150 230 230 295 295 295 298 298
 14 19 146 249 254 284 289 291 291 299
 14 161 169 224 226 286 295 295 295 298
 38 52 53 224 272 275 288 296 297 299
 58 58 58 60 284 291 291 295 295 295
 35 37 133 207 262 278 278 284 284 298
 88 150 150 256 257 282 282 292 292 292
 51 103 110 255 255 279 287 298 298 298
 3 3 86 261 266 293 299 299 299 299
 88 88 161 202 244 287 298 298 295 295
 34 83 83 253 255 287 287 288 288 288
 46 69 108 233 233 250 284 296 298 298
# name: avgRateA
# type: matrix
# rows: 100
# columns: 10
 0.0530035335689046 0.04714080754252921 0.04209462872537464 0.02652973898160034 0.01816583650747143 0.005650562563361087 0.003667866000628777 0.0008638977145106019 0.0004404997420629288 8.958509558829238e-05
 0.05478297513695744 0.03963414634146342 0.034454081026494 0.02636904396884773 0.01975467450728167 0.006813392277099079 0.003779920709570232 0.0008344232582869873 0.0004232229312026519 9.363542112431038e-05
 0.04464285714285714 0.04061865333541634 0.03621244635193133 0.02292701566679404 0.01679780744408099 0.006579499958003192 0.003870405908819688 0.0009132784985701483 0.0004677154536109095 9.549414839711083e-05
 0.06265060240963856 0.05096169653131679 0.04399819494584838 0.0282333960742135 0.02007584207004238 0.007045120080157811 0.003937749319454194 0.0008873405439397534 0.0004513817679053825 9.742844576575974e-05
 0.03953610964681076 0.03680336487907466 0.03396079953425189 0.02279728897104128 0.01732488089144387 0.0066002728112762 0.003786348949919225 0.0008646579701289494 0.0004406899834104704 9.736825528605303e-05
 0.04029758214507129 0.03440974060349391 0.03066101542068717 0.02098635886673662 0.0155991925123876 0.007152205009586999 0.004038841625848586 0.0009088201966918945 0.0004617671534216455 9.746544104206072e-05
 0.06476683937823834 0.03990422984836393 0.0275027502750275 0.03020342897752509 0.02094240837696335 0.006646947389411412 0.003730978671238596 0.0008168123315324566 0.0004138452928053981 9.543263390490855e-05
 0.06984866123399301 0.04428044280442804 0.04058441558441558 0.0199203187250996 0.01391691601141187 0.007013387778002898 0.003920816923988429 0.0009398802707622428 0.0004794398576944226 9.752202505082092e-05
 0.08333333333333333 0.05227781926811053 0.04700352526439483 0.02416334420683822 0.01464343242055938 0.007191545244199863 0.004061773525878683 0.0009247111722447942 0.0004706966801174781 9.747309941380872e-05
 0.0617283950617284 0.03626473254759746 0.02440512507626601 0.01087632069608452 0.01527123032999137 0.006748061893851417 0.004174404934317016 0.0009442834237789838 0.0004805829765740318 9.757441941229135e-05
 0.03992015968063872 0.02219755826859046 0.01427551748750892 0.005247507433968865 0.01436683313949511 0.006166128482645594 0.003385994457661703 0.0008989881601346569 0.0004592126359684648 9.352187874709336e-05
 0.06024096385542168 0.035650623885918 0.02405291641611545 0.009578544061302683 0.007966857871255577 0.006867364050147728 0.003797915562621445 0.0009222291816368799 0.0004783792121777774 9.749536399595693e-05
 0.05988023952095808 0.04322766570605187 0.03088008234688626 0.02249585602652143 0.01475133464456308 0.00646144670134862 0.003576569890646376 0.0008865931693778429 0.0004511913904835889 9.160434252377134e-05
 0.0730816077953715 0.05646527385657821 0.04266211604095563 0.017120844628335 0.01444460494005489 0.006021174463530081 0.003260987716946266 0.0008893632159373888 0.0004518353354877366 9.163085593378515e-05
 0.07722007722007722 0.05298013245033113 0.04645760743321719 0.02325866079079447 0.01786853860880664 0.005975401264793268 0.003884936805027971 0.0009375711549537242 0.000478762019125077 9.751047789885218e-05
 0.05988023952095808 0.03965107057890564 0.02753303964757709 0.01341681574239714 0.007486897928624907 0.007228726329849926 0.004073355057893642 0.0009092403973573992 0.000461798005622145 9.342829358588923e-05
 0.06042296072507553 0.03593890386343217 0.02409638554216868 0.02121023081721772 0.01320035200938692 0.005390109149710281 0.003753849828943889 0.0008481976763239113 0.0004315438973317837 9.548527706545098e-05
 0.06097560975609757 0.04042037186742118 0.02787068004459309 0.01444043321299639 0.008155276463872124 0.005299507658643326 0.003384968956271546 0.0007928419904588235 0.0004027603821311918 9.534191198670297e-05
 0.06349206349206349 0.04065040650406504 0.0281214848143982 0.01214697843911327 0.0162898286310028 0.005147563486616335 0.003787678593449958 0.0009445036633249227 0.0004805744924790092 9.757879138908986e-05
 0.05617977528089887 0.03048780487804878 0.01981505944517833 0.009711880867594691 0.01396160558464223 0.006355000081474361 0.003483604726983645 0.0008145075429216385 0.0004132166357082139 9.540012402016122e-05
 0.05988023952095808 0.03042596348884382 0.02808988764044944 0.01235712079085573 0.01504067819785328 0.004095295751575799 0.002722001941694719 0.0009045611050272427 0.0004606230956420155 9.358286374315128e-05
 0.05988023952095808 0.03593890386343217 0.02425712553062462 0.01348718717218642 0.0130994832981588 0.004648360161831799 0.002484677820109326 0.0009217580999493032 0.0004698962899730006 9.745243426236661e-05
 0.07132667617689016 0.0427715996578272 0.02925687536571094 0.01500375093773443 0.008380122349786308 0.005443750744262797 0.002926008558575034 0.0007569258717262956 0.0003838582677165354 8.553202010519643e-05
 0.07722007722007722 0.05215123859191655 0.05060088551549653 0.02135896409024162 0.01893580761219466 0.005988433767922526 0.0040362561092246 0.000909717329534457 0.0004617671534216455 9.746544104206072e-05
 0.05988023952095808 0.03329633740288569 0.02447980416156671 0.006890611541774332 0.01511819681143485 0.006250822476641663 0.003852687249356426 0.0009250551178674396 0.0004684905916352957 9.54996201900522e-05
 0.07246376811594203 0.04317789291882556 0.02930832356389215 0.01717721156598912 0.01543318133988074 0.005325088035729623 0.003782647325316467 0.0008701722360912636 0.0004599766488450182 9.356250174185509e-05
 0.06589785831960461 0.03762935089369709 0.02493765586034912 0.009886307464162136 0.0111633841001515 0.005990016638935108 0.0032531198322836 0.0007027996806165896 0.0003554074252509078 9.349536810021589e-05
 0.0684931506849315 0.04743083003952569 0.03287671232876712 0.01393404551788203 0.007704160246533128 0.006070948052374232 0.003930918382170722 0.0008870000501347855 0.0004512954140537316 9.749142622594971e-05
 0.07062146892655367 0.0425531914893617 0.02891844997108155 0.0112739571589628 0.00613443168872141 0.004719289659511991 0.002505265697345346 0.0009285679740774774 0.0004716944049182003 9.562747361379012e-05
 0.07331378299120234 0.04378283712784588 0.02953337271116361 0.01517911353976928 0.008468117537471419 0.003819362348362221 0.001989823474231786 0.0009107450475815844 0.0004622421893363677 8.759025279741369e-05
 0.05988023952095808 0.03181336161187699 0.02486016159105034 0.006971070059254096 0.006114071097912481 0.005427265883506364 0.002951975055810778 0.0009066655349423109 0.0004700315704538155 9.758600114872665e-05
 0.07194244604316546 0.04332755632582322 0.02927400468384075 0.01263423878711308 0.01348617666891436 0.006388272476632372 0.003453289712831698 0.000928778192288045 0.0004717319540415144 9.562025372435908e-05
 0.07309941520467836 0.04378283712784588 0.0294811320754717 0.01266423935412379 0.008375910880308233 0.006548681259311405 0.003649829971335482 0.0008339620372722847 0.0004230909251916208 9.727587836147716e-05
 0.03992015968063872 0.02219755826859046 0.01427551748750892 0.00529287226534933 0.004453946196329949 0.005635534607305702 0.003024387561518793 0.0007570301899757556 0.0003839002095701401 7.771735751419238e-05
 0.06963788300835655 0.04647560030983734 0.03232758620689655 0.01510574018126888 0.01303481061186934 0.005611195184574314 0.003489807971079335 0.00077666434314584 0.00046883012233536 9.74229250457838e-05
 0.09358288770053476 0.05770816158285243 0.03963759909399774 0.01313628899835796 0.00709849157054126 0.005725687516266158 0.003689107236048876 0.0007997004049214734 0.0004601707527218611 9.355643025288502e-05
 0.05988023952095808 0.03131524008350731 0.02464571780653111 0.006954102920723226 0.006860475087899838 0.006816521950823663 0.003816218039173922 0.0009260777712394973 0.000471023701323871 9.560048557079963e-05
 0.07874015748031496 0.04901960784313725 0.03378378378378379 0.01662887377173091 0.009995835068721367 0.006391388445042469 0.003527304958124559 0.0008167885042852226 0.0004228558504073675 8.760160541887603e-05
 0.08196721311475411 0.05498281786941581 0.0396039603960396 0.01291572489505974 0.007791533200588694 0.006432565274043775 0.003580635920939559 0.000923592003232572 0.0004703853239778919 9.751445602058233e-05
 0.0783289817232376 0.06528835690968443 0.04968944099378882 0.02024584237165582 0.01154068090017311 0.004634581105169341 0.003480216308829041 0.0008128460643735375 0.0004128044063921779 8.760702990665073e-05
 0.03992015968063872 0.02219755826859046 0.01427551748750892 0.006944444444444444 0.00611193573736139 0.007261205360089775 0.004030416207647043 0.0008768835946771217 0.0004438268128599313 9.749798288611937e-05
 0.08010680907877168 0.04958677685950413 0.03407155025553663 0.01015228426395939 0.0142631934539449 0.006493173624045247 0.003484001100210874 0.0008353115323498672 0.0004691114540402712 9.552324349173276e-05
 0.08759124087591241 0.05272407732864675 0.035650623885918 0.01439539347408829 0.01067235859124867 0.004125412541254126 0.002163809810525523 0.0009070294784580499 0.0004612822271883671 9.361363779409621e-05
 0.03992015968063872 0.02219755826859046 0.01427551748750892 0.003703017959637104 0.001910584638899503 0.006139244706975509 0.003643731892429925 0.0009225659634663878 0.0004701231820679348 9.556485498929176e-05
 0.05988023952095808 0.03198294243070363 0.0251414204902577 0.007005253940455342 0.004533502584096473 0.006044591817349705 0.003299967000329996 0.0008154152307916323 0.000413470067228264 9.746220356075177e-05
 0.05905511811023623 0.03167898627243928 0.02029769959404601 0.005380200860832137 0.006150061500615006 0.005298200377938294 0.00393222590200893 0.0008721454195891613 0.0004788925658281812 9.359059729120933e-05
 0.05988023952095808 0.03257328990228013 0.02068965517241379 0.005411255411255412 0.002820609251598345 0.004462532576487809 0.002346096096096096 0.0008133860097606321 0.0004617771345648045 9.757898570826313e-05
 0.07155635062611806 0.0398406374501992 0.02599090318388564 0.01276527844263603 0.006993618323280006 0.00399390022511074 0.003910693970420933 0.0009279414778241319 0.0004710722389278396 9.560716926293245e-05
 0.07822685788787484 0.0487408610885459 0.03370786516853932 0.01991181908690087 0.01143697410342292 0.005070816576324532 0.003168825995237707 0.0008857992894349178 0.0004509737601898012 9.548504913004168e-05
 0.08139534883720931 0.05255255255255255 0.03709591944886063 0.01155115511551155 0.006245538900785154 0.006004048444093732 0.003215877245371434 0.0007418383143871733 0.0004516130932453408 9.162711429566238e-05
 0.09029345372460497 0.05878030859662013 0.04168837936425222 0.01311905542800918 0.007870572802798426 0.004420006718410211 0.003239012101309101 0.0009028270010584206 0.0004601991389380366 9.356812695323465e-05
 0.0776196636481242 0.04838709677419355 0.0334448160535117 0.01870772773060872 0.01070840197693575 0.005833905284831846 0.003513418556255237 0.0007609013754755633 0.0004511166116827434 9.160629446763699e-05
 0.0768245838668374 0.04796163069544365 0.03322259136212625 0.02066969822240595 0.01389854065323141 0.006051280278013106 0.00322928872609173 0.0007619896134954221 0.0004513631658219961 9.161684005153647e-05
 0.05988023952095808 0.03250270855904659 0.02061855670103093 0.005399568034557235 0.002818489289740699 0.005549774540409296 0.003505775540473729 0.0009086374691159924 0.000461705461386197 9.363042199828836e-05
 0.05988023952095808 0.03329633740288569 0.02903600464576074 0.01129032258064516 0.006164685160722149 0.005826107817265841 0.003595182455509617 0.0008897296189055939 0.0004520058249794141 9.551932763945275e-05
 0.07552870090634441 0.04452359750667854 0.0299043062200957 0.01543924656476764 0.01853504496464612 0.006439262095370693 0.003425735607281077 0.0008723094100862229 0.0004426606858289559 9.55263611959184e-05
 0.07541478129713425 0.04444444444444445 0.02985074626865672 0.01001335113484646 0.005389382915656158 0.004615329996094721 0.003350599485637701 0.0007226816567769962 0.0003653631759342188 9.163673366042335e-05
 0.07984031936127745 0.03857280617164899 0.02531645569620253 0.007002801120448179 0.008460236886632826 0.002783086257120062 0.004045307443365695 0.0008927410449339857 0.0004527670464332291 9.742637300104445e-05
 0.08592910848549946 0.05645730416372619 0.04024144869215292 0.01904482859654263 0.01618361041636016 0.006011886358171012 0.003217917363882095 0.0006858414883152206 0.0003838042480241462 7.772222078292184e-05
 0.05988023952095808 0.04750593824228028 0.03285870755750274 0.01650660264105642 0.01436238566785093 0.005367965367965368 0.003576441976699481 0.0008326765516346603 0.0004412621273541335 8.961413943840611e-05
 0.07621951219512196 0.04472271914132379 0.02995805871779509 0.01138396487233697 0.006957731779439903 0.005126277297426609 0.003360007073699103 0.0007383486637832209 0.0004686868371254655 9.550598573817074e-05
 0.06980802792321117 0.04405286343612335 0.02963841138114997 0.008554319931565441 0.006166857545590697 0.004375295332434939 0.002321542990333095 0.0008649139026260708 0.0004581816622050822 9.348804079102022e-05
 0.07984031936127745 0.04770992366412214 0.03136762860727729 0.008721437292865866 0.004608719697667987 0.006673785371062466 0.003979553936221016 0.000908807895413614 0.0004617422024513599 9.556552091570881e-05
 0.08032128514056225 0.04918032786885246 0.03374578177727783 0.01533742331288344 0.009936242444315641 0.006563557111361686 0.00398177233110649 0.0008744707023165702 0.0004432100224559745 8.969425023978263e-05
 0.05988023952095808 0.03329633740288569 0.02141327623126339 0.006961364427427776 0.004515895953757225 0.006299466968179616 0.004037939448090999 0.0008503023404571921 0.0004321308963769753 8.765221354708786e-05
 0.05988023952095808 0.03215434083601286 0.02044989775051125 0.005373455131649651 0.002808725774740193 0.003629500580720093 0.003077981568322138 0.0008498260753679843 0.0004686726507051083 9.549587726392374e-05
 0.05988023952095808 0.04340277777777778 0.02934272300469484 0.008516436722875149 0.01053826199740597 0.006233658291631313 0.00332406902983352 0.0008728034446642616 0.0004427813358811299 9.748048748997095e-05
 0.0764525993883792 0.04484304932735426 0.0335195530726257 0.01276120593396076 0.006991784653032686 0.006350296061100146 0.003837504015992575 0.0008371654745170723 0.0004707031422376639 9.359270327389267e-05
 0.06825938566552901 0.03842459173871278 0.02522068095838588 0.006974716652136007 0.009129388330981824 0.005750625803396252 0.003100011852986497 0.0007910430771189825 0.0004113537554149336 8.360764603866973e-05
 0.08196721311475409 0.04991680532445923 0.0340522133938706 0.01282873636946761 0.01175180194296459 0.005844233975626107 0.003737053777983415 0.0009079353550027237 0.0004615250161288264 8.760444839460867e-05
 0.07331378299120234 0.04347826086956522 0.02935995302407516 0.01268431901062312 0.009135453865957977 0.00622979525862069 0.003585868093842168 0.0007795204390259112 0.0004509905615518781 9.160322977057175e-05
 0.03992015968063872 0.02219755826859046 0.01427551748750892 0.008399126490844953 0.004504098729844159 0.004569997122594404 0.003417125934233468 0.0007562228414200702 0.0003836917243598005 7.771830224169476e-05
 0.0745156482861401 0.04389815627743635 0.02956830277942046 0.01952580195258019 0.01487431206306708 0.005696726971412788 0.003946745250749882 0.0009436433105318296 0.0004800768122899664 9.756561835396449e-05
 0.07984031936127745 0.05147058823529412 0.03634475597092419 0.0139426800929512 0.007731294562322825 0.005658533239596015 0.003030971012895404 0.0007919598688823514 0.0004025756989597837 8.167125685689961e-05
 0.07462686567164178 0.04385964912280702 0.02955082742316785 0.01932900731740991 0.01123415182153747 0.004679213892066133 0.002493995935710327 0.0008618015098762453 0.0004399244112100561 9.345805542818305e-05
 0.08859357696567 0.0663265306122449 0.0509204857030944 0.01992315355059058 0.01143790849673203 0.005060375514762337 0.004163377887259196 0.0009286362396423204 0.0004716846709360681 9.563056002052869e-05
 0.05988023952095808 0.03329633740288569 0.0322234156820623 0.01713062098501071 0.01602229188436085 0.00640043118694312 0.003524722766997749 0.0009438287085726613 0.0004804369034370848 9.757900514022301e-05
 0.08737864077669903 0.05840363400389358 0.05179430262671106 0.02092633928571429 0.0126883425852498 0.006212466349140609 0.003552106672495765 0.0008888030142015264 0.000451736829907335 9.163426930435247e-05
 0.06688963210702341 0.03755868544600939 0.02479851208927464 0.006921612735767434 0.01991783891447778 0.006006727534839019 0.003521571885214816 0.0008323944698034389 0.0004226771189148011 9.345051099534736e-05
 0.05988023952095808 0.03171247357293869 0.0202020202020202 0.005339028296849973 0.002796681271557751 0.00587838655578416 0.003136502430789384 0.0008329378492769906 0.0004228171817169917 8.568073643987773e-05
 0.08215962441314553 0.05189028910303928 0.0364963503649635 0.02124833997343957 0.01668404588112617 0.005067183868882249 0.00308577548260621 0.0008464207942504944 0.0004311269757128537 8.761057101185231e-05
 0.05988023952095808 0.04985754985754986 0.03540718259989884 0.02708192281651997 0.01785223839604504 0.005868139454608215 0.003763845574792989 0.0009037036467326307 0.0004691806932144742 9.552799617091949e-05
 0.07556675062972291 0.05003573981415296 0.03547896604156107 0.01831243837160164 0.01054681161771865 0.002440168934772407 0.002134273650999861 0.0009260420384500372 0.0004710121462257208 9.560366544453315e-05
 0.06756756756756756 0.03773584905660377 0.02484472049689441 0.01698273422020945 0.01831874618359454 0.004842441307817852 0.002858301984214797 0.0009276814341954972 0.0004802052534454727 9.756985354366739e-05
 0.05988023952095808 0.03144654088050314 0.02005347593582888 0.009702457956015525 0.005276580775657375 0.006443091395251442 0.003550821127385708 0.0008495668174647768 0.0004685980717189349 9.550423750312129e-05
 0.06568144499178982 0.03696857670979667 0.02450980392156863 0.009754511461550966 0.007542110114807677 0.005362115787106706 0.00286027993836558 0.0008781173164734808 0.0004765229771599619 9.741740495142847e-05
 0.08639308855291578 0.05547850208044383 0.04186046511627907 0.01402961808261886 0.01117140121289499 0.006720319952793851 0.003674559500976895 0.0007989539549195103 0.0004705522518866204 9.558519847270783e-05
 0.06932409012131716 0.05667506297229219 0.04900113079532604 0.02128508713582546 0.01912289648138705 0.00748829953198128 0.004185924827766634 0.0008906805767737613 0.000452218673288721 9.165524795035952e-05
 0.08307372793354102 0.05617977528089888 0.04334633723450369 0.01515610791148833 0.01170868784638202 0.006556605359604587 0.003755431964090917 0.0008905409068029581 0.0004521835550671099 9.16449308797993e-05
 0.03992015968063872 0.02219755826859046 0.01427551748750892 0.01721911321566939 0.00982318271119843 0.005795181720341088 0.003154090855840024 0.0007930336826549994 0.0004116420204174443 9.741903186159023e-05
 0.05988023952095808 0.04978662873399715 0.03549695740365112 0.01979152922549149 0.0116786047960137 0.0065679866717929 0.00383786754123527 0.0008856492097506127 0.0004509176173513099 9.549460435590679e-05
 0.05988023952095808 0.0306435137895812 0.01977587343441002 0.005285412262156448 0.004438132433871827 0.006465586913652086 0.003557516142229496 0.0008499524799295312 0.0004320396690968898 8.764825004292773e-05
 0.0667779632721202 0.03741814780168382 0.02475247524752475 0.01236476043276661 0.01610757055816233 0.004624359704040979 0.002592928712981312 0.0009221370526194455 0.0004699915303609633 9.747606614447346e-05
 0.07385524372230429 0.04317789291882556 0.02920560747663552 0.009831230542356219 0.005313496280552604 0.006422281938177087 0.003894115460523404 0.00094236749639881 0.0004800467114840889 9.756348147120156e-05
 0.07246376811594203 0.04258943781942078 0.02891844997108155 0.02731643356643356 0.01850383293682263 0.006786169455616797 0.003693926644022596 0.0009095923284595958 0.000461924633556171 9.364193198049299e-05
 0.05988023952095808 0.03061224489795918 0.01976284584980237 0.0157615704255624 0.0102620776760341 0.005379609544468546 0.002865038215912977 0.0006081054572560713 0.0003067651613733184 9.163308280981296e-05
 0.08484848484848485 0.05291005291005291 0.04195804195804196 0.01716983831735585 0.01286514303011957 0.006231473996227432 0.003365074168053623 0.000903844415683816 0.0004604804868944314 9.358331094966553e-05
 0.07702182284980744 0.04709576138147566 0.04041311180960934 0.01379310344827586 0.01810136765888978 0.005963842077461789 0.003995691602098607 0.0009069717179202173 0.0004612482752258645 9.361451415361823e-05
 0.05988023952095808 0.03073770491803279 0.0345679012345679 0.01585928489042676 0.012597258243794 0.006817517774242768 0.003743816018184249 0.0008694442512346108 0.0004417177914110429 9.539873990189432e-05
 0.07853403141361257 0.0477326968973747 0.04585243851604835 0.01936376210235131 0.01120806981026339 0.004610828353047581 0.002815622161671208 0.0007871460962353298 0.0004013198529015915 9.145552865570115e-05
# name: avgRateB
# type: matrix
# rows: 100
# columns: 10
 0.1232711966325917 0.1028368794326241 0.09102366615319983 0.07528176890647853 0.06337097549255166 0.03223348766336517 0.02079465814733267 0.005422973554272017 0.002823904205511304 0.0005845933301269876
 0.1056200286869214 0.09782505461107417 0.09099493518756974 0.07808466701084152 0.06498697681615391 0.03152321142716414 0.02036172864554651 0.005208014782607084 0.002779522912026196 0.0005779728986132609
 0.1324868893182445 0.1250688271847715 0.1201075590080669 0.09144436038288214 0.07751289558064965 0.03558317567313595 0.02176812349577668 0.005514521573476822 0.00285778891812964 0.0005891841267844889
 0.1191401191401191 0.1066666666666667 0.09702118732955738 0.07955713196539266 0.06221284266525974 0.0323827550427019 0.02052690542445159 0.005388269073918932 0.002800679836256143 0.0005909808028088785
 0.09915449654112221 0.09380730709550007 0.08706467661691543 0.07175255618481408 0.06107320360542499 0.03334762517269306 0.02110426233325813 0.005436400585060253 0.00282297633884934 0.0005915750220010509
 0.09805883530118072 0.09243697478991597 0.0898876404494382 0.07203986567002492 0.0615780213831371 0.03138946424377015 0.02037365561592194 0.005385917474554288 0.002809216906899303 0.0005826588825553912
 0.1106010016694491 0.09791332263242375 0.09473241911455747 0.07807342346221188 0.06479039738110394 0.03340992216074275 0.02067529800946786 0.005352271762521547 0.00278173989197257 0.0005904037985550165
 0.1113124514625938 0.1081990863188266 0.1012282359292752 0.07798088210632231 0.0677776698085706 0.03385922330097087 0.02097381655803884 0.005413593039978564 0.002830453005902972 0.0005882237603184251
 0.1198826680270374 0.1105169340463458 0.1046501814499114 0.07919566898685228 0.0651443143618871 0.03327826015631408 0.02079062531803841 0.005409493108416178 0.002815630773120495 0.0005914261797270974
 0.1148917366327883 0.1047630649287368 0.09929160376262919 0.07886953664147223 0.06797641424414863 0.03304400964160829 0.0210109731966181 0.005416491472239104 0.002822113121773703 0.0005843951826819341
 0.1230425055928412 0.113871635610766 0.1026908292147172 0.08108935128518971 0.06731868411025023 0.03376293760841978 0.02119616283897472 0.005456672378835411 0.002850959855041128 0.0005904654492510798
 0.1147202887342098 0.1055292953721007 0.09891808346213292 0.08140855736463461 0.06757106612126547 0.03323653523299605 0.02111574744701245 0.005427378354729019 0.0028244109806182 0.0005830438936861106
 0.03992015968063872 0.02219755826859046 0.01424501424501425 0.08126085389429535 0.0683358993058369 0.03353225348110259 0.02125017050390185 0.005480513728963685 0.002848644879488894 0.0005887200057563734
 0.1073825503355705 0.09886159376872379 0.0929077361788244 0.07966060310096447 0.0683163411645068 0.03278161260793191 0.02071005917159763 0.005409483155163848 0.002815625380085484 0.0005825914539778512
 0.1048999309868875 0.1030294437355262 0.1002114553645307 0.08327049798380487 0.07074490220557636 0.03318493590867132 0.02085505735140772 0.005437887748034736 0.002762947719848613 0.0005908620321345948
 0.1102588686481304 0.1051177779482851 0.1004988262910798 0.07828735730349874 0.06796500420147299 0.03363658127842949 0.02094857534777617 0.005473904669844826 0.002855639314608362 0.0005921910792652712
 0.1131719585036152 0.09724473257698542 0.08372093023255814 0.07277853985672915 0.06369575361642557 0.03234809823545211 0.02081636987998725 0.005416838629797771 0.0028172334192877 0.0005914489926674172
 0.123249299719888 0.1073170731707317 0.1060127429458693 0.08449788755281118 0.07175652269540593 0.0344230102806977 0.02172423345531952 0.005531866708000973 0.002866702195816923 0.0005848907453827832
 0.1026225769669327 0.08528784648187633 0.07208073041806824 0.07448488037890134 0.06411790037800852 0.03283182808060933 0.02099937283752264 0.005483616316150722 0.002853687241623997 0.0005907808060470578
 0.1122326001807774 0.1074648395239813 0.1026550575083306 0.08176002496489312 0.06980941763550459 0.0321371767217901 0.02071483744119093 0.005423282611852906 0.002823952863918977 0.0005845498906396323
 0.1113474290003753 0.1046836928075084 0.09911988379048108 0.07908154417120461 0.06468038257758206 0.03327428000363405 0.02112869030964709 0.005456423433057531 0.002851252357766373 0.0005920037127938536
 0.1107298814722395 0.1025541795665635 0.09671532846715329 0.07574292528846774 0.06451081585593499 0.03159557661927331 0.02041444111971811 0.005407917987748081 0.002837951094224722 0.0005914281684775115
 0.110126242277733 0.1020767335445266 0.099091175608326 0.07823759522338893 0.06416066402709535 0.03277610179871618 0.02082432627179709 0.005359727998408658 0.00278804532154498 0.0005855446049482871
 0.1128601128601129 0.1035344519814352 0.09677419354838709 0.08089392508655965 0.06584793456219099 0.03399708596406022 0.02137417854322294 0.005495498485971726 0.002857000418004088 0.0005922572369278528
 0.1028277634961439 0.09198423127463864 0.0835102618542109 0.07341637122329243 0.06269270298047276 0.03180553189072528 0.02049391715781004 0.005448624770764654 0.002844312091667025 0.0005903565456376316
 0.07518796992481204 0.09316770186335403 0.08807935693518043 0.07520425847982175 0.06421307748044874 0.03266163469750478 0.02075023308961156 0.005439626576986337 0.002836131745481526 0.0005882237603184251
 0.1238670694864048 0.105915784035133 0.09192825112107623 0.08166666666666667 0.06920609913914365 0.0334253090158602 0.0213263867518768 0.005505956780086913 0.002857445232299714 0.0005891484800961045
 0.1216873985938345 0.110093098862125 0.1038110825344868 0.08556415536462401 0.07112899569258671 0.0330611572581594 0.02088614888223093 0.005414493221788655 0.002821235969132809 0.0005844614098952684
 0.1125293920053745 0.1023633900346229 0.0935720097640358 0.08016680447208542 0.06558662137444474 0.03161209527399175 0.01959995611950123 0.004999330944557606 0.002589700884734243 0.0005817362134948159
 0.1160541586073501 0.09633458646616541 0.08453608247422681 0.07388744196580228 0.06402570620114144 0.03262826282628263 0.02067723191443131 0.005434287068949797 0.002840473119878451 0.0005899728374921799
 0.1145662847790507 0.1007109004739336 0.09380453752181502 0.077850326469111 0.06588691965881811 0.03270540518363088 0.0207048237224264 0.005380427323054399 0.002807548294127927 0.0005838412917498476
 0.1252669039145907 0.1156729739378793 0.1084275141988412 0.08571667502926911 0.07037712042618814 0.03369572874351328 0.02113612097705532 0.005453131433276911 0.002845613076833463 0.0005779748434470024
 0.05988023952095808 0.09157509157509158 0.07902461052156243 0.07841087297438577 0.06644775965043825 0.03332760694038825 0.02110423752783076 0.005430711951757783 0.002839525818245573 0.0005899666470869011
 0.05988023952095808 0.03329633740288569 0.0794812800669316 0.07284823985177699 0.06341091749207364 0.03214771934240181 0.02036600833484327 0.005424479295957752 0.002824363824016283 0.0005846149943639151
 0.1216758655293527 0.1113034875092753 0.105998743718593 0.08157002099822322 0.06692222727568059 0.03361742424242424 0.02101219573835123 0.005398195197264423 0.002807968497085176 0.0005807341351560589
 0.1181786583246437 0.09935710111046173 0.08547008547008547 0.07562202491475642 0.06417234859336504 0.03247294847699647 0.02076482594398458 0.005422597442432829 0.002836199036453723 0.0005898004890989828
 0.1166180758017493 0.1130225213994848 0.1067130855975176 0.08386677164276178 0.07060755336617405 0.03446959757639369 0.02150281619928423 0.005509061296625977 0.002860961129330804 0.0005811740469489453
 0.1240584847142224 0.1106500691562932 0.09862627685804862 0.08320278503046127 0.06970128022759602 0.03379917060191289 0.0210254162363762 0.005414662170967499 0.002821516598647394 0.0005846088540695415
 0.1098574821852732 0.09460496036819227 0.1014733144697044 0.07641180991997107 0.06545863183031325 0.03412607820755716 0.02139652933537953 0.005409194526778273 0.002815447421519403 0.0005898717048836231
 0.05893909626719057 0.1128775834658188 0.1075839078718085 0.08107352530053118 0.06547208821502412 0.03247065614777756 0.02064576548964519 0.005373673432078429 0.002797996174794271 0.0005804842387632713
 0.1155888784754764 0.09896432681242807 0.08623663332183512 0.07806575366909042 0.06627841809010941 0.03334182314941305 0.0210323372184734 0.005447446714315125 0.002848709696474269 0.0005919080820198517
 0.1220428088621855 0.1105898123324397 0.1040589897319275 0.08467768926969677 0.0717084966230301 0.0348776924164585 0.02185760068526532 0.00551257649631067 0.002831838224114338 0.0005896323246729272
 0.03992015968063872 0.02219755826859046 0.01427551748750892 0.08578477889542607 0.07113391157182146 0.03464879266879338 0.02160148975791434 0.00552148485469631 0.002871694789746801 0.0005768402790717589
 0.05988023952095808 0.1074344649763644 0.1007861318282604 0.07621842124096471 0.06408183662071196 0.03240410911681566 0.02049791023078321 0.005343602878175068 0.002779263246064468 0.0005858811741929634
 0.1056142301278488 0.08549931600547196 0.08178438661710037 0.06790083915188008 0.0625644551392231 0.03292228943694742 0.02073184132449361 0.005403831041437309 0.002832546145313419 0.0005896483084216817
 0.1079247610237434 0.09269067796610168 0.09634457353357892 0.07352560451509346 0.06734559789750329 0.03326447004446934 0.02092173070429152 0.005475847470084967 0.002851843841452794 0.0005904814782010288
 0.05988023952095808 0.03118503118503118 0.02006688963210702 0.08668187401298473 0.07312468423431809 0.03518206719774834 0.02151694459386767 0.005494464559772324 0.002843014520576197 0.0005845198922026433
 0.1241759926414227 0.1147796514099476 0.1057303224122177 0.08597883597883599 0.07200983548972544 0.03455901011394806 0.02145520288670003 0.00534734362291879 0.002857570259789576 0.0005907326730475046
 0.1211340206185567 0.1059104885548343 0.1007629192457176 0.08272977022977024 0.07091256772548603 0.03422467492480046 0.02138217316610999 0.005488110322067361 0.002855182827512465 0.0005906309286065946
 0.09818731117824774 0.09992458521870287 0.09456686591132125 0.06910469667318982 0.06672701409543515 0.03401715950913123 0.02140361094933023 0.005507829249900193 0.002860513490968744 0.0005909781044595446
 0.1188986232790989 0.1020408163265306 0.1005361930294906 0.08070267632596374 0.0688716709711461 0.03415147182208147 0.021370336216865 0.00542576457756149 0.00281067865376193 0.0005794126739775846
 0.1146925054380067 0.1037010548900411 0.09325791163430668 0.08295598623437783 0.06938119474953121 0.0336753936959663 0.02080071403178349 0.005152331008226868 0.002822822135503091 0.0005876290434368662
 0.1169279829922934 0.1022222222222222 0.09082652134423251 0.05799293998991428 0.06580686859190928 0.03280224929709466 0.02097032166340856 0.005440786719316268 0.002828607481331191 0.0005848973554708722
 0.1251489868891537 0.1158460901944559 0.1056379821958457 0.08215553853651744 0.07036456812086775 0.03408406600024088 0.02118723375583023 0.005507206336050099 0.002864978086271293 0.0005896361746937651
 0.1144781144781145 0.1000741289844329 0.09496074955684984 0.07571447328110639 0.06786818490309932 0.03384770881568277 0.0212318872302237 0.005425493895856441 0.002815266624005289 0.0005811740469489453
 0.1170886075949367 0.1015509601181684 0.0948212983223924 0.08067973652414547 0.06695927978726812 0.03333138412958307 0.02117336319136414 0.005454478219066637 0.002832314500202102 0.0005849301761908832
 0.07473841554559042 0.0445632798573975 0.03004807692307692 0.008623663332183512 0.05327006580419894 0.03328230819185453 0.02098413394750311 0.005412799614107892 0.002816450754741744 0.0005826802458910637
 0.1369018253576715 0.1260239445494644 0.1185536455245999 0.09051801398100018 0.07287571817357122 0.0347751290243303 0.02143335565974548 0.00548178828115483 0.002817662938974751 0.0005858860447684235
 0.09212730318257956 0.06524317912218268 0.04878048780487805 0.04387889425186485 0.06652533079903503 0.03336383962187648 0.02104309450395288 0.005488130536473968 0.002855076143347816 0.0005922300213480106
 0.118627765309394 0.1012311901504788 0.08699741359040677 0.05574324324324324 0.06341252165305616 0.03269362415315252 0.02074435631482612 0.005485988637744339 0.002854805365501306 0.0005906338551722183
 0.1270822600034347 0.1154142087714799 0.1062520970808634 0.08358278583368969 0.06916046875428823 0.03394120692630731 0.02143436450005793 0.005501585859816639 0.00285886146321902 0.0005908398482154166
 0.121765601217656 0.1107106076210093 0.1015189088654681 0.07701295942213725 0.06874273161907223 0.0334693674413975 0.0216576487231467 0.00543063247407012 0.002852756726638165 0.000592112389664609
 0.07822685788787484 0.0486223662884927 0.0335946248600224 0.06297860158877835 0.06757119107631254 0.03345433838707382 0.02091445099566136 0.005290315369856379 0.002852728376223179 0.0005923150783410978
 0.1177394034536892 0.09844942160964804 0.08565310492505353 0.04586177474402731 0.063993394230273 0.03216611911766389 0.0204883166969147 0.005326187518660087 0.002816955023887017 0.0005908539756765772
 0.09397024275646045 0.0929881879869314 0.0867160990322986 0.07779601741488831 0.06557179811105096 0.03235792301851528 0.02052779717689882 0.005404704649324138 0.002842886318775981 0.000591666798587915
 0.1248513674197384 0.1153765470946088 0.1084171101912084 0.07797068302318329 0.0690460476214652 0.03425814234016888 0.02128233566140104 0.005469861065528935 0.002836336645277163 0.0005851226516251137
 0.09242144177449169 0.09679649688868404 0.08479709267110842 0.08092951408710836 0.06888135593220339 0.03393665158371041 0.02126858231606 0.005459695356327567 0.00284751644966298 0.0005903035705442481
 0.1199451679232351 0.1008492569002123 0.08665906499429875 0.07556322589673026 0.06447136372835294 0.0305010352993689 0.02002806853400386 0.005391686998954339 0.002824385957571446 0.0005893896415363845
 0.1030042918454936 0.08917811520848398 0.07753562447611065 0.07291321433644241 0.06470146742928129 0.03286969759878209 0.02076427088266366 0.005429729629216408 0.002823363669339132 0.00058456552811136
 0.1066010660106601 0.1099321288595737 0.104219439820511 0.07895551656517701 0.06214438481094387 0.03153944924392585 0.02069498288411518 0.00541405555115638 0.002816947291466853 0.0005844823695351146
 0.1321440370003304 0.111794298490777 0.105841644616324 0.08284933378886232 0.06772324233749913 0.03382537500747027 0.02108588586798596 0.005486639017947036 0.002851609149646324 0.000590490253542248
 0.1305589555283558 0.1071506669582331 0.0943759630200308 0.07551199420311965 0.06483105789032111 0.03338370965195227 0.02121147412627233 0.005500954848015425 0.002865963946365258 0.0005926831579268696
 0.1279317697228145 0.1189539053616724 0.1114163614163614 0.08589835361488905 0.0703146128188948 0.03333333333333333 0.02134984190774504 0.005498865167088 0.002858027941538943 0.0005908318754193321
 0.09811937857726902 0.1048836447066536 0.09492305479649073 0.08257279443720121 0.06727330666005736 0.03249380625723641 0.02134441141711134 0.005506312858349178 0.002860101677574403 0.0005908425355075546
 0.1225919439579685 0.1126149395598719 0.1033865190491697 0.08235579085781515 0.06947014776642085 0.03382678393285097 0.0214145197703202 0.005508429931107657 0.002860620581877105 0.0005916840098682603
 0.08152173913043478 0.1111611837163888 0.1063690085357846 0.08545392672136727 0.07113251932340091 0.03358417812052988 0.02094086417932458 0.005485857349300001 0.002854520967318609 0.000590613252766815
 0.08149010477299184 0.09713835652402206 0.08367254635911353 0.07701757701757701 0.06903249514410205 0.03393006066283574 0.021508802676651 0.005513241990484552 0.002857530458676935 0.000590960173448794
 0.1272565847883989 0.1091647626301092 0.09415371140792643 0.08485586682907025 0.06955243292148491 0.03405126739769737 0.02125667058106521 0.00548675629596079 0.002854868268905599 0.0005907644094972714
 0.05952380952380953 0.03154574132492114 0.1002284619352937 0.08113449602995736 0.06827582299280412 0.03361141337202273 0.02109066827905905 0.005431150501783074 0.002827582637300703 0.0005848907453827832
 0.1294498381877023 0.1188432589462564 0.109782873871676 0.08751761477416006 0.07274762171236709 0.03469729600382867 0.02162017087390222 0.005459939774088051 0.002836704845188035 0.0005851414534834363
 0.1242469879518072 0.1026450848795894 0.106876126706155 0.08421747925525326 0.06882124666504971 0.03257798882009977 0.02044855362998342 0.00533334314178049 0.002829247798580266 0.0005910845472312137
 0.129324280633689 0.1102579247883442 0.09792552506120344 0.07565095003518649 0.06684154769711952 0.03313796478649009 0.0211042421658495 0.005488051099445689 0.002811228410869188 0.0005899632599390001
 0.03992015968063872 0.02219755826859046 0.01427551748750892 0.07732536421367202 0.06491905661927849 0.03149934569373834 0.01986677573916092 0.005383687789759717 0.002817563702164479 0.0005858811741929634
 0.1169901621909067 0.1012425218591809 0.096381319547884 0.07774598830700336 0.06683955832419859 0.03249817795142 0.02025950036496894 0.005376146788990826 0.002812228905899961 0.0005840826585858666
 0.1097393689986283 0.09124607927003137 0.09774728120145003 0.079257482532068 0.06680026720106881 0.03286918066096934 0.02048691817152393 0.005431295929079669 0.002839661108363564 0.0005899770423698546
 0.1073131955484897 0.08704061895551257 0.08121128699242945 0.07540089914687245 0.06339564781506163 0.03211143535946365 0.02073613271124935 0.005437807828606176 0.002832305506250688 0.0005915895357901776
 0.1167582417582418 0.09678337603188158 0.09576918414353255 0.07940709370037057 0.06660094732033373 0.03357360320573759 0.02091866588648332 0.005411573061739628 0.002820602059900026 0.0005844482095676747
 0.122501611863314 0.1055512118842846 0.09459676126342792 0.07775320061666331 0.0659105264603301 0.03316537302316921 0.02100810312549126 0.005322628935141549 0.002764440843845568 0.0005710430040986215
 0.1148105625717566 0.1072577761887737 0.1026623776606666 0.08231041763590165 0.0692208143979294 0.03301992388627714 0.02108483250066114 0.005460445091059863 0.002856501992841491 0.0005907062090953295
 0.09929078014184398 0.07587859424920128 0.09527538501696685 0.07554382451988714 0.06460309789658418 0.0326448038438107 0.02058771148708816 0.005351960362388409 0.002786096707235809 0.0005909329150819519
 0.09427609427609428 0.1087543907052148 0.1032691720134433 0.08071199509962887 0.06738624843461148 0.0332712889716147 0.02089960397021629 0.005435273265272657 0.002827024436990896 0.0005898392470325939
 0.1153262518968134 0.09721443260422509 0.08685676827269748 0.08042510412178659 0.06823370042395203 0.03359229942343399 0.02115857914263674 0.00547119765625722 0.002831402831402831 0.0005922672087793412
 0.1187794388695474 0.1058008026267785 0.09508196721311475 0.05569996286669142 0.06857087669314534 0.03452612595510417 0.02157841268899649 0.005467569896857537 0.002839495359109534 0.0005852599794266238
 0.1106894370651486 0.09261576971214018 0.1022290545734051 0.08090678131717803 0.06579938721181375 0.03274209125385721 0.02051948243665163 0.005258645750588357 0.002728599469460343 0.0005896662765898927
 0.1178361006963042 0.1106521097668929 0.1058275716099901 0.0817421291270196 0.06971949433020455 0.03404974643805844 0.02114006416984017 0.005392537983227729 0.002801620334390657 0.0005790866811451558
 0.1197183098591549 0.1074147460631974 0.09973705685012239 0.08530425183153247 0.07248024558012621 0.03445167504291024 0.02114803625377644 0.005448784171464827 0.002844534722891727 0.0005901863107275472
 0.05988023952095808 0.03080082135523614 0.09485991617030663 0.07865236258437801 0.06742712294043092 0.03358089212854719 0.02106627775076973 0.005501086418571962 0.00286317837697047 0.0005925592395740787
 0.1302160402485943 0.1195165014260492 0.1093824308716625 0.0842895889839349 0.06952953580486136 0.03383037661342606 0.02132318216294346 0.005504756626951141 0.002820556213685339 0.000584447167461944
 0.1109660574412533 0.1018279965648387 0.09474885844748858 0.0745828665762632 0.06435331230283911 0.03259585680537889 0.02070288830539285 0.00532104565937548 0.002763891674640047 0.0005711837783806939
 0.1136082983452704 0.09932344897077874 0.09506205439662002 0.07872685498040276 0.06678705535013042 0.03119190507679447 0.02045932628303028 0.005414809137124553 0.002831875899215627 0.0005896432915313175
