# Created by Octave 3.0.1, Tue Sep 08 18:52:28 2009 PDT <jwawerla@daneel>
# name: prtA
# type: matrix
# rows: 100
# columns: 10
 250.8 295.8 314.4 698.3 735.5 854.5 915.5 1068 2736.6 3143.2
 248.6 454.6 581.5 801 847 1566.1 1628.5 1782.9 1851.3 2742.3
 384.5 425.6 456 1040.6 1092 2187.7 2251.9 2315.6 2384.5 2545
 434.9 506.1 542.5 860.1 919.2 1985.9 2052.5 2210.9 2279.8 2440.4
 383.2 477 788.5 1390.9 1799.2 2117.7 2184.7 2127.8 2195 2809.4
 565.4 648.9 813.1 1243.6 1302.7 1982.4 2049.6 2213.2 2282.2 3462.5
 468.7 614.5 1191.5 1303 1362.7 1288.2 1346.6 2413.9 2480.7 2639.5
 514.4 927.4 1053.4 1534.3 1726.5 1878.6 1946.5 2106.2 2175.3 3306.9
 480.8 651.5 674.3 1310.6 1367.1 1881.9 1949.2 2099.8 2168.8 2329.4
 487.6 540.2 716.1 1421.9 1478.5 2017.5 2570.5 2720.8 2789.8 2950.4
 129.3 291 692.5 842.9 1258 1751.4 1817 2446.4 2542.9 2703.4
 151.3 438 532.4 849.4 895.4 1751.3 1815.5 1867.9 1935.3 2094.5
 250 395.5 569.1 988.1 1035.6 1657.5 1722.3 2284.4 2351.3 2510.1
 135 291.7 506.5 1103.6 1380.2 1811.1 1876.1 2045.8 2114.6 2272.3
 201.7 227.3 273.3 733.1 780.7 1647.8 1712.7 1879.6 1974.4 1983.9
 101.3 117.5 299.8 991.2 1037.3 1162.4 1226.9 2387.6 2454.5 2961.7
 195.8 257 475.8 926.7 973.8 1861.6 1926.2 2089 2175.6 2334.2
 86.7 134.4 310.4 821.2 1098.4 1542.4 1604.4 1766.1 1844.5 2608.3
 128.1 144.4 247.8 305.4 1093.8 1214.5 1276.5 2053.1 2130.9 3062.4
 172.8 261 439.9 530.2 728.7 1893.5 1955.7 2117.1 2195 2365.8
 133.6 150.7 164.9 514.4 600.9 1068.1 1915.4 2076.3 2153.7 2323.9
 226.3 296 335.3 472.4 811.4 1118.7 1179.1 1999.4 2075.9 2702.8
 103.1 243.3 260.1 818.1 1015 1133.9 1194.4 1353.6 2647.8 2816.2
 128.7 145 387.6 950.2 1117.2 1479.6 1540 1698.9 2110.4 3848.2
 127.8 143.1 337.2 910.8 949.3 1589.1 1649 1759.1 1826.5 1985.7
 125.9 140.1 174.3 485.7 523.4 1326.1 1710.1 1875.8 1948.9 2118.7
 133 197.6 320.2 539.9 576.5 1388.1 1637.5 2144.6 2216.6 2384.3
 124.2 138.9 423.2 674.9 1009.9 1536.8 1596.2 1759.6 1831.8 1999.7
 213.5 404.4 419.2 826.9 932.1 1247.6 1307 1698.4 1769.4 1939.5
 54.2 61.9 68.2 339.4 613.4 1553.9 1613.1 1848.4 1922.2 2710.8
 152.2 252.9 266.8 550.1 906.4 1487.1 1546.3 1991.6 2058.9 2681.7
 123.5 137.9 149.2 279.8 1118.3 1230.5 1289.8 1455.3 1526.2 2640
 73.7 84 149.9 1025.3 1060.5 1223.6 1282.2 1441.8 2452.1 2574.5
 82.8 94.2 189.5 567.3 638.7 1202.2 1260 1751.9 1821.7 3437.5
 170.7 187 199.5 767.4 802.1 1229.9 1287.6 1824.7 1894.5 2755.3
 175.8 191.1 396.3 492 525.8 1180.5 1238.1 2306.5 2358.5 2967.3
 66.7 170.3 182 347.5 380.5 1415.7 1473.3 1629.3 1698.7 2943.9
 139.8 153.9 165.1 339.8 906.3 1192.9 1561.1 1716.3 1786 1937.2
 84.09999999999999 154.9 166.1 206.4 865.5 1391.6 1562.4 1716.9 1789.4 1672.6
 54.8 62.2 122.5 596 895.1 1192.6 1468.4 1623.1 1695.6 3180.2
 68.90000000000001 78 106 138.7 388.8 1676.3 1733 1709.6 1780.3 3300.7
 172.4 252.3 357.5 436.8 804.8 911.5 968.6 1632.5 1704.3 1876.9
 52.3 59.4 65.09999999999999 722.9 753.9 1508.9 1667.6 1822.4 1894.1 2066.6
 41.6 97.3 105.4 164.2 543.3 1435.5 1492.5 1646.7 1717.9 3268.5
 54.9 62.1 138.1 616.5 647.2 1479 1535.8 2340.4 2411.3 2706.2
 68.40000000000001 77.2 139.5 610.4 641 861.6 1762.7 2126.7 2197.4 3010.4
 105.2 203.9 215.1 256.5 285 778.8 1730.6 1883.4 1954.1 2121.3
 67.59999999999999 76.09999999999999 82.5 630.9 867.4 1332.6 1499.5 1792.8 2175.7 2788.3
 68 76.59999999999999 102.4 132.4 771.7 939.3 1440.3 1594.5 1683.1 2828.8
 88.3 295.4 307.1 351.4 488.9 1393.7 1563.1 1900.2 1971.7 2616.2
 68.2 77 156.2 638.6 668.3 1083.9 1563.6 1718.2 2323.9 2999
 121.5 134.7 198.7 265.9 670.2 1177.1 1233.3 2000.3 2071.8 2238.1
 53.8 61.2 66.40000000000001 717.5 747.3 852.1 1533.1 1686.1 1757.6 3269.6
 70.40000000000001 79.7 86.59999999999999 202.3 887.1 1294.6 1351.5 1913.6 1985.1 2151.3
 102.9 115.5 124.3 621.6 821.3 1114.6 1171.6 1887.1 1958.7 2125
 80.5 160.9 171.4 309.4 701.7 1089.7 1147 2001.5 2395.1 2553.9
 134.9 149.9 160 421.2 756.3 914.2 971.5 1848.7 1926.6 2085.8
 56.6 64.5 70.3 447 696.3 1247.3 1304.8 1822.4 1891.1 2055.4
 159 290.3 323.9 372.7 762 1224 1582.4 2004.9 2073.6 2926.3
 115.6 146.7 156.9 802.7 833.3 1214.9 1273 2073.5 2408.8 2573.4
 148.3 163.8 174.7 248.3 589.6 937.3 1433.1 1586.8 1971.9 2749.3
 149.1 217.3 229.3 438.3 743.5 1437.2 1718.1 2152.7 2221.4 2387.3
 176.2 193.3 205.3 494.9 826 1107.5 1609.5 2018.6 2874.7 3040.7
 78 106.4 115.4 628.6 873.7 1306.7 1364.9 2056.2 2124.8 2290.8
 92.90000000000001 141 151.4 238 266 1352.8 1410.8 2439.4 2508 3095.1
 70.8 80.59999999999999 217.2 537.1 876 1427.1 1485.3 1293 1364.9 2750.7
 174.5 287.5 300.8 454 774.1 1435.8 1859.8 2011.7 2080.3 2245.1
 124 193.1 205.1 771.8 842.1 1000.9 1059.1 2007.7 2076.2 2241
 100.8 113.8 180.2 676 744.8 853.5 911.8 2819.6 2886.6 3051.3
 87.2 117.2 126.9 621.2 748.8 1152.7 1211.1 2155.1 2222.1 2386.8
 86.8 178.1 334.3 811 842.5 1043.7 1428.2 2351.5 2418.6 2583.1
 40.1 70.59999999999999 77.3 614.9 833.4 942.8 1453.4 1606.2 1673.3 2384.2
 134.1 150.1 161.3 575.4 646 1725.1 1783.5 1936.6 2003.7 2637.6
 96.8 171.5 344.7 437.6 914.1 1163.4 1222 1920.7 1987.8 2151.1
 81.7 93.2 235.4 731.9 763.7 1019.1 1501.4 1652.6 2199.6 2745.6
 40.1 44.1 48.5 323 818.2 1610.1 1668.6 2136.5 2203.6 2366.5
 81.3 125.5 135.7 557.9 696 806.1 1622.5 1773.8 1840.9 2003.9
 78.7 168 179.8 450.9 482.8 1490.4 1548.6 1699.9 1767 2369.8
 187.1 205.4 278 534 607.6 1355.8 1629.1 2102.1 2169.1 2002.8
 144.4 197.3 210.2 755.9 935.1 1350 1408.1 1559.6 1626.8 1786.6
 179.6 197.6 230.4 278.9 598 1021.6 1367.8 2148.4 2869.8 3029.7
 140.7 284.2 298 374.2 407 972.7 1754 1905.3 1973.3 2661.8
 67.40000000000001 143.4 366.7 515.9 586.7 1236.6 1294.6 2119.7 2187.7 2742.1
 141.3 192 353.7 678.3 712.1 1030.3 1619.1 1768.8 1836.8 1996.9
 68.8 79.3 128 902 935.9 1312.1 1370.2 2093.1 2450.4 2610.5
 79.09999999999999 185.9 220.2 664.5 698.3 1007.6 1456.4 2101.5 2169.5 2329.6
 81.59999999999999 172.5 185 640 837.7 1377.3 2095.9 2441.3 2509.1 2670.8
 176.3 195.3 264 608.1 642.4 1491.8 1549.8 2438.1 2509.5 2648.6
 185 221 257.3 745.2 779.6 1019.8 1693.8 1825.8 1893.1 2696.1
 121.1 155 225.5 479.7 579.2 1487.5 1545.6 1932.2 2000.1 2161.9
 140.9 309.9 603.6 715.3 750.3 1140.9 1392.1 1699.4 1767.3 2577.4
 57.7 67.09999999999999 74.8 689.4 1112.8 1225.5 1979.4 2339.1 2407.1 2568.8
 78.5 230.3 245.4 449.7 484.8 1039.6 2163.2 2312.6 2821.2 2982.9
 188.5 209 223.3 802.7 838.5 1170.2 1228.4 2021.4 2089.4 2251.1
 182.6 219.3 233.6 285.5 730.3 1433.9 1908.1 2573.2 2641.2 2802.8
 149.7 264.6 298.9 462.6 869.2 1222.7 1281.1 2409.8 2477.8 2989.8
 66.5 77.3 204.3 787.8 907.7 1101.8 1784.6 2130.9 2198.8 2360.5
 154.7 191.5 280.2 748.3 950.5 1333.5 1391.9 1734.5 1802.5 2368.3
 81.3 145.7 233.8 722.7 885.4 1049.8 1286.4 1433.6 2469.4 2972.6
 104.8 137.9 150 630.7 667.6 1676 1876.3 2183.4 2251.4 2412.5
# name: prtB
# type: matrix
# rows: 100
# columns: 10
 579.4 620.7 642.4 1208.2 1253.6 1882.9 2693.9 2847.7 2916 3267.4
 363.1 428 928.9 1227.2 1279.2 1421.7 2412.6 2412.6 2479.5 3123.3
 333 443.9 1182 1660.1 1974.9 2113.6 2179.4 3065.2 3133.9 3294.3
 586.9 654.2 1236.3 1541 1651.2 2486 2978.3 3521.7 3590.6 3751
 413.9 1215.4 1244.7 1542.1 2321.3 2380.8 2447.6 2930.5 3797 3226.2
 785.9 1027.1 1145.3 1969.5 2026.6 2626.5 2693.8 2852.9 2922 3082.6
 397.2 734.3 875 1703.7 1762.9 3205.4 3499.4 3658.3 3727.3 3887.9
 466.7 999.2 1125.7 1599.3 1653.3 2665.4 2731.6 2885.6 2954.5 4046.8
 500.2 1024.3 1314.1 1534.9 1580.4 2176.9 2241.2 2621.6 2690.3 2848.4
 348.1 375.5 395.8 1584.8 1630.9 2677.8 2742.1 3234.4 3299.7 3884.2
 772.9 922.2 1011 1651.1 1698.8 1827.2 1892.3 2060.9 3220.5 3379.8
 710.9 738.5 759.8 1640 1685.9 1813.8 2278.6 2444.3 2342.3 2744.9
 383.4 958.9 1311.8 1384.9 1431.2 1870.1 1934.6 2750.9 2839.7 2998.1
 459.8 876.8 1005.3 1490 1536.8 1949.6 2340.2 3075.3 3164 3322.4
 382.1 429.1 492.1 1208 1803.4 2094.8 2329.8 2338.1 2635 2793.7
 123.4 741.8 1133.9 1551.6 1654.7 2179.3 2242.2 2443.2 2523 2533.9
 272.7 294.5 423.7 1084.5 1126.8 1594.3 3250.1 3275.9 3342 3500.1
 244.6 378.8 1073.3 1560.1 1732.1 2269.6 2332 2502.6 3349.2 4045.3
 699.1 720.8 781.1 1268.8 1470.9 1930.6 2892.3 3060.5 3139.4 3311.8
 228.3 348.3 468.4 1908.5 1949.2 2069.6 2395.4 2956.7 3034.4 3205.3
 40.1 54.1 744.6 1146.1 1911.2 2191.7 2253.8 2414.7 2492.1 3226.2
 328.6 678.3 696.3 1679.8 1832 2088.1 2148.4 2689.4 2764 3446
 542.7 750.1 768.2 1055.3 1192.9 1816.5 1876.8 2437.1 2511.5 2679
 271.6 483.2 1008.6 1551.9 1590.5 2346.9 2823.9 2935.8 3009 3051.2
 257.4 630.8 705.7 935.2 1021.8 2200.9 2407.3 2574.7 3494.3 3665.3
 193.3 671.7 872 1373.9 1899.7 2357 2416.4 2580.9 2653.7 2822.8
 219.1 538.2 610.7 1162 1268.4 1473.2 2860.1 3290.6 3891.3 4059.1
 316.7 386.5 401.3 1331.5 1775 2508 2567.2 2730.1 2802.3 2970.2
 170.2 273.7 288.4 1254.2 1577.7 2115.9 2350 3162.4 3967.2 4660
 301.6 321.4 728.1 1005.8 1391.1 1711.1 1770.4 2893 2963.9 3134
 59.4 591.6 607.3 1283.1 1584.2 1787 1846.5 3391.1 3461.8 3517.2
 332.5 476 512.3 1350.9 1483.4 2259 2318.3 2944.7 3015 3089.5
 402.1 1027.1 1041.9 1252.6 1588.5 1850.2 1907.9 2065.5 2135.1 2204.3
 265 282.8 669.7 1110.2 1642.9 1816.6 2693.6 2850.9 2920.4 3091.8
 359.3 377.8 392.3 1338.1 1411 1919.6 1977.2 2667.3 3208.8 3382.7
 357.7 469.3 483.7 1325.6 1521.5 2226.2 2445.2 2601.2 2670.5 2846
 239.8 257 614.8 1200.2 1642.6 2420.8 2478.3 2633.8 2703.6 3375.1
 170.8 186.3 321.8 1306.3 1339 2004.4 2061.6 2216.2 2288.7 3368.7
 258 335.7 547 1052.1 1795.1 1944.5 2001.8 2156.3 2713.2 3505.7
 106.4 213 430.9 507.7 1716.5 1872.1 1929.4 2017.9 2085.1 3515.7
 206.3 396.5 906.3 1017.7 1393.9 2080.2 2374.6 2729.8 3463 3635.8
 232.9 814 847.5 1070.1 1260.6 1593.6 1650.7 2605 2676.7 2846.5
 245.8 327.3 341 912.7 944 1979.3 2036.4 2190.9 3820.6 3990.1
 671.7 721.3 734.9 901.5 1555.9 1878.2 2281.1 2716.2 2787.3 3471
 126.9 140.2 651.6 1146.5 1302.1 1406.5 2424.9 3030.8 3101.6 3192.6
 119.6 419.6 432.3 1335.8 1366.4 1901.8 2166.5 2319.5 2390.2 2483.1
 297.4 639.6 652.4 996 1026.8 1538.7 1594.6 1747.4 1818 3822.7
 95 363.2 858.7 1139.1 1169.8 1740.1 1795.9 2926.1 2996.7 3163
 340.5 389 632.7 1182.6 1633.5 2091.1 2146.8 2451 2847.7 2761.5
 260.9 334.8 346.6 413.3 1413.6 1709.7 2010.6 2164.6 2645.9 2813.1
 284 302.2 367.9 1080.3 1778.8 2160.5 2216.9 2690.6 2762 3258.2
 211.5 703.5 716.7 1028.1 1622.8 2031.8 2089.2 2242.8 2912.3 3076.5
 578.7 649.1 723.1 1105 1135.6 1864.6 1922.7 3314.7 3383.4 4465.6
 254.6 433 601.2 1396.6 1843 1951.1 2276.2 2429.9 2803.9 2969.9
 408.1 505.6 519.8 1302.1 1722 1877.9 1936 2792 2860.6 3026.4
 109.8 565.4 961.4 1091 1121.5 1702.2 2194.6 2347.9 2416.5 3305.2
 640 696.5 710.7 1627.3 1658.2 1766.6 1931.7 2085.1 2153.7 3138.8
 193.2 272.9 307.4 1484.5 1632.9 1898.8 2057.9 2211.2 2279.8 3070.5
 375.2 430.7 444.8 1289.1 1728.8 1837 1895.1 2048.4 2117 3447.4
 367.8 387.9 670.4 1191.6 1222.7 1389.1 1447.3 2917.2 2983.7 3142
 338.2 538.9 573 1090.6 1158.5 2028.5 2332.3 2795.8 2862.9 4075.7
 584.7 605.9 690.2 1257.7 1581.5 1973.9 2032.3 2183.8 2250.9 3074.3
 371.1 392 576.5 1153.8 1222 2227.4 2285.8 2938.8 3009.7 3175.1
 227.7 246.9 381.5 1468.2 1499.7 2043.2 2101.6 2660.3 2726.9 2885.5
 291.2 501.6 931.2 981.7 1682.9 1792.2 1850.7 2941.7 3311.5 3476.1
 40.1 716.3 731.2 898.7 1038.6 1455.3 1950.8 2732.8 3199.1 3362.4
 363.9 750.4 1045.4 1277.5 1474.5 1742.5 1800.9 1952.3 2019.3 3876.1
 154.6 701.8 1047.7 1149.2 1181.3 2172 2230.4 2809.6 2876.6 3973.6
 518.7 593.9 608.7 1200.1 1232.7 1867.8 1926.1 2077.5 2144.6 3225.3
 159.5 259.2 272.9 1101.6 1134.3 2723.5 2781.7 2933.1 3673.4 3834.7
 286.2 562 747.2 1390.2 1463.4 2292.8 2351.1 2502.6 2569.8 2730.4
 320.8 682 696.9 1264.3 1297.1 1839.5 1897.8 3152.3 3219.5 3380
 372 392.9 465.7 1322.8 1355.7 1465.6 2603.8 2899.5 2966.8 3127.4
 523.4 823.5 895.5 972.1 1082.8 2103.8 2384.9 3809.3 3940.2 4103.7
 85.8 97.8 687.4 1193.2 1292.5 2178.3 2236.4 2387.7 2375.1 2533.9
 493.6 546.6 784.6 1218.7 1396 1564.7 1932 2082.2 3177.4 3216.2
 331.5 399.1 689.5 1145.7 1257.3 2085.7 2143.7 2789.6 2857.4 2929.3
 576.5 615.7 675.2 1299.2 1333.8 1497.8 1696.4 2618 2685.9 3319.7
 44 70 77.90000000000001 1254.6 1384 1811.5 1869.6 3135.8 3203.8 3365.6
 88.3 583.9 727.2 1067.8 1191 2025.5 2521.1 2933.3 3001.2 3163
 557.9 840.2 877.2 1287.7 1322.9 1858.1 2398.2 2952.4 3020.3 3653.8
 218.6 837.6 1006.3 1199.4 1787.3 2057.7 2115.9 2265.3 2333.3 3218.7
 336.7 408.8 981.6 1513 1548.5 2297.6 2464.4 2613.9 2681.9 2843.7
 377.8 510.2 727.4 1319.4 1709.1 1822.6 2142.1 2709.3 2777.3 4263
 145.6 643.4 1115.8 1539.4 1575.3 2055.7 2114 2596.3 2664.3 2825.9
 42.2 701.4 845.8 1167.1 1203 1784.5 2446.5 2594.8 2662.8 2824.4
 419 589.7 605.8 1420.4 1456.4 1990.6 2048.9 2197.1 2918.5 3080.2
 215.4 431.8 998.3 1419.4 1455.5 1887.8 2070.4 3106.9 3174.8 3336.5
 237.9 341.8 395.5 1591.9 1782.1 1958.5 2634.2 2782 3163.1 3324.8
 129 626.3 967.8 1156.7 1229.4 2155.8 2214.1 3033.5 3900.9 4492.7
 168.8 658.7 713.9 1087.2 1751.5 2229.9 2288.3 2436 2504 2665.7
 310.4 332.3 886.4 942.7 1049.1 1951.3 2009.6 3819.9 3887.9 4049.5
 203.8 461.8 882 939.3 1016.1 1874.7 2651.9 2799 2867.1 3500.5
 236.5 290.3 306.4 974.8 1011.9 1127.6 1186 2869.2 2937.1 3098.2
 157.4 176.7 607.2 1136.9 1216.8 1995.6 2054.3 2759.5 2827.4 2988.5
 78.09999999999999 546.7 641.2 1407.6 1484.7 2817.1 2875.8 3022.4 3090.4 3083.5
 287.1 428.4 519.3 1227.7 1265 1906.4 2915.2 3061.2 3129.3 3192.6
 305.9 329.1 1031.1 1252.8 1376.7 1808.2 1866.7 3106 3174 3335.7
 550.9 718.3 889 1523.7 1561.2 2350.9 2410.2 2558.3 2628.6 2789.3
 386.7 410.5 426.8 1166.9 1242.1 2008.1 2172.7 2318.1 2585.9 2744.6
# name: collectedA
# type: matrix
# rows: 100
# columns: 10
 13 14 14 31 31 31 31 31 49 49
 16 25 30 35 35 47 47 47 47 49
 19 19 19 34 34 48 48 49 49 49
 26 27 27 31 31 49 49 49 49 49
 18 19 27 40 47 48 48 48 48 49
 32 33 37 43 43 48 48 48 48 48
 20 23 40 40 40 40 40 48 48 48
 21 35 37 44 45 45 45 45 45 49
 24 28 28 43 43 49 49 49 49 49
 21 21 25 43 43 45 47 47 47 47
 8 15 32 34 42 47 47 48 48 48
 9 25 28 35 35 47 47 47 47 47
 16 22 28 36 36 45 45 49 49 49
 7 13 23 39 43 49 49 49 49 49
 14 14 15 29 29 48 48 48 48 48
 6 6 15 37 37 37 37 48 48 49
 12 14 24 38 38 49 49 49 49 49
 5 7 15 34 40 46 46 46 46 48
 9 9 14 14 41 41 41 48 48 49
 12 16 24 25 29 44 44 44 44 44
 8 8 8 22 23 30 47 47 47 47
 15 18 19 22 35 39 39 46 46 47
 6 14 14 33 36 36 36 36 47 47
 8 8 20 37 40 43 43 43 44 49
 8 8 18 38 38 48 48 48 48 48
 8 8 9 22 22 44 48 48 48 48
 9 12 18 25 25 43 45 47 47 47
 8 8 25 32 41 47 47 47 47 47
 15 26 26 40 42 45 45 46 46 46
 3 3 3 14 25 42 42 45 45 48
 10 15 15 23 34 44 44 46 46 48
 9 9 9 13 43 43 43 43 43 49
 4 4 7 44 44 45 45 45 49 49
 5 5 10 26 27 38 38 41 41 48
 11 11 11 33 33 42 42 45 45 48
 12 12 24 26 26 42 42 48 48 49
 4 10 10 15 15 46 46 46 46 49
 10 10 10 16 39 42 46 46 46 46
 5 9 9 9 36 46 47 47 47 43
 3 3 6 25 34 39 42 42 42 48
 4 4 5 5 14 47 47 43 43 49
 13 17 22 23 35 35 35 39 39 39
 3 3 3 32 32 46 47 47 47 47
 2 5 5 6 18 39 39 39 39 48
 3 3 7 30 30 45 45 49 49 48
 4 4 7 30 30 32 47 48 48 47
 7 13 13 13 13 23 48 48 48 48
 5 5 5 29 37 45 46 47 48 49
 4 4 5 5 35 36 42 42 42 49
 7 20 20 20 24 46 47 48 48 49
 4 4 8 32 32 39 43 43 45 47
 8 8 11 12 29 40 40 46 46 46
 3 3 3 34 34 34 43 43 43 49
 4 4 4 8 36 43 43 48 48 48
 7 7 7 29 35 38 38 46 46 46
 5 9 9 13 26 34 34 43 49 49
 9 9 9 20 32 33 33 41 41 41
 3 3 3 20 27 40 40 44 44 44
 11 18 19 19 31 40 43 45 45 49
 8 9 9 33 33 40 40 48 49 49
 10 10 10 11 25 32 39 39 40 43
 10 13 13 20 30 45 47 49 49 49
 12 12 12 21 32 35 41 42 49 49
 5 6 6 31 38 44 44 49 49 49
 6 8 8 10 10 38 38 48 48 49
 4 4 11 24 35 44 44 36 36 47
 12 18 18 22 33 45 49 49 49 49
 9 12 12 35 36 37 37 47 47 47
 6 6 9 30 31 31 31 49 49 49
 7 8 8 30 33 41 41 47 47 47
 6 11 19 38 38 39 43 48 48 48
 2 3 3 27 33 33 39 39 39 47
 9 9 9 24 25 46 46 46 46 49
 6 10 19 21 38 40 40 46 46 46
 5 5 13 36 36 38 45 45 48 49
 2 2 2 13 31 46 46 48 48 48
 5 7 7 24 27 27 48 48 48 48
 5 10 10 21 21 47 47 47 47 48
 14 14 17 25 26 40 42 44 44 48
 10 12 12 35 39 45 45 45 45 45
 13 13 14 14 26 31 34 41 46 46
 9 17 17 18 18 32 44 44 44 48
 4 8 21 25 26 38 38 48 48 49
 10 12 20 31 31 36 46 46 46 46
 4 4 6 37 37 43 43 48 49 49
 5 11 12 31 31 34 42 45 45 45
 5 10 10 27 32 39 47 48 48 48
 13 13 16 30 30 48 48 48 48 48
 14 15 16 36 36 39 46 46 46 48
 9 10 13 21 23 45 45 47 47 47
 10 19 35 37 37 42 44 45 45 48
 3 3 3 28 38 38 46 47 47 47
 5 14 14 19 19 29 45 45 47 47
 13 13 13 34 34 39 39 46 46 46
 13 14 14 14 29 42 46 48 48 48
 10 16 17 21 33 39 39 48 48 49
 4 4 11 32 34 35 41 42 42 42
 11 12 16 33 38 42 42 43 43 44
 5 8 12 36 39 40 42 42 47 48
 8 9 9 25 25 45 46 47 47 47
# name: collectedB
# type: matrix
# rows: 100
# columns: 10
 46 47 47 73 73 85 95 95 95 99
 33 34 64 74 74 74 95 95 95 99
 23 26 73 85 93 93 93 99 99 99
 44 45 78 84 85 92 96 99 99 99
 33 75 75 80 96 97 97 99 97 95
 56 67 70 94 94 99 99 99 99 99
 28 49 52 82 82 98 99 99 99 99
 34 63 67 79 79 95 95 95 95 99
 33 66 79 85 85 97 97 98 98 98
 23 23 23 85 85 98 98 96 96 98
 58 65 68 85 85 85 85 85 97 97
 54 54 54 85 85 85 89 89 89 96
 29 65 84 84 84 89 89 96 96 96
 40 64 69 84 84 88 92 97 97 97
 30 31 33 66 83 85 86 86 87 87
 7 48 70 84 85 91 91 91 91 91
 23 23 29 64 64 70 98 98 98 98
 17 24 68 85 88 95 95 95 97 98
 53 53 55 76 80 88 98 98 98 98
 16 22 28 93 93 93 95 98 98 98
 2 2 50 66 88 90 90 90 90 95
 23 46 46 87 90 92 92 94 94 95
 41 52 52 64 66 76 76 83 83 83
 21 34 64 82 82 93 98 98 98 98
 19 45 48 58 59 92 93 93 97 97
 15 47 57 78 93 98 98 98 98 98
 16 37 40 68 70 72 96 97 99 99
 25 28 28 72 85 98 98 98 98 98
 13 18 18 69 80 87 89 94 98 99
 24 24 50 59 73 78 78 97 97 97
 3 39 39 67 75 76 76 92 92 92
 28 35 36 72 75 89 89 93 93 99
 31 74 74 81 92 95 95 95 95 95
 20 20 44 65 81 82 96 96 96 96
 29 29 29 76 77 91 91 98 96 96
 30 36 36 79 84 94 96 96 96 96
 20 20 42 71 85 97 97 97 97 95
 12 12 19 77 77 89 89 89 89 96
 21 25 37 61 91 92 92 92 95 99
 7 13 26 27 86 87 87 87 87 96
 16 28 61 64 77 91 94 95 99 99
 17 59 60 69 75 82 82 94 94 94
 19 23 23 53 53 86 86 86 99 99
 52 54 54 59 82 87 93 95 95 97
 9 9 44 69 73 73 90 97 97 97
 8 29 29 79 79 93 96 96 96 96
 24 46 46 63 63 73 73 73 73 99
 6 25 57 69 69 88 88 99 99 99
 27 29 44 71 87 96 96 97 99 94
 21 25 25 26 83 87 91 91 97 97
 24 24 27 65 90 96 96 98 98 99
 15 50 50 62 84 90 90 90 97 97
 45 48 51 64 64 83 83 98 98 99
 21 32 42 81 95 95 98 98 99 99
 34 39 39 74 89 90 90 98 98 98
 7 41 66 70 70 84 90 90 90 98
 50 52 52 94 94 94 95 95 95 97
 14 18 19 87 91 95 96 96 96 99
 29 31 31 73 86 86 86 86 86 99
 27 27 45 67 67 68 68 98 98 98
 26 39 40 69 70 92 94 96 96 99
 46 46 50 77 86 92 92 92 92 99
 29 29 39 68 69 90 90 99 99 99
 18 18 25 77 77 87 87 93 93 93
 22 35 62 62 89 89 89 98 99 99
 2 58 58 62 65 75 82 94 96 96
 29 54 70 77 82 86 86 86 86 98
 11 50 71 73 73 91 91 96 96 99
 42 45 45 74 74 89 89 89 89 96
 11 16 16 61 61 95 95 95 98 98
 23 40 50 77 78 98 98 98 98 98
 24 50 50 76 76 90 90 99 99 99
 28 28 31 74 74 74 98 99 99 99
 44 62 65 66 68 87 89 99 98 98
 5 5 47 69 71 91 91 91 91 91
 45 47 61 80 85 86 90 90 99 97
 26 29 47 69 71 91 91 95 95 95
 47 48 50 82 82 83 84 95 95 97
 2 3 3 80 83 89 89 99 99 99
 5 44 51 64 66 90 95 97 97 97
 45 62 63 78 78 87 96 98 98 99
 16 60 69 75 92 95 95 95 95 97
 26 29 64 84 84 96 97 97 97 97
 33 40 52 76 88 88 91 94 94 99
 10 45 73 88 88 97 97 99 99 99
 2 52 60 73 73 85 94 94 94 94
 34 45 45 86 86 94 94 94 97 97
 17 31 66 83 83 89 90 96 96 96
 19 25 27 83 87 88 97 97 98 98
 9 45 66 71 72 87 87 93 98 99
 12 46 48 63 87 96 96 96 96 96
 24 24 59 59 61 82 82 99 99 99
 16 35 61 61 62 89 98 98 98 97
 19 21 21 54 54 54 54 95 95 95
 14 14 42 66 67 84 84 94 94 94
 5 39 43 76 77 98 98 98 98 96
 23 31 35 69 69 79 95 95 95 95
 23 23 68 75 77 84 84 96 96 96
 46 56 66 93 93 98 98 98 98 98
 31 31 31 69 70 92 94 94 95 95
# name: avgRateA
# type: matrix
# rows: 100
# columns: 10
 0.04984662576687116 0.04048582995951417 0.03378378378378379 0.02586998247517316 0.01786228752520887 0.005295072166709369 0.002839998167743117 0.0006070337589096891 0.0004769478452664386 9.738778145068839e-05
 0.06187161639597834 0.04954419342053111 0.04402054292002935 0.02690238278247502 0.01894964807796427 0.007157978099632963 0.004041793868512705 0.0009076355321930599 0.0004614570457127204 9.746544104206072e-05
 0.04816223067173638 0.03994953742640874 0.0341726618705036 0.02206932364014021 0.01625239005736138 0.006678075044868317 0.003917759694414744 0.0009366231105062353 0.0004785880675297531 9.750370613576894e-05
 0.05844009889862891 0.04855241862974285 0.04202334630350195 0.02279244173222557 0.0161525635681534 0.007014128458752631 0.004065546567102261 0.0009385013474197916 0.0004790779802072354 9.752400483719064e-05
 0.04577822990844354 0.03605313092979127 0.03038829487900957 0.02115394785551853 0.01679051157473564 0.006743751492757492 0.00393936658268156 0.0009208138459708638 0.0004696902979597828 9.745243426236661e-05
 0.05561348627042058 0.04721705537272858 0.04052130106231519 0.02466161963753154 0.01867373083771225 0.006874427131072411 0.003983534723144336 0.0009193077612557744 0.0004692898666630166 9.533977207835737e-05
 0.04177982034677251 0.0346124905944319 0.03097173828881146 0.02218524681087077 0.01692978372201295 0.006361120829490157 0.003525285107433064 0.0009157876059594878 0.0004683808756185311 9.549587726392374e-05
 0.04004576659038902 0.03580928995293636 0.03207907057395526 0.02162906159366858 0.01650467632495874 0.006542028901229901 0.003766793621562801 0.000863620835908203 0.0004404195534537212 9.735610618491421e-05
 0.04889975550122249 0.03991446899501069 0.03616169443368204 0.0237490334695681 0.01816568797262473 0.007120126709193682 0.004100692933418137 0.0009405026506819603 0.0004795984684169727 9.754555476944013e-05
 0.04220257234726688 0.03558115892917655 0.03063350079647102 0.02237369269993236 0.01734920314706476 0.00641254007837549 0.00373891253331212 0.000891488748273926 0.000457243812129219 9.344857862723639e-05
 0.05743000717875089 0.04398826979472141 0.04037854889589906 0.0253183409040137 0.01860053144375554 0.006961519092336404 0.003977320809003977 0.00091522011043656 0.000468096767304221 9.548373852255624e-05
 0.05579665220086794 0.05122950819672131 0.04427577482605946 0.02593745368311842 0.01846575920649995 0.006961622206093641 0.003977825737378867 0.0009061481185858691 0.000461076781056219 9.360787660490207e-05
 0.06153846153846154 0.04938271604938271 0.04184725751008818 0.02419192258584773 0.01768520337983887 0.006759294029290274 0.003838837088284722 0.000937182027526375 0.0004787433085852353 9.751047789885218e-05
 0.04827586206896552 0.03804506877377817 0.03792250618301731 0.02432027937141432 0.01806570876396942 0.007194138979019541 0.004125933597729894 0.0009414784670424895 0.0004798530278726058 9.755664407533523e-05
 0.0661313179026925 0.05048683736025964 0.04018215912135012 0.02351796285783797 0.0162857303307688 0.007220433827732482 0.004098115720542659 0.0009252191612888303 0.0004707063733642954 9.562059659682311e-05
 0.05390835579514825 0.03582089552238806 0.03751875937968984 0.02481223175965665 0.01816129190595396 0.00600415422562638 0.003295655969145534 0.0009162473562446075 0.0004685006515087185 9.74229250457838e-05
 0.05830903790087463 0.04560260586319218 0.04168113928447378 0.02663489170813766 0.01925220387070625 0.0071411915588201 0.004108601230903389 0.0009406976520954521 0.0004795665501352573 9.754462268346451e-05
 0.05170630816959669 0.03796095444685466 0.03654970760233919 0.02573418104753255 0.01906214258482654 0.007031058938615799 0.003964013649994829 0.0008886124316879193 0.0004516689659235403 9.550180528256298e-05
 0.06517016654598118 0.04629629629629629 0.04025301897642323 0.01738266699776509 0.01958162193141656 0.006597473650333897 0.003635879927282401 0.000922135281087966 0.0004699850877648195 9.740342351167568e-05
 0.06564551422319474 0.05144694533762058 0.04445267642155955 0.0242671325956125 0.01677561173135882 0.00638282439979691 0.003680252933747083 0.0008442526541192814 0.0004305494397964675 8.75855800693439e-05
 0.05571030640668524 0.03986048829098156 0.03020007550018875 0.02168769716088328 0.01436691860828284 0.004943886883868097 0.003944475216946137 0.0009025218765542098 0.0004600910197085372 9.356512799809047e-05
 0.06347862886161659 0.05202312138728324 0.04364805881001608 0.02262443438914027 0.01932207132604615 0.006373902953241702 0.003488652932704779 0.0008846255918337519 0.0004506450592157404 9.349460556018388e-05
 0.05305039787798409 0.0477326968973747 0.03887808941960566 0.02503603671952052 0.01786600496277916 0.005869022970703794 0.003215893661116272 0.0007010219341974078 0.0004578763500045787 9.347351974737489e-05
 0.05767844268204759 0.04102564102564103 0.04101722723543888 0.02551372224520756 0.01889287738522577 0.006636212111858756 0.003726169844020797 0.000831739166597355 0.0004309061564737774 9.725151345186903e-05
 0.05805515239477503 0.04142931123770068 0.04117108874656908 0.0269350722994046 0.01949417739701431 0.007284758161205627 0.004120525366984291 0.0009273731575703596 0.0004713900605441609 9.562025372435908e-05
 0.05886681383370125 0.04208311415044713 0.03281079110462996 0.02231916404585573 0.01444138112117632 0.006955312119631368 0.004099025627449808 0.0009252869353340092 0.0004708241089408518 9.559492606031203e-05
 0.06293706293706294 0.04846526655896607 0.04283674440742503 0.02404077315126454 0.01585791309863622 0.006731265947621358 0.003866809881847476 0.0009013397360416994 0.0004598078981300493 9.355387897273064e-05
 0.05961251862891208 0.04235044997353097 0.047782874617737 0.02723636054132266 0.02039902482710583 0.007190062415860971 0.004053051861816802 0.0009080441116237375 0.0004615454111584004 9.362555395949439e-05
 0.06711409395973154 0.05721830985915493 0.05007704160246533 0.03014545180495893 0.02173800527922986 0.007202765862091043 0.003979835500132661 0.0008897760859136839 0.0004520022718027226 9.164451094205576e-05
 0.04672897196261682 0.02680965147453083 0.0178359096313912 0.01667857993805099 0.01549522746993926 0.00640839805306764 0.003616605385297638 0.0008679149211933251 0.0004415132326421525 9.548233298349667e-05
 0.06165228113440198 0.0495212941564873 0.04089422028353326 0.02190267593562518 0.01783466219051616 0.006782691803733563 0.003810744567523796 0.0008847583071111487 0.0004507201233797346 9.548786040947979e-05
 0.06741573033707865 0.04789781798829165 0.03611556982343499 0.01667094126699154 0.02029929660576878 0.006901532782280716 0.003808747719180145 0.0008356767913120708 0.0004235359936646895 9.748527773356677e-05
 0.04778972520908004 0.02985074626865672 0.02801120448179271 0.02884678423916607 0.02135404028148508 0.007230541808599524 0.003988583786850082 0.0008747749884335307 0.0004782722852923464 9.749798288611937e-05
 0.05387931034482759 0.0346740638002774 0.03454231433506045 0.0243605359317905 0.01647647525477513 0.006126858211602335 0.003374777975133215 0.0007922414442754758 0.000402664657926552 9.534450651769087e-05
 0.06087437742114001 0.04641350210970464 0.03672787979966611 0.02603755720372416 0.01831196936906942 0.006741681246889998 0.003720897267798292 0.0008683118281437231 0.0004416332579285437 9.547388162790128e-05
 0.06458557588805167 0.04977187888842804 0.04835784807576063 0.02620967741935484 0.01704024118495216 0.006795566701723162 0.003737286551997224 0.0009176679762553412 0.0004689400489456176 9.742184034628097e-05
 0.05215123859191655 0.04539264639128461 0.03546099290780142 0.01769911504424779 0.01086562839550887 0.007169911311314432 0.004009308568589683 0.0008909669509367742 0.0004523164996209391 9.742637300104445e-05
 0.06675567423230974 0.04904364884747425 0.03772161448509996 0.01905215527506549 0.02045847977757961 0.00678195998643608 0.003978860143065971 0.000889468117402057 0.0004519285559900183 9.16449308797993e-05
 0.05313496280552604 0.04392386530014641 0.03382187147688839 0.01274065685164213 0.01929777539533637 0.007196945991613993 0.004064900020756937 0.0009087938372176213 0.0004617376662009994 8.571327196263061e-05
 0.0462962962962963 0.0267379679144385 0.02696629213483146 0.02281021897810219 0.01794100575167537 0.006297839356651487 0.003662237103693628 0.0008135892652707799 0.0004129972191520577 9.539326070461436e-05
 0.05069708491761724 0.03125 0.02427184466019417 0.007828401440425865 0.01008064516129032 0.00703982744933571 0.004005795619193727 0.0008315670591147485 0.0004224786132483398 9.735730548358069e-05
 0.0712719298245614 0.05623552762156798 0.04808743169398907 0.02455166524338172 0.0193927304964539 0.005920663114268798 0.003190926827489379 0.0007553382075243307 0.0003834646126073332 7.770829858875751e-05
 0.04815409309791333 0.02742230347349177 0.01817080557238038 0.02616730722054134 0.01824505387992474 0.007067246385718018 0.004028249168637937 0.0009069437154589521 0.0004612632134735966 9.361307842425686e-05
 0.03875968992248062 0.03394433129667345 0.0243427458617332 0.009033423667570008 0.01166331886217845 0.006060135187631109 0.003393517511420491 0.0007551305310891113 0.0003834133421944417 9.537652366480319e-05
 0.04622496147919877 0.02676181980374666 0.02939941201175977 0.02686968204209584 0.01821272462360369 0.006945516283377065 0.00390089980755561 0.0009361793184614561 0.000478462825879566 9.548320669209968e-05
 0.0510204081632653 0.03144654088050314 0.02922755741127349 0.02701729106628242 0.01828153564899452 0.005459260270233383 0.003995681263655453 0.0009208332773799224 0.0004696792677700216 9.343743190995652e-05
 0.06076388888888889 0.05120126033871603 0.04125674389082831 0.01718440185062789 0.01011673151750973 0.003980065065411504 0.004091862308833308 0.0009251513971713496 0.0004708000953370193 9.559443106675618e-05
 0.06443298969072166 0.03965107057890564 0.0273972602739726 0.02564329295251569 0.01981364463960587 0.007106085967848908 0.004000173920605244 0.0009074620410558996 0.0004697790179073889 9.745652394854853e-05
 0.05128205128205128 0.03159557661927331 0.02470355731225296 0.007906388361796331 0.01975503753457131 0.006061320357617901 0.003671232397751808 0.0008140402562288616 0.0004130479892922226 9.744867437982868e-05
 0.07121057985757884 0.05790387955993052 0.04912797838368951 0.02349072116513977 0.01611928269192021 0.007194582166820464 0.004064653942281914 0.0009248519273528812 0.0004707188366968483 9.748989387926613e-05
 0.05115089514066496 0.03149606299212598 0.0312256049960968 0.02810468997013877 0.01918120242162681 0.006410361774519634 0.003718565152720606 0.0008314287813574332 0.0004397799536569658 9.343954958160951e-05
 0.06083650190114068 0.04331348132106119 0.03682624707063944 0.01566784175479828 0.0173631900371213 0.006475530588787619 0.00356084142682916 0.0008846102810945321 0.0004506631606379039 9.159002473129778e-05
 0.04702194357366771 0.02697841726618705 0.01802884615384615 0.02792607802874744 0.01945859325816975 0.005809880213940294 0.003728399129462157 0.0008319451457935499 0.0004225728594227851 9.736332176630578e-05
 0.04975124378109452 0.03084040092521203 0.02143622722400857 0.01139114338601737 0.01907689046685391 0.006831252184412035 0.003788045632735762 0.0009246132034765456 0.000470656988128658 9.558871997344227e-05
 0.06200177147918512 0.04229607250755287 0.03120820329915292 0.02585592011412268 0.01921704277164663 0.006214633827233179 0.003401482330194422 0.0008865401997799068 0.0004511630689681214 9.161065471745084e-05
 0.05524861878453038 0.04267425320056899 0.03316138540899042 0.01606127996046454 0.01527883880825057 0.00558319785867941 0.003050148021889298 0.0008268992240608444 0.000478538523816081 9.750197938967342e-05
 0.06211180124223602 0.04502251125562781 0.03461538461538462 0.02171081198436822 0.01822012184706485 0.005579791011463935 0.003007792918014857 0.000790762352768729 0.0004022502467461879 8.165934985614012e-05
 0.04504504504504505 0.02620087336244541 0.0176159718144451 0.02111932418162619 0.01591699581441962 0.006402765994909801 0.003538320005661312 0.0008490536910679551 0.0004318335948870902 8.763973059546815e-05
 0.0650887573964497 0.05289450484866294 0.04482189195564992 0.02177151369313624 0.01759364358683314 0.006426735218508998 0.003712529354883271 0.0008653030772100321 0.0004408583610257696 9.742978245520269e-05
 0.06369426751592357 0.04575495678698526 0.03503308680420397 0.02533200276349121 0.0180003272786778 0.006436145392524417 0.003548301250776191 0.0009217740309370409 0.0004784745060971322 9.749819628336876e-05
 0.06317119393556538 0.04677268475210477 0.03640334910811795 0.01469998663637579 0.01572722697533971 0.005389655230491975 0.003411148332473257 0.0007560073507176254 0.0003922649278869963 8.552970635662745e-05
 0.06285355122564425 0.04863449307893752 0.03947767992711813 0.02131514441010338 0.01720676799541153 0.006990617038463928 0.004010889137317483 0.0009395486714973531 0.000479351681741788 9.753431267072237e-05
 0.0644468313641246 0.04932182490752158 0.03930560104814936 0.02110764900995075 0.01752464403066813 0.005730659025787965 0.003531590507773806 0.0008074035056691261 0.0004763075858301409 9.740762526769702e-05
 0.05681818181818182 0.03836317135549872 0.02785515320334262 0.02746765904660642 0.0202807279713935 0.00697670731127214 0.00387156948147366 0.0009412903746335692 0.0004798051012095005 9.755305094180503e-05
 0.05830903790087463 0.0418848167539267 0.03182179793158314 0.01355013550135501 0.007898894154818325 0.005981614406246064 0.003330178427454692 0.0009153422808041282 0.0004682561361064502 9.739709251789573e-05
 0.04950495049504951 0.03062787136294028 0.03467843631778058 0.02314145212612092 0.01865671641791045 0.006846011420391778 0.003830983953401305 0.0007018501549919092 0.0003551525232106972 9.348569778222088e-05
 0.06504065040650407 0.05333333333333334 0.04491017964071856 0.02306079664570231 0.01860098077898653 0.006992137729575188 0.004131604242904602 0.000942095720770519 0.0004800142632809661 9.756192743343838e-05
 0.06716417910447761 0.04936240230357877 0.03933136676499508 0.02752005032237773 0.01954291297975137 0.006165741805395857 0.003345661039325081 0.0009037123349042546 0.0004604403377084962 9.358057187684797e-05
 0.05415162454873646 0.03663003663003662 0.03211991434689507 0.02551020408163265 0.0177670793214122 0.005295976766037413 0.002840961161311608 0.0009276859347666397 0.0004762524954658818 9.740557275172533e-05
 0.07201646090534979 0.04784688995215311 0.03525782282944028 0.02675704602211916 0.01887008234217749 0.006663741121783933 0.003657089848453764 0.0009011582759883501 0.0004597831584363851 9.355341342567122e-05
 0.06198347107438017 0.04822446295484437 0.04374856090260189 0.02898550724637681 0.02062415196743555 0.006453000645300065 0.00376262228522427 0.0009168791725165468 0.0004686648714198398 9.550659383492999e-05
 0.03992015968063872 0.02487562189054726 0.01692047377326565 0.02421741860256525 0.01799934547834624 0.005552938009019318 0.003405102415003405 0.0007557231495440471 0.0003835815302542555 9.355389759470939e-05
 0.06245662734212352 0.04497751124437781 0.03444316877152698 0.02231727729217035 0.01518833535844471 0.006840046988148875 0.003903763737429456 0.0008856952515181973 0.0004509640336576026 9.748574320743215e-05
 0.05617977528089887 0.04514672686230248 0.04272543287609624 0.02239761092150171 0.01985267227417585 0.006489924392380829 0.003564427018356799 0.0008859664835027263 0.0004510343394013793 9.160589312659078e-05
 0.05452562704471101 0.03491620111731844 0.03875968992248062 0.02922315122980761 0.02041163463174009 0.006313236198102706 0.003912567165736345 0.0008712049345047491 0.0004696691572178364 9.746480128319373e-05
 0.03992015968063872 0.02125398512221041 0.01346801346801347 0.0157958687727825 0.01704982950170498 0.006959047518191858 0.003942203863359786 0.0009206601900779685 0.000469650775510843 9.554777239326268e-05
 0.0547645125958379 0.03988603988603989 0.02969876962240136 0.02268645429624728 0.01591981132075472 0.004650281600385801 0.004129920412992041 0.0009271098509284619 0.0004713234073932968 9.561678704089749e-05
 0.05636978579481398 0.04587155963302753 0.03573981415296641 0.02208434115048901 0.01416239546803345 0.007241464316529028 0.004069757373188092 0.0009090926674906527 0.0004618392995764835 9.554714475272997e-05
 0.07102993404363267 0.05481597494126859 0.04497354497354497 0.0241779497098646 0.01617317740731525 0.006293464237389471 0.003611629446818756 0.0008444957113053025 0.0004306585846405615 9.561699655858494e-05
 0.06476683937823834 0.04852405984634048 0.03868471953578337 0.02786846086471853 0.02015399720944654 0.007086614173228346 0.003944565703316065 0.0008727763597855685 0.0004427965851527353 8.967955700690294e-05
 0.06856540084388185 0.05250403877221325 0.04237288135593221 0.01797406599049942 0.016270337922403 0.005148133386475355 0.00299090413272577 0.0007862177938345184 0.000447167195814515 9.144589275742565e-05
 0.05972130059721301 0.05086774386594854 0.04271356783919598 0.02059025394646534 0.01279317697228145 0.005357710918010281 0.003743406499914923 0.0008476976339603084 0.0004314854966937423 9.549164070156117e-05
 0.05167958656330749 0.04136504653567735 0.04499678594386115 0.02460872133083965 0.01638621037373164 0.00609306352820447 0.003364439643723549 0.0009209569510185209 0.0004697238513050005 9.746547981559531e-05
 0.06609385327164573 0.04958677685950413 0.04408199250606128 0.02630908936603582 0.01810641901758075 0.005969852246156908 0.00395899854549836 0.0008885660861368237 0.0004517031171442936 9.163403200298647e-05
 0.05076142131979695 0.03093580819798917 0.02631578947368421 0.02639087018544936 0.0191125574668113 0.006812312859428716 0.003781815623295984 0.0009214272139688366 0.0004782802214535034 9.749099949165408e-05
 0.05611672278338945 0.04662992793556592 0.03747657713928795 0.0266208673250322 0.01825354766531237 0.005659497969238964 0.003666073111972347 0.0008636987418788327 0.0004404445553712214 8.958261667239996e-05
 0.05458515283842795 0.0449438202247191 0.03508771929824561 0.02368421052631579 0.01741307068618382 0.006115440703746099 0.00388561413371473 0.000915309117050874 0.0004682511113647471 9.548993098465239e-05
 0.06977992485238861 0.05299633102323685 0.04395604395604396 0.02707336882952802 0.01826595226497808 0.007393943128254105 0.00415591611975965 0.0009153649731778993 0.0004682492842126827 9.549414839711083e-05
 0.07179487179487179 0.05535055350553506 0.04478029666946543 0.0289110183103116 0.02022926500337155 0.006478620552177813 0.003933708460893807 0.000887588807119234 0.0004514535331636784 9.548512510839054e-05
 0.06864988558352403 0.04878048780487805 0.03993855606758832 0.02143513320404205 0.01456433637284701 0.006936416184971098 0.003897588691796009 0.0009050261687353897 0.0004607838619766059 9.359531258743445e-05
 0.06626905235255136 0.05279244234509586 0.04974417282546902 0.0304451575742615 0.02113923327429584 0.006839388363269228 0.003862325646720095 0.0008704162910981558 0.0004421852599017563 9.550767702646398e-05
 0.04431314623338257 0.02561912894961571 0.01716247139588101 0.02354128131831175 0.01798561151079137 0.006103927395389929 0.003839925204935139 0.0008979902214596736 0.0004589525530944631 9.35195340419063e-05
 0.05649717514124294 0.04994648590795576 0.04053271569195136 0.02000631778456355 0.01279633620689655 0.004801642492880323 0.003699684293606945 0.0008602134093889426 0.0004571041769596154 9.344254049193322e-05
 0.0654911838790932 0.05019305019305019 0.04021033096195484 0.02609963921086973 0.01849333695947784 0.006320702732488412 0.003473335470770546 0.0008842514811212308 0.0004505854672473342 9.158765406387363e-05
 0.06749740394600208 0.05198663200891199 0.04196642685851319 0.01782304264799491 0.01676009940472751 0.006527922410979345 0.003862916838118592 0.0009130127137020384 0.0004676484686461187 9.546486216862754e-05
 0.06261740763932373 0.05085823267641449 0.04261719729255452 0.02181591522958654 0.01765461159854483 0.006267375897922124 0.003457109679020663 0.0009158592476979496 0.0004683941302408912 9.741748242210876e-05
 0.05228758169934641 0.03142183817753338 0.03614853762734144 0.02484857897189005 0.01782250878020653 0.005736012324232194 0.003479116813468425 0.0008056642029966872 0.0004109637295154151 8.360529938161937e-05
 0.06678809957498483 0.04968944099378882 0.04208311415044713 0.02643595289593848 0.01948218405537042 0.006631404436725349 0.003686830116135149 0.0008311668229131431 0.0004223864836325237 8.758514420595409e-05
 0.0547645125958379 0.04087889626980071 0.0359496704613541 0.02944303590414656 0.02068526572610586 0.006611788819465106 0.003721292883470372 0.0008165868226217881 0.0004586735161911751 9.543263390490855e-05
 0.06968641114982578 0.04789781798829165 0.036 0.02211019722295923 0.01499160470136724 0.006740563211503895 0.00387326019046336 0.0009006695615847185 0.000459651408195878 9.354862787052472e-05
# name: avgRateB
# type: matrix
# rows: 100
# columns: 10
 0.07804546996946048 0.07007603995825257 0.06330818965517242 0.04273504273504274 0.03239261625843096 0.01234944572781822 0.007483909594372101 0.001797618439402283 0.0009230829025613121 0.0001967145100199218
 0.08844813722862503 0.07112970711297072 0.06220235202643599 0.0428439092172302 0.03246753246753247 0.01152342837566377 0.007653513365451235 0.001812541259162873 0.0009270146712269283 0.0001967708512008885
 0.06705539358600583 0.05264223527029763 0.05694227769110764 0.03935003009119949 0.03126155501025244 0.01307354925775978 0.007635844130252722 0.001865629452070283 0.0009599171562405766 0.0001967039960516143
 0.07371418998157145 0.06390230048281738 0.05837012646860735 0.041156295933366 0.03206095353047677 0.01228960726689821 0.00739696262222325 0.00184971703066233 0.0009556851683453903 0.0001965256644651822
 0.07784854918612881 0.05926979611190137 0.05577452219825983 0.03917535869937809 0.02890434468431036 0.01314220680685021 0.007792666859474918 0.001870377192733868 0.0009345164118423461 0.0001887819036449215
 0.07036059806508356 0.06220406647479343 0.05621135469364812 0.03806438550313829 0.03105795281834402 0.01298105290762473 0.007799083016905892 0.001873123329088848 0.0009618934727269194 0.0001967867702043362
 0.068762278978389 0.06247609333163331 0.05333333333333334 0.03721014657167492 0.02967896051250498 0.01194335437638628 0.0073336592737455 0.001845008134808594 0.0009544256912114746 0.0001964722709158128
 0.07132368365848542 0.06004574914220358 0.05466264175573142 0.03763159148287524 0.02977424339501752 0.01239335194510397 0.007461748719721009 0.001796330191961517 0.0009227377142329864 0.0001964103333261911
 0.06468051744413955 0.06143535325328121 0.0558659217877095 0.04177109440267335 0.03294062935978918 0.01351558472320919 0.007924059732705943 0.001862353102148167 0.000954325773709883 0.000194889752060462
 0.06422786931024853 0.05405405405405406 0.0463896732553449 0.04077129700690713 0.03230833555057205 0.01276407304175675 0.00769103993847168 0.001803345205355935 0.0009293347415336153 0.0001944891306375552
 0.0740835355728701 0.06685867105533841 0.0612061206120612 0.03951466691460184 0.03149547947235808 0.01245019920318725 0.007147481984140999 0.001632703237938645 0.0009397358082938951 0.0001926974423685654
 0.0749063670411985 0.06848446417247939 0.0628053035589672 0.0397196261682243 0.03164674783126699 0.0124746837300772 0.007248383366181812 0.001697038572352 0.0008696306414845083 0.0001909517132844112
 0.0737163192679207 0.06442660323124194 0.05949851253718657 0.04456469839248766 0.03455083909180652 0.01295468770469134 0.007457309000720593 0.001819874163284418 0.0009334916379569369 0.0001908555917010422
 0.08514261387824607 0.06905481225722918 0.06242649054555324 0.04221105527638191 0.03311258278145695 0.01266259928628986 0.007455308665985964 0.001827592119121324 0.0009402504749718894 0.0001927194180111992
 0.07651109410864575 0.06470465456063453 0.0557338287451444 0.03864168618266979 0.0296069058999786 0.0119806055138975 0.006974971207967688 0.001643162438070927 0.0008476640522239003 0.0001730331943300006
 0.05247376311844078 0.06062136903258399 0.05673069130399546 0.04094365373367128 0.03201868384374883 0.01267533046397281 0.007433304471418535 0.001735210666015804 0.000887605707987476 0.0001810823110639899
 0.08135833038556774 0.06676342525399129 0.05537521481764368 0.04039129062795835 0.03009215723152153 0.01061522830323158 0.007396170594938906 0.001839480890984479 0.0009483075613013102 0.0001946374985824233
 0.06677140612725845 0.05597014925373135 0.05795619193727095 0.04126013300325227 0.03220965557629663 0.01306811929129526 0.007703535517353227 0.00180943419944917 0.0009385655621910958 0.0001944269691632875
 0.07474263150472429 0.068759730150493 0.06242197253433208 0.04296698326549073 0.03237686672872233 0.01269731336392231 0.007601436516370237 0.001846948294870949 0.0009501703519702461 0.0001947103167460012
 0.06714225765841376 0.05523474767762993 0.04926108374384237 0.03861324475814822 0.03153397531533975 0.01315491682697748 0.007664133468867483 0.001850568483308061 0.0009511386488396109 0.0001947515258682689
 0.03992015968063872 0.01921229586935639 0.05919962112242481 0.04009476945507563 0.03022808463863699 0.01251442635260092 0.007344660431866034 0.001717075553232204 0.0008781164597076262 0.0001887819036449215
 0.06792675723567632 0.06316078539063573 0.05776717317593872 0.03991191852463528 0.03177966101694915 0.01297950085354326 0.007573013730203155 0.001784040053597118 0.000914717216145732 0.0001886994831620472
 0.07418129184005789 0.06499187601549807 0.0598940336328035 0.04114961743715039 0.03009713165215012 0.01114941685615785 0.006399030041762091 0.001582848784543768 0.0008096652570687192 0.0001651153121574603
 0.07457386363636363 0.06376594148537133 0.05773047086415299 0.03996296115795116 0.03165412082609535 0.0126584001415563 0.007641980988622806 0.001851299120821826 0.0009513731809841858 0.0001948111842293588
 0.07105459985041138 0.06609870740305523 0.0595755243887303 0.04041248606465998 0.02918191710357108 0.01277618075518338 0.007495587275233129 0.001768911662834025 0.0009372496842821296 0.0001925882128469045
 0.07378258730939498 0.06512401274767908 0.05864197530864197 0.04162441965953359 0.03207228333965583 0.01332064700285442 0.007892786959183017 0.001863794647866431 0.0009546660276249176 0.0001948996743982174
 0.06983849847228285 0.06290377422645359 0.05628253834247924 0.04091456077015644 0.03085875506965262 0.01112278316752147 0.007464949728229173 0.001820208442014164 0.0009529190605950642 0.0001964055405407818
 0.07652280379553107 0.06414662084765177 0.05585477757829643 0.03931203931203931 0.03063063063063063 0.01305274374001066 0.007798077535170921 0.001858521034475565 0.0009532860646113948 0.0001948425572727768
 0.07214206437291898 0.05560704355885079 0.04634397528321318 0.03933416942195873 0.0310354191721302 0.01222614145786197 0.007206477732793522 0.001768166975155373 0.0009426049754153234 0.0001961716799429319
 0.07702182284980744 0.06462035541195477 0.06037918125830213 0.03918183025634214 0.03052988164443143 0.01162253579890033 0.006626792632365935 0.001833891063089634 0.0009420777573499061 0.0001927915823617565
 0.04322766570605187 0.06078553615960099 0.05513926198218578 0.03757500981436824 0.02902252147666589 0.01119787829674378 0.006415396952686447 0.001723133630886047 0.0008892170830200132 0.0001827147116324924
 0.08175182481751825 0.06653992395437262 0.05879470847623714 0.03889999459722297 0.03020053152935492 0.01226064196170271 0.007225022933359311 0.001756549758521627 0.0009027811483764501 0.0001967840712239075
 0.07522446008250425 0.06870299879305543 0.06480427357912251 0.04621704895583705 0.03554181958663318 0.01386820822749701 0.007977897026343855 0.001824624751514919 0.0009301405687173165 0.0001891660425846613
 0.07272727272727272 0.06009615384615384 0.0571651292711446 0.04036765619177742 0.03064815165159484 0.01202945750080685 0.007562866326337681 0.001816430751415775 0.0009327596861263657 0.0001908200451686949
 0.0785269428648795 0.06778868630201028 0.05890717042453788 0.04134704314237528 0.03193695562007466 0.013151049193595 0.007597769094613098 0.001860737117718205 0.0009301532427467425 0.000190709772107782
 0.08158825129181398 0.06932409012131717 0.06167551824567415 0.04327344434706398 0.03331350386674598 0.01300822008801306 0.007713817375373638 0.001825053420834506 0.0009350300232296521 0.000190913321374735
 0.08006405124099279 0.06514657980456026 0.05875769445998881 0.04175979296553346 0.03216529175811701 0.01307136696852091 0.007773494786950146 0.00184292222868195 0.0009444654325651681 0.0001887260613407378
 0.0663716814159292 0.05078290308929327 0.04504504504504504 0.04262857775563306 0.03292005130397606 0.01270629889783565 0.007378788883730185 0.001704451875088574 0.0008700863340720921 0.0001907150762453049
 0.07835820895522388 0.06481721545242417 0.0571870170015456 0.0393015913923072 0.03255697470573504 0.01324789401684786 0.007665516839140796 0.001763928806299527 0.0009249054649256377 0.0001966214086553538
 0.06013745704467353 0.04942965779467681 0.0489734413260501 0.02679368859779696 0.03165838394993558 0.0126598856244816 0.007292906600499606 0.001672501196703442 0.0008522301491598676 0.0001906593975123318
 0.07397133610725844 0.06270996640537514 0.06061810593262447 0.04216907162153258 0.03216508626091315 0.01285274427276066 0.007596205129862783 0.001801637783568305 0.0009568638063848912 0.0001965706171006906
 0.0699876492383697 0.06828703703703703 0.0633245382585752 0.04394624546207248 0.03317703264620012 0.01243630186847852 0.007038203713081617 0.001786902385704781 0.0009154949467600731 0.0001869357746350029
 0.07427677873338545 0.06095944871455075 0.05215419501133787 0.03751681177886317 0.02726337448559671 0.01232215265141203 0.00714499351965704 0.001647796838146113 0.0009535679816914947 0.0001964324299227306
 0.07627988851400909 0.07001166861143525 0.06467840459935321 0.04209775240813414 0.0320826323408584 0.01264865807914861 0.007572611573881818 0.001802102579472724 0.0009242386948582169 0.0001926625366704339
 0.06574141709276844 0.04731861198738171 0.05854177754124534 0.04190707561494078 0.03171017766387212 0.0113946772808866 0.007243519062527667 0.001829125715621865 0.000940819541112844 0.0001927691305476273
 0.0617283950617284 0.06175468483816014 0.05448055607739997 0.04303301013182264 0.03338404327248141 0.01347474571850821 0.007890519048206139 0.001834879920488537 0.0009375897302671545 0.0001910512015229965
 0.07807417046193885 0.06670533642691415 0.06113769271664009 0.04211229946524064 0.03108348134991119 0.01116429871381161 0.006296034360823142 0.001410698895016948 0.0007169655660099393 0.0001964976965110941
 0.05714285714285714 0.06050338818973863 0.05945551267341191 0.04209627234457934 0.03180016591390911 0.01305618610999837 0.007460219228715062 0.00187053268614162 0.0009611958441386958 0.0001967553258089327
 0.07703281027104136 0.06605922551252848 0.06005186297256721 0.04219660049922739 0.03303588380482248 0.01353809705123324 0.007903316099713505 0.00184934510304856 0.0009625883709601673 0.0001869673791648724
 0.07751937984496125 0.06496881496881497 0.05597850425436632 0.02846819226979087 0.03438846536294332 0.01296630251725114 0.007576640634106539 0.001744478055999663 0.000944996341792512 0.0001929146237438921
 0.08163265306122448 0.06814310051107325 0.0577046377431075 0.04113143074099854 0.0323880811861235 0.01340688499406466 0.00785796724209906 0.001859914292112825 0.0009536599131974854 0.0001967181061331936
 0.06772009029345373 0.06635700066357 0.06122199093914533 0.04057326091224397 0.03202684154338874 0.012798998833869 0.007444661350627006 0.001722725428192976 0.0009425501130574284 0.0001928136178096174
 0.07643961270596228 0.06865970533543127 0.0619608796015065 0.03987538940809969 0.02996815883124181 0.0120910176849343 0.006961510396135104 0.001838142200931451 0.000947927810460867 0.0001962472763256801
 0.07936507936507936 0.06625258799171843 0.05989731888191671 0.04270800379626701 0.03341540626099191 0.01366690164146682 0.007982926312702627 0.001869162443567506 0.0009629984854660184 0.0001968308640338119
 0.08132025831140875 0.07019438444924406 0.06292352371732818 0.04106320403973143 0.03269654665686995 0.01308538943572893 0.007540214477211796 0.0018563418699803 0.000952745754934348 0.0001948207887299752
 0.05843071786310518 0.06662333441663959 0.06218202374222724 0.04399748585795098 0.03299552203629508 0.01253319805437021 0.007380315877519558 0.00171926667545403 0.0008787646521800686 0.0001947128700438621
 0.07692307692307693 0.06965840589417281 0.0641420994202541 0.04418746768203826 0.03536227522383568 0.01389176248041853 0.007961983623456841 0.001823938132018562 0.000929971210049171 0.0001927897431086611
 0.06889763779527559 0.05574481263549087 0.04663721158566519 0.04383975812547241 0.03456264954992594 0.01377051081347481 0.007961585350682955 0.001838685952439323 0.0009386017571407062 0.0001967915033777572
 0.07528556593977155 0.06448928645724984 0.05690161527165933 0.04080263819797664 0.03151568454998534 0.01257861635220126 0.007229867760674563 0.001652308236180171 0.0008421712349559818 0.0001966441777234325
 0.0714663843303335 0.06165791276547157 0.05841121495327103 0.03960747221565382 0.03014351914338417 0.01064312657494796 0.005940265390091987 0.0018519498386158 0.000951606904782019 0.0001947760274435448
 0.07466973004020679 0.06622516556291391 0.05943536404160475 0.04337985665786496 0.03242992819087329 0.0130895639183325 0.007622260243425801 0.001818326457786415 0.0009332810955164593 0.0001963990725996115
 0.07734992433159575 0.07013264217106266 0.06327512022272842 0.04380724810832338 0.03331396474917683 0.01319204462352486 0.007646085951979256 0.00176299924497641 0.0008997475816838776 0.0001967900169020759
 0.07609551298871686 0.06561085972850679 0.05764966740576496 0.04111742653283348 0.03105310531053105 0.01245261089741816 0.007325530286997999 0.001870083945990464 0.0009610745395821947 0.0001967505943755961
 0.07572570466975179 0.06062647356012126 0.05192107995846314 0.0391220404430444 0.03080369644357323 0.01235233984552476 0.007189132015601243 0.001766036274005275 0.0009053130192773266 0.000184932753081964
 0.07304116865869854 0.06345177664974619 0.06012412723041117 0.04184382803536478 0.0331730590033173 0.01310326551043844 0.007510104888318833 0.001851092805860031 0.0009582669886701868 0.0001966329682779381
 0.03992015968063872 0.07568837269998696 0.0697786333012512 0.04432687495531565 0.0318846267046012 0.01161836010719874 0.006861465341232387 0.001782571757995024 0.0009302406707035236 0.0001907174632034494
 0.07756084514576091 0.06746626686656672 0.06111402130260171 0.04331926863572434 0.03313800767831885 0.01275491286614757 0.007287579760865697 0.001655364632557173 0.0008429777502884258 0.0001944922571243209
 0.06682867557715674 0.06650704974727321 0.06186285614707676 0.04426388552025224 0.03346628157520744 0.01268823201338539 0.007440476190476191 0.001817851299763679 0.000933156811169887 0.0001964388610831996
 0.07944013618309059 0.06988662835844076 0.06349654296599407 0.04352685136168461 0.03314372732565952 0.01295902618014502 0.007462623992755385 0.001708991407037588 0.0008713138041560689 0.0001907694227615344
 0.06489675516224189 0.0517464424320828 0.04290694556181282 0.03808691308691309 0.02858079932530572 0.01230012300123001 0.0074325011539936 0.001794718238682412 0.00094527622321637 0.000194508238515529
 0.07765023632680622 0.06535947712418301 0.05901794145420208 0.04073643000740662 0.03166355443695705 0.01343791136463361 0.007934515954044579 0.001866574226800197 0.0009554469249233204 0.000194935496242121
 0.07255139056831922 0.06830601092896176 0.06274312962730581 0.04307657427875078 0.03308519437551696 0.01315885664156737 0.00756442367496512 0.00186257226874472 0.0009591210963044774 0.0001966705073701776
 0.07329842931937172 0.06321968841724995 0.05479936362029344 0.04059688391485627 0.03141316806044912 0.01144518683494185 0.007775432805979149 0.001871473265342773 0.0009614749608611707 0.0001967692477094271
 0.08248968878890139 0.07097882083571837 0.06529382219989954 0.04483391073975953 0.03264835797964279 0.01224696641234269 0.00718617025571462 0.001839830661242573 0.0009428498309604946 0.000194404444958448
 0.05219206680584551 0.03382949932341001 0.05969011938023876 0.0407512402551382 0.03097055616139585 0.01267709624841536 0.00743682782517734 0.001737048963783484 0.000888888020622202 0.0001810823110639899
 0.08935663224781572 0.07877975192758967 0.06895772100384355 0.046546808634433 0.03547579298831385 0.01310037016162201 0.007542742205833054 0.001728037602098222 0.0009595124513701645 0.0001927600899971026
 0.07613469985358712 0.06457359162769984 0.05953134895503483 0.04192744728686881 0.03145350640145306 0.01284276782816094 0.007493597503232128 0.001799596890296574 0.000923608802089106 0.00018889334942307
 0.08013640238704177 0.07210455159981974 0.06449948400412796 0.04557581147176522 0.03513582997686177 0.01277355412601188 0.007181696932389453 0.001805465810179026 0.0009251513596316535 0.0001927204518321059
 0.03703703703703703 0.025 0.01686340640809443 0.04559443747862761 0.03481543624161074 0.01306613814871908 0.007498146525577946 0.00186315064419845 0.0009592670037343586 0.0001966761336094481
 0.0508646998982706 0.06941157911342483 0.06165377176015473 0.04082153335884679 0.03012323140118667 0.01281047612269589 0.007587192818522334 0.001832494856734796 0.0009417366011269772 0.0001927804707420856
 0.0792393026941363 0.06964727027634239 0.06446991404011461 0.04363148179224702 0.0335787162598476 0.01268572928362083 0.007743059476375602 0.001850718758734259 0.0009512688275999972 0.0001965635918958618
 0.0699912510936133 0.067598017124831 0.06237006237006237 0.04413322349064375 0.0330068525095971 0.01346047579239696 0.007840936290329238 0.001817649568643058 0.0009283390646055585 0.0001927591323613371
 0.07499278915488895 0.06320836965998256 0.0591715976331361 0.04172876304023845 0.0329605650382578 0.0131550098662574 0.00778216360193832 0.001843619271713369 0.0009446650285980295 0.0001929028841367606
 0.0850954100051573 0.07140307033202427 0.06284747401498671 0.04177201275145652 0.03248311247277694 0.01289830856271802 0.007494584956473756 0.001783366502685484 0.0009145988462432852 0.0001963261234712838
 0.06426735218508997 0.06489760599942314 0.06004277019246586 0.04314994606256742 0.03417077622024618 0.01374775004606205 0.008007264322271751 0.001882261680004107 0.0009643079434623331 0.0001968872327380113
 0.03831417624521073 0.06920415224913495 0.0634383590611123 0.04378861496011038 0.03313663186563777 0.01252855774191171 0.007552323946490982 0.001787248929551971 0.0009156188999325948 0.0001869439907848545
 0.07925407925407925 0.07034547444114428 0.06375743836780959 0.04478233701312227 0.03501058459534278 0.013446628329471 0.007801542049481696 0.001800866331654441 0.0009424933321025861 0.0001928121997248152
 0.07542147293700088 0.06434205064342051 0.06009287080032778 0.04324268000416797 0.03380166972103441 0.0129213972531142 0.007456256627783669 0.001807674708936127 0.0009304597634306051 0.0001907272768813706
 0.07664380798709157 0.0638080653394589 0.05449041372351161 0.03967684879774368 0.03127134179217139 0.0126464036789538 0.00767757357015086 0.001837747717024743 0.0009499520661942108 0.0001947052877187852
 0.06474820143884892 0.0665385184089901 0.06180932758943623 0.04285628055773526 0.03229568493765139 0.01215796975879706 0.007122915319180291 0.001753608568169176 0.0009432064592318258 0.0001962367344463061
 0.06711409395973154 0.06490757725412727 0.05897530409141172 0.03969254032258064 0.03161911684535708 0.01327819195286242 0.007812309269793218 0.001830803264932489 0.0009365488176071178 0.0001909817996334343
 0.0749063670411985 0.06277792309704421 0.05981346309813463 0.04089554307894919 0.02976916695134449 0.01179635463870067 0.00682787103650413 0.001839468300758641 0.0009529502473339051 0.0001964092812313076
 0.07483629560336763 0.06838608831574834 0.06211812627291242 0.04238171333287015 0.03075244283517683 0.01294601946266746 0.007745872161493531 0.001856095759389382 0.0009526855525235959 0.000192651248608492
 0.07707910750507099 0.06171025565677343 0.0516732283464567 0.03661513425549227 0.02684030021372831 0.008812585677916313 0.004827462900053639 0.001796887412709101 0.0009228936894472449 0.0001888299341957495
 0.08363201911589008 0.06175562417291575 0.05938914027149321 0.04032011729488667 0.03022374594009383 0.01200754760134942 0.006968467683731117 0.00178166965191103 0.0009141532315316735 0.0001868830003071641
 0.05675368898978434 0.065359477124183 0.05801403130059363 0.0398406374501992 0.03098965669899787 0.01253661843906308 0.007611177557899316 0.001848275445849301 0.0009506219783801402 0.0001908231933665087
 0.07741501178054526 0.06479933110367893 0.05651542063620217 0.03993748914742143 0.0304635761589404 0.01143866558554384 0.007355673934588702 0.001790385441716358 0.0009211737110598055 0.0001887945092992226
 0.07280785058562837 0.06067000791347929 0.06011846874723721 0.04278868096759471 0.03239786258257248 0.01233806292412091 0.007078631801596062 0.001807705344028923 0.0009304669781146413 0.000190727580022637
 0.08201105366375468 0.07288819471560588 0.06673407482305359 0.04595542817611306 0.03631110416992035 0.01333170088016433 0.007896730109103802 0.001864596077118171 0.0009548995114422295 0.0001949126602336207
 0.07814469372321654 0.06731813246471227 0.05884586180713744 0.04139420481132641 0.03122073056509523 0.01312766655726945 0.007722198033304033 0.00179670133280834 0.0009260531905456793 0.0001889627456963237
