# Created by Octave 3.0.1, Tue Sep 08 15:01:28 2009 PDT <jwawerla@daneel>
# name: prtA
# type: matrix
# rows: 100
# columns: 10
 380.5 415.4 442.3 1021.7 1069.7 1206.5 2224.9 1650.8 1718.4 1877.8
 428.7 491.7 523.7 833.3 889.9 1732.9 2020 2177.5 2246.3 2406.8
 545 614.1 645.6 1453.8 1506.1 1649.1 2358.7 1855.8 1924.6 1946.8
 533.3 679.4 744.2 854.3 1054.1 1611.5 2152.4 1645.7 2187.1 2726.9
 86.2 199.8 220.4 943.1 992.7 1435.4 1497.8 1655.3 1724.1 1879.5
 75.90000000000001 171.9 317.2 501.6 552.9 1582.3 1644.7 1802.3 1814.8 3462.5
 163.3 250.4 390.9 797.6 1020.8 1650 1712.3 2394.9 2463.6 2619.8
 173.6 212.4 231.8 721.9 769.4 1638.6 1700 1872.3 1941.1 2097.4
 136.5 156.1 174.1 918.9 1464.3 1800.8 1862.4 2522 2590.7 2747.5
 182.1 224.1 244.6 605.2 650.5 1376.3 2065.7 2885.9 2954.5 2315.7
 207.7 295.2 357.9 784.3 880.6 1869.9 1930.2 2094.6 2163.2 2226.1
 87.3 118.9 133.2 744.8 1082 1204.6 1265.1 2218.9 2287.4 2454.3
 68.59999999999999 134 147.3 636.4 720.6 1757.7 1815.1 2132.3 2199.5 3770.3
 82.8 130.1 143.5 816.6 1093.3 1536.7 1594.2 1765.1 1833.6 2516.1
 149.6 254.8 271.3 842.7 1172.6 1511.5 1569.8 1991.6 2058.9 2681.7
 53.2 117 129.3 585.9 1194.5 1312.5 1370.9 2470.9 2556.9 2719.9
 96 204.6 258.2 847.6 932.1 1675.6 1869.3 2033.8 2117.6 2280
 70.40000000000001 82.5 223.2 552.9 951.7 1459.2 1829.6 2046.7 2114.9 2301.2
 66.2 129.8 140.7 809.4 847 1736.9 1795.3 1962.2 2044.6 2206.8
 175 385.8 400.8 504.1 778.3 1208.5 1517.9 2345.9 2428.3 1985.3
 67.40000000000001 78.7 206.5 830.2 915.7 1118.3 1802.1 2169 2252.2 2346.4
 96.5 172.6 346.5 893.2 931.2 1193.9 1253.4 1967.3 2049.8 2207.1
 140.7 284.9 299.5 382.7 875.4 1720.7 1780 1946 2555.5 2713
 114.8 128.7 274.9 776.3 813.6 1667.7 1726.2 1702.2 1770.4 1958.5
 72.09999999999999 82 112.1 375.8 1287.1 1713.8 1772.5 1974.7 2043.1 2206.2
 144.4 311.3 604.4 720.4 758.5 1158.5 1568.6 1682 1749.6 2550.9
 169.6 254.3 347 516.1 710.2 1070.2 1933.7 2097.7 2176.7 2280.6
 142.6 191.9 354.2 683.8 929.1 1050.2 1638.8 1802.4 1881.1 2045.4
 68.5 144.1 411.5 560.6 598.5 1259.3 1317.9 2154.9 2233.6 2792.3
 123.7 138.2 205.9 660.7 941 1223.1 1281.8 2057.5 2136.2 2300.6
 80 185 218.2 666.7 704.6 1413.5 1472 2129.2 2206.1 2369.8
 52.9 60.5 66.5 733.7 771.1 1639.6 1698.2 1854.2 1929.3 2092.2
 53.3 61 67.09999999999999 337.8 613.1 1559.9 1618.7 1934.2 2002.1 2174.5
 68.40000000000001 77.59999999999999 125.3 899.3 936.4 1318.7 1769.1 2108 2472.1 2634.8
 80.8 143.3 154.4 606.4 761.3 1342.1 1774.3 1931.9 2006.7 2169.5
 130.3 144.3 155.5 547.9 827.7 1529.6 1588.2 1891.6 1965.3 2127.4
 69.5 97.09999999999999 174.6 403.3 474.2 882.7 1823.8 2152.6 2226.2 2847.9
 80.5 168.5 180.2 633.3 833.2 1376.8 2094.4 2445.5 2518.5 2682.3
 120.7 134.4 145 272 1109.8 1224.2 1281.1 1436.1 1508.9 1672.6
 55 61.5 151.5 370.8 919.6 1123.3 1552.5 1836.5 1907.7 2075.4
 76.2 131.6 141.8 560.5 989.8 1366.9 1574 1724.3 1795.6 1960.6
 120.3 132.2 197.4 763.1 834.6 997.6 1054.4 2001.2 2067.3 2226.3
 138.1 151.2 162.1 337.3 902.8 1194.4 1562.1 1712.1 1784.3 1946.5
 69 76.8 84 200.8 887.2 1302 1358.7 1917.3 1989.3 2151.4
 112.1 140.3 150.8 241.5 826.3 1212.1 1268.7 2064.8 2403.3 2565.3
 181.6 211.8 224.2 729.8 760.9 1000.9 1673.2 1822.5 1894.3 2704.1
 76.90000000000001 85.90000000000001 164 300.4 693.4 1084.8 1140.6 1991.9 2857.7 3026.2
 79.5 104.9 238 522.3 734.5 1079.1 1134.9 1284.9 1387.4 2739.5
 53.6 60.1 65.7 434.7 685.1 1237.6 1293.4 1807 1880.4 2040.7
 52.9 59.4 117.4 447.1 782.1 1183 1457.3 1607 1680.3 3150
 40.1 62.2 68.09999999999999 467.3 805.1 1196.5 1592.9 2308.6 2382 2542.1
 79.3 88.8 149.1 701.5 732.6 1016.9 1251 1400.9 1474.2 2973.3
 73.09999999999999 156.5 167.6 238 578.8 928.4 1422.1 1572 1961.8 2740.9
 40.1 78.3 85.7 407.9 1039.9 1200.7 1256.8 1406.9 1786 2581.1
 206.9 295 408.7 569.9 909.8 1222.9 1279.4 1659.4 1732.8 1893.4
 88.90000000000001 116.2 145 228.5 256.8 1344.9 1401.4 2427 2500.4 3082.5
 40.5 185.4 197.7 484.7 816.7 1100.5 1157.1 2006.7 2867.5 3028
 86.3 241 305.7 354.4 493.9 1404.4 1574.4 1907.5 1980.8 2619.6
 40.1 66.90000000000001 73.8 149.9 826.5 935.6 1444.4 1594 1667 2143.1
 40.1 41.7 46.1 314.5 808.8 1599.7 1656.3 2122.3 2195.3 2356.4
 114.7 127.7 138.6 639.6 804.2 1236.5 1293.1 1981.5 2053.4 2350.5
 66 75 102.3 135.8 778.7 952.3 1454.2 1603.8 1675.7 2828.8
 80.8 139 150.4 483.7 515.6 1016.6 1073.4 2009.6 2076.6 2235.6
 76.7 86.90000000000001 132.7 508.9 541 1425.8 1482.7 2025.2 2585.7 2744.1
 52.2 59.6 65.90000000000001 719.3 751.7 862.2 1543.5 1693.3 1766.1 3259.1
 155.9 281 295.8 444.7 775.7 1074.6 1131.6 1942.2 2015 2632.4
 83.7 172.9 205.4 807.5 840.1 1043 1426 2346.2 2419 2578.5
 61.4 135.3 146.7 472.6 505 1305.2 1686.9 1836.5 1909.4 2068.9
 102.9 134.1 145.5 327 651.2 1655.5 1712.7 2164.2 2236.9 2396.4
 76.40000000000001 149.4 218.3 468.9 566.6 1474.1 1531.3 1917.6 1990.2 2149.7
 220.2 239.5 253.5 722 792.8 1398.9 1573.8 1722.6 1794.4 2758
 40.2 96.09999999999999 105.3 167.8 549.7 1448.7 1506.1 1654.9 1726.6 3267.8
 87.8 160.5 226.1 435.7 743.4 1441.2 1721.6 2151.5 2223.2 2382.5
 119.5 135.1 146.5 282.1 313.3 1173.8 1231.3 1380.3 2067.9 2227.2
 151.3 186.9 200 738.1 937 1316.5 1374 1718.4 1790 2349.6
 82 153.9 166.2 749.9 870.8 1401.4 1572.7 1721.6 1793.1 2970.4
 74.90000000000001 103.5 113.4 326.1 625.9 1092.2 1150.2 1299.2 2397.9 2558.9
 171.5 189.8 258.6 600.9 634.9 1484.9 1542.9 1894.6 1961.9 2121
 78.09999999999999 122 132.7 554.4 694.4 806.7 1622.7 1771 1839.9 2002.3
 169.9 252.2 358.6 442.7 813.7 926.2 984 1644.2 1713.2 1875.6
 79.5 91.2 185.5 231.7 633.7 1197.9 1255.7 1737.7 1806.6 3415.6
 67.2 110.3 177 675.4 747.2 860.2 918.1 2823.1 2892 3054.4
 103.8 204.8 218.6 267.9 300.1 1700.2 1758.2 1906.9 1975.8 2138.2
 182.3 201.3 274.7 532.7 608.5 1359.8 1633 2103.3 2172.3 2000.6
 77.3 137.8 307 435.5 933.9 1047.4 1628.9 1777.8 1847.5 2009.2
 148.9 263.5 297.8 396.2 865.3 1217.7 1276.1 2405.1 2474.8 2987
 64.8 170.4 182.4 352.5 386.6 1427.2 1485.9 1633.5 1704.6 2970.1
 66.59999999999999 77.40000000000001 158.1 650.3 805.7 1111.4 1593.7 1741.5 2346.9 3016.7
 102.2 148.5 159.3 426.2 767.1 932.3 1565.9 1862.4 1933.5 2094.4
 156.4 206.1 218.1 268.4 832.1 1164.6 1223.5 2014.7 2084.3 2245.4
 75.40000000000001 105 113.5 629.5 880.1 1318.7 1377.3 2062.8 2132.5 2293.5
 100.9 116.1 125.3 629.9 835.8 1137.6 1196.3 1906.1 1975.9 2136.9
 129.5 198.1 319.6 538.6 574.8 1388.9 1638.2 2130.6 2200.4 2360
 76.8 228.9 241.7 444.6 480.6 1037.2 2161.4 2309.5 2819.8 2979.4
 180.3 217.9 230.7 280.5 725.1 1430 1904.7 2569.7 2639.4 2799
 108.3 187.1 199.4 769.6 1123.2 1238.8 1297.3 1824.6 1894.3 2710.7
 155 290.6 325.5 597.4 773.8 1243.8 1603.2 2020.3 2090.1 2937.2
 54.9 191.7 247.5 691.1 728 844.1 902.7 1051.1 2179.1 2338
 67.2 79.3 129.7 854.6 994.2 1369.9 1678.7 1827.1 2180.2 2783.4
 76.90000000000001 139.7 192.1 560.8 1016.4 1459.5 1518.1 1666.7 2072.3 3801.3
# name: prtB
# type: matrix
# rows: 100
# columns: 10
 342.9 493 557.4 875.9 1105.4 1362 1835 2455.3 2925.5 3084
 286.8 424.6 515.8 1146.5 1246.3 1887.2 2884.1 3034.3 3102 3261.5
 373.6 566.9 874.1 1408 1494.8 2330.9 2394.7 2415.8 2482.6 2641.3
 516 932.3 1077.2 1400.8 1673.3 1912.7 3087.5 3245.2 3314.1 3474.6
 533.4 914 1096.9 1686.1 1803.9 2755.8 2822.1 2980.4 3049.3 3209.8
 391.4 1111.3 1141 1854.4 2218.3 1902.3 1964.9 2116 2184.4 2204.3
 556.5 1099.6 1199.9 1733.3 1790.4 1726 1782.2 1930 1997.3 3236.5
 364.1 754.1 1054.3 1483.8 1691.2 1832.1 1898.6 2979.9 3812.9 3967
 243.9 681.4 932.7 1900.1 1950.4 2432.5 2498.8 2657 2725.9 2880.1
 272.3 393.6 444.8 1125.2 1179.2 3248 3313.9 3471.9 3540.7 3694.9
 229.7 816.6 857.9 1450.6 1550.1 2203.5 2549.4 2706.8 2602.8 2761.5
 301 410 735.5 1382.5 1634.9 1761.1 2333.3 2947.2 3015.9 3173.1
 372.3 395.8 480.9 1195 1787.4 2076.2 2307.6 2700.2 2768.7 3864.6
 425.7 695.9 715.4 1644 1685.8 1914.4 1973.3 2133.6 2559.2 3186.7
 110 566.7 966.6 1112.8 1155.7 1749.4 2242.1 2402.6 3193.1 3358.5
 266.1 479.4 497.3 1553.5 1594.8 2354.6 2829 2861.9 2930.3 2954
 492.2 547.9 1024.1 1373.7 1415.1 1591.1 1958.6 3155 2812.1 3007.3
 269 292.6 363.6 1547.3 1587.8 1781.8 2686.8 2886.4 2954.7 3150.1
 79.40000000000001 548.8 643.9 1411.4 1490.4 2823.5 2882 2925 2991.5 3149.8
 209.4 470.5 957.9 1350.5 1389 1826.7 1885.5 2702.5 2785.6 2948
 319.7 682.5 698.1 1272.7 1311 1866.2 1925.7 3194.8 3276.6 3434
 171.8 669.9 685.5 1670.1 1821.2 2082.3 2141.8 2686.4 2767.1 3439
 600.3 859.7 914.3 1296.8 1641.3 1762.7 1821.6 1986.1 2065.5 3125.5
 130.2 145.3 701.9 1292.8 1331.1 2414.8 2473.5 3089.4 3167.8 3331.9
 241.1 290.7 304.1 970.8 1008.3 1127.1 1185.6 2881 2957.1 3120.4
 568.7 588.3 602.3 1415.7 1452.7 1990.5 2048.5 2206.7 2935.3 3098.3
 168.9 271.1 284.7 1249.6 1572.9 2115.1 2348.6 2414.9 3126.4 4013.7
 360.1 425 516.5 1302.3 1728.3 1892.5 2653.7 2810.6 2884.8 3047.4
 145.5 638.2 1108.7 1528.8 1564.6 2045.9 2103.7 2593.5 2666.8 2830.8
 320.6 384.7 667.5 1129.8 1226.4 1399.1 2853.6 3009.1 3082.3 3246.2
 552.3 715.2 883.7 1513.5 1549.3 1898.2 1955.2 2921.9 2988.4 3146.8
 300.5 553.1 754.3 1036.9 1073.1 1232.7 1291.9 2326 2392.9 2551.7
 209.3 700.4 715.1 1030.2 1630.7 2047.4 2104.5 2856.8 2929.4 3092.9
 328.6 347.4 505.5 589.6 1476.2 2254.3 2311.5 2929.4 3001.9 3086.2
 42.3 720.1 734.2 906.7 1564.3 1894.9 2297.9 2729.9 2802 2875.7
 216.1 534.4 548.4 1155.7 1259.6 1464.9 2850.2 3268.7 3869.4 4035.6
 40.1 715.6 729.7 1017.5 1626.6 1740.2 1797 2348.6 2420.6 3375.1
 87.2 575.3 589.3 1054.9 1089 2012.1 2506.2 2920 2991.8 3065.7
 203.2 453.9 871.4 924.1 998.2 1853.6 2628.9 2779.3 2850.8 2895
 396.4 412.4 425.8 1249.5 1344.1 1678.3 2379.5 2587.9 2655.7 2830.2
 312.4 379 392.4 894.2 1714.6 2307.8 2546.5 2624.1 2690.9 2849.5
 255.2 271.1 338.2 451.5 1394.5 2026.2 2083 2967.4 3038.6 3203.5
 332.2 528.5 562.7 1080.9 1149.5 2023 2325.1 2787.2 2858.2 4071
 55.3 125.9 736.2 1335.6 1542.7 1775.7 2169.7 2319.6 3885.8 4486.9
 370.8 404.8 436.9 890 1421.4 1832.3 1888.7 2038 2109.6 3436.6
 374.9 500.3 514.6 815.3 1333.8 1799.6 2117.3 2684.4 2756 2917.8
 235 250.6 376.8 1106.8 1561.8 1803.3 2275.1 2424.6 2496.2 3424.2
 326.8 389.3 678.4 1131.1 1197.9 2068.6 2125 2770.7 2842.2 3483.5
 156 169.7 181.1 1117.6 1149 1966 2022.5 2730.1 2801.5 2963.1
 449 604.7 827.8 957.6 988.9 1177.1 2366.7 3790.5 2653 2821.1
 247.7 263.8 591.2 1384.6 1831.7 1942.1 2265 2415.6 2415.3 2878.5
 292.6 309.4 647.2 994.1 1025.1 1543.2 1599.1 1749.5 1822.7 3821.5
 125.8 579.9 629.8 1026.2 1203.9 1530.3 2180.6 3002.2 3875.3 4465.6
 40.6 689.3 703 1144.6 1175.5 1752.5 1808.3 2562 2635.6 2795.9
 278 294.1 360.7 1042.1 1104.4 2159.2 2215 2685.5 2758.9 3249.1
 221 236.5 249 914.6 1484.5 2027.6 2083.4 2716 2789.2 2949.5
 165.7 412.5 664.5 1070 1101.3 2203 2258.9 2409 2482.3 2642.9
 331.3 397.7 411.8 1493.4 1524.6 2169.2 2435.6 2586 2659.4 2819.9
 154.9 169.3 264.3 1090 1121.6 2709.7 2766.2 2916.5 3662.6 3823.1
 443 461.9 477 1024.8 1056.5 1576.8 1921 2968.4 3041.4 3125.5
 241.5 259 337.9 912.1 943.8 1981.7 2038.3 2187.6 3818.6 3979.7
 158.7 246.6 613.2 1315.3 1417.3 1671.5 1916.7 3002.6 2324.2 2483.1
 520.5 598 683.2 1250.5 1490.2 1968.8 2025.7 2175.4 2248.2 3065.4
 236.3 254.5 544.8 1199 1640.1 2420 2476.9 2626.6 2699.4 3311.5
 216.1 234.1 394.6 776.6 881.7 1733.8 1790.8 3476 3548.8 3708.3
 41.2 64.59999999999999 600 1271.8 1570.1 1772 1829.2 3363.4 3436.2 3595.7
 366.1 387.4 422.1 1189 1221.8 1333.1 1390.3 2487.6 3049.4 3208.9
 103.5 211.3 429.9 1074 1719.5 1879.5 1936.8 2085.4 2914.4 3598.7
 118.1 594.6 1038.8 1250.2 1584.8 1848.1 1905.5 2054.3 2126.8 2286.4
 296.8 466.9 482.2 1325.6 1520.6 2228.1 2447 2595.8 2667.5 2826.9
 399.8 643.8 659.3 986.1 1136.1 1869.1 1926.6 3313.9 3385.4 2808.6
 40.2 624.8 640.5 1202.2 1235.6 1855.5 1913.1 2818.4 2890 2827.1
 136.6 328.8 605.2 935.9 1040.1 1939.4 1997.4 3274.6 3793.3 3951.1
 92.7 362.7 861.5 1149.5 1560.2 1762.9 1820.9 2945.9 3014.9 3177.3
 40.1 711.3 726.9 811.1 1039.8 1459.6 1954.5 2734 3202.2 3364.6
 258.5 336.4 351.8 1398.4 1433.4 1985.2 2043.3 2192.1 0 0
 103.9 429.1 1014.4 1489.7 1524.7 2112 2170.3 2532.5 2510.9 2669.8
 513.4 536.8 606.1 1199.8 1234.9 1873.7 1932.2 2079.6 2149.3 3318.4
 356.1 379 394.5 1344.7 1817.4 1931.2 1989.8 2670.5 3550.5 3713.1
 204 398.2 909.3 1027.1 1406.9 2100.3 2396.2 2746 2727.8 3543.9
 215 644.3 1000.3 1193.3 1780.8 2052.2 2110.8 2258.2 2329.4 3214.8
 311.9 459.6 694.9 1131.5 1166.6 1664.7 2454.7 2756.2 2827.4 2989
 239.9 261 1008.7 1149.6 1463.8 2028.3 2086.9 2690.1 2761.2 2922.9
 213.2 429.4 994.3 1414.8 1450 1882 2065 3101.5 3172.6 3334.3
 150.8 275 713.4 1150.5 1185.8 2180.6 2239.4 2815.1 2886.2 3981.2
 259.6 391.6 637.2 1513.8 1653.8 2123 2181.7 2806.2 2875.8 2975.3
 287.2 499.4 928.6 1451.5 1689.6 1803.9 1862.6 2948.5 3320.9 3386.4
 367.7 390.8 404.5 1322.9 1358.8 1472.2 2755.3 2903.1 2972.7 3133.7
 83.8 96.90000000000001 684.7 1192.8 1294.5 2183.6 2242.2 2390 2459.6 3366.6
 572.4 613.4 627.2 1295.2 1331.2 1497.4 1696.8 2617.3 2687.1 3318.8
 189 272.6 306.7 1487.4 1640.9 2014.1 2072.9 2220.7 2290.5 3075.5
 40.1 51 55.9 1054.6 1164.9 2004.4 2222.9 2370.8 2440.6 3812.2
 118.5 424.5 438.5 1350 1513.7 1932.2 2199.5 2347.5 2417.4 2576.9
 256.8 484.9 593.2 1063 1851.6 1966.7 2025.5 2658.3 3443.9 3603.5
 339.5 716.9 731.4 1186.8 1330.8 1906 1964.8 3013.5 3083.2 3242.8
 139.9 190.5 326.9 1317 1353.2 2026.6 2085.4 2233.6 2303.3 3367.7
 250.1 627.8 700.6 925.3 961.6 1124.9 2393.2 2541.4 2611.1 3616.6
 220.2 342.7 459.7 1832.4 1932.6 2048.3 2370.9 2919.8 2989.5 3051.2
 387.2 412.3 426.8 1163.1 1237.6 2201.3 2259.8 2609.9 2679.7 2838.6
 237.8 344.6 397 1592.3 1783.2 1962 2638.1 2786.8 3168.8 3327.6
# name: collectedA
# type: matrix
# rows: 100
# columns: 10
 19 19 19 34 34 34 48 39 39 39
 26 27 27 31 31 48 49 49 49 49
 29 30 30 45 45 45 49 47 47 47
 31 35 36 36 38 45 48 45 48 49
 6 12 12 39 39 45 45 45 45 45
 5 10 17 21 21 47 47 47 39 48
 12 16 22 32 36 45 45 49 49 49
 13 14 14 29 29 48 48 48 48 48
 9 9 9 33 43 46 46 49 49 49
 13 14 14 26 26 34 41 46 46 45
 14 18 20 33 34 49 49 49 49 49
 7 8 8 33 41 41 41 47 47 47
 4 7 7 30 31 47 47 48 48 49
 5 7 7 34 40 46 46 46 46 48
 10 15 15 33 40 44 44 46 46 48
 3 6 6 23 40 40 40 48 48 48
 6 12 14 37 38 48 49 49 49 49
 4 4 11 24 36 44 48 46 46 46
 4 7 7 33 33 49 49 49 49 49
 12 24 24 26 34 42 44 48 48 48
 4 4 11 33 34 35 41 42 42 42
 6 10 19 38 38 40 40 46 46 46
 9 17 17 18 32 44 44 44 48 48
 8 8 15 34 34 47 47 46 46 46
 4 4 5 14 41 47 47 48 48 48
 10 19 35 37 37 42 45 45 45 48
 12 16 20 25 29 34 44 44 44 44
 10 12 20 31 36 36 46 46 46 46
 4 8 23 26 26 38 38 48 48 49
 8 8 11 29 37 40 40 46 46 46
 5 11 12 31 31 42 42 45 45 45
 3 3 3 32 32 47 47 47 47 47
 3 3 3 14 25 42 42 48 48 48
 4 4 6 37 37 43 47 48 49 49
 5 8 8 27 30 43 49 49 49 49
 9 9 9 28 35 46 46 47 47 47
 4 5 9 18 19 27 47 48 48 49
 5 10 10 27 32 39 47 48 48 48
 9 9 9 13 43 43 43 43 43 43
 3 3 8 15 35 37 44 45 45 45
 5 8 8 29 41 45 47 47 47 47
 9 9 12 35 36 37 37 47 47 47
 10 10 10 16 39 42 46 46 46 46
 4 4 4 8 36 43 43 48 48 48
 8 9 9 11 33 40 40 48 49 49
 14 15 15 36 36 39 46 46 46 48
 5 5 9 13 26 34 34 43 49 49
 5 6 14 25 31 36 36 36 36 47
 3 3 3 20 27 40 40 44 44 44
 3 3 6 20 31 39 42 42 42 48
 2 3 3 21 31 38 43 47 47 47
 5 5 8 36 36 40 42 42 42 48
 5 10 10 11 25 32 39 39 40 43
 2 4 4 18 44 45 45 45 46 49
 15 20 26 31 42 45 45 46 46 46
 6 7 8 10 10 38 38 48 48 49
 2 12 12 21 32 35 35 42 49 49
 7 17 20 20 24 46 47 48 48 49
 2 3 3 5 33 33 39 39 39 47
 2 2 2 13 31 46 46 48 48 48
 8 8 8 33 37 43 43 48 48 44
 4 4 5 5 35 36 42 42 42 49
 5 8 8 22 22 30 30 47 47 47
 5 5 7 21 21 43 43 45 47 47
 3 3 3 34 34 34 43 43 43 49
 11 18 18 22 35 39 39 46 46 47
 6 11 12 38 38 39 43 48 48 48
 4 8 8 22 22 44 48 48 48 48
 8 9 9 14 25 45 45 47 47 47
 6 10 13 21 23 45 45 47 47 47
 16 16 16 34 35 46 47 47 47 49
 2 5 5 6 18 39 39 39 39 48
 6 10 13 20 30 45 47 49 49 49
 9 9 9 14 14 41 41 41 48 48
 11 12 12 33 38 42 42 43 43 44
 5 9 9 33 36 46 47 47 47 47
 5 6 6 15 26 37 37 37 47 47
 13 13 16 30 30 48 48 49 49 49
 5 7 7 24 27 27 48 48 48 48
 13 17 22 23 35 35 35 39 39 39
 5 5 10 10 27 38 38 41 41 48
 4 6 9 30 31 31 31 49 49 49
 7 13 13 13 13 48 48 48 48 48
 14 14 17 25 26 40 42 44 44 46
 5 8 17 20 38 38 48 48 48 48
 10 16 17 19 33 39 39 48 48 49
 4 10 10 15 15 46 46 46 46 49
 4 4 8 32 35 39 43 43 45 47
 7 9 9 20 32 33 40 41 41 41
 11 13 13 13 34 39 39 46 46 46
 5 6 6 31 38 44 44 49 49 49
 7 7 7 29 35 38 38 46 46 46
 9 12 18 25 25 43 45 47 47 47
 5 14 14 19 19 29 45 45 47 47
 13 14 14 14 29 42 46 48 48 48
 7 11 11 33 42 42 42 45 45 48
 11 18 19 26 31 40 43 45 45 49
 3 11 13 31 31 31 31 31 47 47
 5 5 7 37 40 45 47 47 48 49
 5 8 10 25 38 43 43 43 44 49
# name: collectedB
# type: matrix
# rows: 100
# columns: 10
 29 41 45 63 72 78 87 96 98 98
 23 31 35 67 69 79 95 95 95 95
 29 40 56 77 78 98 98 98 98 98
 45 69 75 83 88 89 99 99 99 99
 37 58 65 81 82 96 96 96 96 96
 29 68 68 85 90 95 95 95 95 95
 39 71 74 84 84 84 84 84 84 96
 29 54 70 82 86 86 86 95 98 98
 18 47 59 93 93 98 98 98 98 98
 23 28 29 64 64 98 98 98 98 98
 17 59 60 81 82 91 94 94 94 94
 24 29 50 73 78 78 90 97 97 97
 30 30 33 66 83 85 86 87 87 99
 34 52 52 94 94 95 95 95 96 97
 7 41 66 70 70 84 90 90 98 98
 21 34 34 82 82 93 98 96 96 96
 45 47 74 85 85 86 90 99 98 98
 20 20 23 85 85 86 98 96 96 96
 5 39 43 76 77 98 98 98 98 98
 17 34 65 84 84 89 89 96 96 96
 24 50 50 76 76 90 90 99 99 99
 12 46 46 87 90 92 92 94 94 95
 47 63 65 77 85 85 85 85 85 97
 9 9 46 73 73 90 90 97 97 97
 19 21 21 54 54 54 54 95 95 95
 45 45 45 86 86 94 94 94 97 97
 13 18 18 69 80 87 89 89 94 98
 31 34 39 74 89 90 98 98 98 98
 10 45 73 88 88 97 97 99 99 99
 24 27 45 65 67 68 98 98 98 98
 46 56 66 93 93 88 88 98 98 98
 24 41 52 64 64 66 66 83 83 83
 15 50 50 62 84 90 90 97 97 97
 28 28 36 37 75 89 89 93 93 99
 2 54 54 59 82 87 93 95 95 95
 16 37 37 68 70 72 96 97 99 99
 2 54 54 65 85 85 85 89 89 95
 5 44 44 64 64 90 95 97 97 97
 16 35 61 61 62 89 98 98 98 94
 33 33 33 75 77 81 96 99 99 99
 25 28 28 55 84 96 98 98 98 98
 20 20 23 26 78 93 93 99 99 99
 26 39 40 69 70 92 94 96 96 99
 3 7 48 78 84 86 91 91 98 99
 29 30 31 55 76 86 86 86 86 99
 33 40 40 54 76 88 91 94 94 94
 17 17 24 68 85 88 95 95 95 97
 26 29 47 69 70 91 91 95 95 97
 14 14 14 66 66 84 84 94 94 94
 39 49 62 66 66 68 89 99 97 97
 21 21 42 81 95 95 98 98 98 99
 24 24 46 63 63 73 73 73 73 99
 9 43 45 67 72 77 87 93 98 99
 2 52 52 73 73 85 85 94 94 94
 24 24 27 64 65 96 96 98 98 99
 18 18 18 54 77 87 87 93 93 93
 12 30 46 63 63 96 96 96 96 96
 26 29 29 84 84 95 97 97 97 97
 11 11 16 61 61 95 95 95 98 98
 40 40 40 69 69 84 88 97 97 97
 19 19 23 53 53 86 86 86 99 99
 12 17 44 80 82 85 87 96 96 96
 42 46 50 77 84 92 92 92 92 99
 20 20 38 71 85 97 97 97 97 96
 18 18 28 50 52 82 82 99 99 99
 2 3 39 67 75 76 76 92 92 92
 33 33 34 74 74 74 74 95 99 99
 7 13 26 59 86 87 87 87 92 96
 8 43 74 81 92 95 95 95 95 95
 26 36 36 79 84 94 96 96 96 96
 32 48 48 60 64 83 83 98 98 99
 2 47 47 73 73 85 85 95 95 97
 10 24 41 59 61 82 82 97 99 99
 6 25 57 69 86 88 88 99 99 99
 2 58 58 59 65 75 82 94 96 96
 21 25 25 83 83 91 91 91 0 0
 7 29 66 85 85 97 97 98 98 98
 42 42 45 74 74 89 89 89 89 96
 29 29 29 76 91 91 91 98 99 99
 16 28 61 64 77 91 94 95 95 99
 16 47 69 75 92 95 95 95 95 97
 25 34 47 67 67 79 94 95 95 95
 18 18 67 70 81 94 94 99 99 99
 17 31 66 83 83 89 90 96 96 96
 11 18 50 73 73 91 91 96 96 99
 21 29 44 84 87 96 96 99 99 93
 22 35 62 83 89 89 89 98 99 99
 28 28 28 74 74 74 99 99 99 99
 5 5 47 69 71 91 91 91 91 95
 47 48 48 82 82 83 84 95 95 97
 14 18 19 87 91 96 96 96 96 99
 2 2 2 64 66 88 90 90 90 97
 8 29 29 79 82 93 96 96 96 96
 21 34 39 61 92 92 92 95 99 99
 27 53 53 74 77 88 88 98 98 98
 10 12 19 77 77 89 89 89 89 96
 19 45 48 58 58 59 93 93 93 97
 16 22 28 91 93 93 95 98 98 98
 31 31 31 69 70 94 94 95 95 95
 19 25 27 83 87 88 97 97 98 98
# name: avgRateA
# type: matrix
# rows: 100
# columns: 10
 0.04865556978233035 0.04082509669101848 0.03503595795685045 0.02234343168824341 0.01642750157027589 0.005478127769274148 0.003926412485991706 0.0007550705894197185 0.0003834114575140781 7.77081592371689e-05
 0.05926601322087988 0.04984308657928743 0.04329004329004329 0.02325058126453161 0.0164029842848828 0.007129171679365504 0.004076539101497505 0.0009391021033970581 0.0004792349454210079 9.75305270549682e-05
 0.05225225225225225 0.04517391959042313 0.04023605150214592 0.02303204012693213 0.01795618690395435 0.006767833240588952 0.003964818306132521 0.0009063595586221791 0.0004611251846953532 9.363542112431038e-05
 0.05705871525860483 0.04798464491362764 0.04264392324093817 0.02658199808018903 0.01849958619346673 0.00680632231717462 0.003949837069220895 0.0008713213297525254 0.0004697266093274004 9.746842669449356e-05
 0.06237006237006237 0.04803843074459568 0.03745318352059925 0.02702515418196937 0.01957143574045265 0.006992572334276036 0.00391379220372593 0.0008711593970028244 0.0004423730463085935 8.966295694484433e-05
 0.05820721769499418 0.04506534474988733 0.04074784276126558 0.0209664536741214 0.01352308583939726 0.007140361271895841 0.004036170961896828 0.0009072956220090614 0.0003830484369659421 9.533977207835737e-05
 0.06924408540103866 0.05326231691078562 0.04481564473416175 0.02466091245376079 0.01781472684085511 0.006766917293233083 0.003842114699930842 0.0009352055257286491 0.0004782186064124235 9.748919561067829e-05
 0.07080610021786493 0.05335365853658537 0.04219409282700422 0.02373352974875194 0.01638973663388719 0.007230440153044316 0.004102564102564103 0.0009253493675815415 0.0004708601339400889 9.559898139285326e-05
 0.06143344709897611 0.04366812227074236 0.03283473184968989 0.02325745295651561 0.01744917420768575 0.006763910128220209 0.003877798759104397 0.0009329423860477515 0.0004776261396013479 9.746443294098927e-05
 0.0676730869338886 0.05107624954396205 0.04062681369704004 0.02352515381831343 0.01575280218115722 0.005332245973370136 0.00339806227570717 0.0008697970536570239 0.0004467993142601829 8.958509558829238e-05
 0.06430868167202573 0.05214368482039398 0.04367765887748417 0.02569493109086662 0.01807933638200574 0.007132563792777187 0.004107223684431107 0.0009405965301585961 0.0004796247572511433 9.756561835396449e-05
 0.07194244604316546 0.04736530491415038 0.03430531732418525 0.02651028277634962 0.0196926032660903 0.006608000515746382 0.003639559347009791 0.0009000572589617935 0.000459489634109382 9.354084540623894e-05
 0.05089058524173028 0.03804347826086957 0.02830570157703194 0.02639915522703273 0.01801697082413112 0.00695502907794072 0.003977960406598336 0.000920734362381863 0.0004696696167789471 9.726655183920132e-05
 0.05387931034482759 0.03886729594669628 0.02874743326488706 0.02582409235910679 0.01910858453160082 0.007037190019428764 0.003967500991875247 0.000888629597933743 0.0004517173113785627 9.551932763945275e-05
 0.06265664160401002 0.04921259842519685 0.04039859951521681 0.024577344157295 0.01841112031667127 0.006757275589341934 0.00380300437345503 0.0008847583071111487 0.0004507201233797346 9.548786040947979e-05
 0.04746835443037974 0.03592814371257485 0.02616659398168338 0.02118058753108021 0.01822738664843928 0.006336633663366337 0.003517751453271069 0.0009147927708501283 0.0004680328676081278 9.548060460705852e-05
 0.05660377358490566 0.04713275726630008 0.03908431044109436 0.02745621846245177 0.01966771906216034 0.007190364911019233 0.004128297372212346 0.0009416955901740791 0.0004798389308013506 9.755514852273632e-05
 0.04975124378109452 0.03018867924528302 0.03403465346534654 0.02279418748219204 0.01844545780601527 0.006811989100817439 0.004057618178129438 0.000883821644792081 0.0004504729476305613 9.157851902404374e-05
 0.05249343832020997 0.0389321468298109 0.02908184461985875 0.02520238277073469 0.01786681104493774 0.007273374994433642 0.004154197010673743 0.0009429931758085686 0.0004801821948442151 9.756936783810972e-05
 0.06486486486486487 0.05507113354749885 0.04792332268370607 0.02589383527537098 0.01911938368104369 0.006764919062575502 0.003820140824282204 0.0009169772608742996 0.0004686204886735404 9.562032991802748e-05
 0.05167958656330749 0.03108003108003108 0.03588907014681892 0.02480829950383401 0.01774808164117555 0.005720543288168282 0.003473958024419383 0.0008050758113055647 0.000410749108576637 8.360764603866973e-05
 0.05633802816901409 0.04492362982929021 0.0425531914893617 0.02727533735285673 0.01967688483844242 0.006457966709181614 0.003554481312314501 0.000885172021636683 0.0004507603150618619 9.15956783565983e-05
 0.05972130059721301 0.05076142131979696 0.0425531914893617 0.02039197915486575 0.01706302655433507 0.006546937075007067 0.003735144312393888 0.000847033457821584 0.0004680392567926635 9.548191512851268e-05
 0.06410256410256411 0.04476776720761053 0.04001066951186984 0.02663950481861631 0.01874724305249228 0.007048907419350001 0.004008118572086439 0.0008897106892936858 0.000451997830410414 9.164104203833584e-05
 0.048721071863581 0.0303030303030303 0.02357378595002357 0.01598538479104819 0.01792663197936251 0.007000506419613334 0.00399235506476959 0.000923526254119793 0.0004703894726836013 9.557827043951269e-05
 0.06476683937823834 0.05258787711043454 0.04968767745599092 0.03031792854801704 0.02104065965311345 0.006819842494113827 0.00388983973860277 0.0008707093378739213 0.0004422621808832663 9.551271323959423e-05
 0.066815144766147 0.05257969109431482 0.0447427293064877 0.0246038775711052 0.01695708104315285 0.005601133405818589 0.003687037549125585 0.000844567034629168 0.0004306265518459688 8.760043688726978e-05
 0.0655307994757536 0.04960727573377428 0.04403346543372964 0.02618685588781889 0.01866155201907625 0.005950216521767876 0.003952297487713511 0.0008879897456488502 0.0004515067073284446 9.16251797148226e-05
 0.05095541401273886 0.04121586810922205 0.04496578690127077 0.02451442579671884 0.01626524867062872 0.006070966401993833 0.003357513319608761 0.0009203353855534187 0.0004695129585576562 9.7455748626222e-05
 0.05983545250560958 0.04250797024442083 0.03595946387708401 0.02498492289135866 0.0190623390005152 0.006427664668734232 0.003545533514155543 0.0008836382845891562 0.0004503790037224804 9.157862841493719e-05
 0.05555555555555555 0.04680851063829787 0.03771213073538655 0.02657066940944544 0.01818608471195588 0.006548686364699462 0.003661087866108787 0.0008632397965056053 0.0004402868321949473 8.957544820568434e-05
 0.04769475357710652 0.02714932126696833 0.01801801801801802 0.02593823457890897 0.01806786742702276 0.007078739683113441 0.004017712126651963 0.0009063875250220812 0.0004611039220322321 9.360830540685556e-05
 0.04739336492890996 0.02702702702702703 0.01795332136445242 0.0167104320840296 0.01549810923067386 0.006402536624033903 0.003614862247927909 0.0009242464503159768 0.0004705785469122694 9.558430386250199e-05
 0.0510204081632653 0.03134796238244515 0.02663115845539281 0.0264417923247338 0.01910762239206775 0.006805197271590675 0.00399350842460341 0.0009211637368542259 0.0004781789384622741 9.748628626589325e-05
 0.05506607929515419 0.04138644593895499 0.03144654088050314 0.02440347071583514 0.0170328734457503 0.006780088614181422 0.004161606210135635 0.0009435433712226974 0.0004803606037642625 9.757661506722332e-05
 0.06414825374198146 0.04632012352032938 0.03522504892367906 0.02672010688042752 0.01914975105323631 0.007044841950502327 0.003969555237224072 0.0009057342614218872 0.0004609411240882928 9.360174330259611e-05
 0.05031446540880503 0.03399048266485384 0.03277494537509104 0.01992693457323149 0.01288834622167956 0.004589729205976847 0.003975033407195657 0.0009203759735852096 0.0004695469458905838 9.74449729232239e-05
 0.05524861878453038 0.04576659038901602 0.03568879371877231 0.02382423012441542 0.01745581496836134 0.006115920210764019 0.003886096044450324 0.0009152358162282751 0.0004682081770607256 9.548774643547227e-05
 0.06885998469778118 0.04880694143167028 0.03673469387755102 0.01683937823834197 0.02038107877523936 0.006908518363805791 0.00381168503071509 0.0008359887316495613 0.0004236081762288824 8.571327196263061e-05
 0.04615384615384616 0.02690582959641256 0.03180914512922465 0.01722553973357832 0.01823296520108356 0.006042493426747016 0.003808699415710885 0.0008681141666586285 0.0004415760536249959 8.962797221293853e-05
 0.0580046403712297 0.04405286343612335 0.03308519437551696 0.02734559170202734 0.02060508593828525 0.007067803797766574 0.004060825989286331 0.0009086638195200321 0.0004617095434380268 9.363284688081096e-05
 0.06907137375287797 0.04939626783754117 0.04034969737726967 0.02770960335682052 0.01962280606126676 0.006169134320394824 0.003347083514256767 0.0009038252963393153 0.0004604804868944314 9.358331094966553e-05
 0.06752194463200541 0.04970178926441352 0.03815337657382678 0.01910904096500657 0.02049611099432416 0.006780317706315382 0.003978516013526954 0.0008895403590262241 0.0004519361040946393 9.164323289434232e-05
 0.05063291139240506 0.03154574132492113 0.02173913043478261 0.01141552511415525 0.01907587961000424 0.00682323072040622 0.003785644483963834 0.000924547308893182 0.0004706376061018166 9.558870093760567e-05
 0.06552006552006552 0.04729374671571203 0.03588516746411483 0.0148347943358058 0.01806932048403877 0.006439046377231532 0.003549655239734841 0.0009219280588804719 0.0004785002045832507 9.749976769188005e-05
 0.07306889352818371 0.05729564553093965 0.04626773596545342 0.02927305252886648 0.02044409108978363 0.006499025146228066 0.003940650378645102 0.0008876453278016305 0.0004514482164360519 9.548360556438669e-05
 0.05753739930955121 0.03679175864606328 0.03409090909090909 0.01624187906046977 0.01535372623125074 0.005587693925848015 0.003051900256718669 0.000827051906162306 0.0004763863084630514 9.74104330947374e-05
 0.05586592178770949 0.03873466752743705 0.04142011834319527 0.02445466105839773 0.01787258575958489 0.005921929232945666 0.003233077980044724 0.000701961006066113 0.0003550737073837578 9.348778045090947e-05
 0.04716981132075471 0.02724795640326975 0.01810500905250453 0.02139723975607146 0.01602278796510593 0.006412722842118764 0.003541891724369986 0.0008493060783291833 0.0004318789482569758 8.764229673012566e-05
 0.04769475357710652 0.02742230347349177 0.02759889604415823 0.021117094287826 0.0173952079007912 0.006307617661329452 0.00366578513262287 0.0008138430833026527 0.0004130593635148598 9.539898638576965e-05
 0.03992015968063872 0.0267379679144385 0.01784651992861392 0.02170991419414866 0.0171735637914797 0.006132494149923344 0.00370916681762113 0.0008985138199072428 0.0004590650700318415 9.352450272325443e-05
 0.05599104143337066 0.03602305475504323 0.03211561621838619 0.0299625468164794 0.02077802147062219 0.00664794163107248 0.003733001510976802 0.0008171063152590713 0.0004138983110977963 9.543250108902401e-05
 0.0601684717208183 0.04842615012106537 0.03736920777279521 0.01490514905149051 0.01583481124904991 0.005397746440860941 0.003414433422925731 0.0007562243077639029 0.0003923037843584558 8.553113542184453e-05
 0.03992015968063872 0.03117692907248636 0.02154011847065159 0.01982597202335059 0.02156968478847002 0.007257245149741159 0.00399758368275176 0.0008753688707157988 0.0004519285559900183 9.74967025222397e-05
 0.06915629322268327 0.05797101449275362 0.0511106742677413 0.02897467052995607 0.02199183160540371 0.007231355155956226 0.003989573913506038 0.0008904478178221194 0.0004521648868408222 9.165292868963807e-05
 0.06066734074823053 0.04211793020457281 0.0326530612244898 0.01372683596431023 0.007956715467854869 0.005989062081356681 0.003332924026873893 0.0009155587769660671 0.0004682908554503202 9.739953188592328e-05
 0.0396039603960396 0.05097706032285471 0.04030903594222372 0.02132629227175789 0.01761435569989541 0.005737234652897304 0.003137015891226215 0.0008075882530520107 0.0004763409240041801 9.741008452809784e-05
 0.07268951194184839 0.0584192439862543 0.04929751047572098 0.02340823970037453 0.01606533235156302 0.007182561988632815 0.004060685651092065 0.0009247218610027453 0.0004706768332862656 9.748923440311521e-05
 0.03992015968063872 0.02566295979469632 0.01726121979286536 0.007693491306354824 0.01806734191075828 0.005559673832468495 0.003407780224389221 0.0007559018490522154 0.0003836052996547552 9.359881675163913e-05
 0.03992015968063872 0.02181025081788441 0.01368925393566051 0.01596071209330878 0.01713843432109686 0.006970013788505538 0.00394636376894898 0.0009209110112178472 0.0004696889191577303 9.554969340492128e-05
 0.06415396952686447 0.04501969611705121 0.03352891869237217 0.02895752895752896 0.02050770424564904 0.006894892968812636 0.003807634750422824 0.0009234054423208257 0.0004703419974248776 8.758824764780766e-05
 0.05263157894736842 0.032 0.02471576866040534 0.007864108210128971 0.01967729240456513 0.006048082253918653 0.003666777252012362 0.000813893550474965 0.0004130780510977549 9.744867437982868e-05
 0.05506607929515419 0.04232804232804233 0.03194888178913738 0.02236454203517332 0.01451570335180787 0.004986204833294552 0.002709195007856666 0.0009036793207407864 0.000460438533415102 9.358157804823075e-05
 0.05767012687427912 0.03652300949598247 0.03008165019338204 0.0208147487362474 0.0136275146009085 0.006691773786921472 0.003744763862157855 0.0008649654398253155 0.000458153524321616 9.348692505789726e-05
 0.04823151125401929 0.02737226277372263 0.01808318264014467 0.02788485196424178 0.01940971627561797 0.005799870355839105 0.003725040065837917 0.0008318292699440739 0.0004225375640807695 9.736535315506467e-05
 0.06630500301386377 0.05438066465256797 0.04547751389590702 0.02328781623795914 0.01971053668975615 0.006420175814045369 0.003503539473211398 0.000885599762813281 0.0004509140812625594 9.350770065757797e-05
 0.06403415154749199 0.0493494840735756 0.03929273084479372 0.02906309751434034 0.02065105157328406 0.006453748138341884 0.003763346753019429 0.0009169720056088122 0.0004686630410373075 9.550746798758801e-05
 0.05602240896358543 0.04317323259579061 0.03242805026347791 0.02261978202755501 0.01461794019933555 0.006978367062107467 0.004107162720653039 0.0009259884444358705 0.0004710065999799823 9.560440808024555e-05
 0.07085916740478299 0.04888647474198805 0.03665987780040733 0.01692865779927449 0.01514050387596899 0.00676132521974307 0.003841983488008743 0.0009010010696991424 0.0004597165993882835 9.355162576801904e-05
 0.06944444444444443 0.05015045135406219 0.04084197298146403 0.0216740633708329 0.01468147580748117 0.006950773080428167 0.003902422103318794 0.0009052806755319968 0.0004608285894134927 9.35975865364452e-05
 0.06950477845351868 0.05526770293609672 0.04526166902404526 0.02782324058919804 0.01952253458277555 0.00718873556392505 0.004060896162021117 0.0009086936851589054 0.0004617149862860825 9.746239741585415e-05
 0.0398406374501992 0.03422313483915126 0.02435460301997077 0.008984725965858042 0.01161515131961025 0.00604773055034348 0.003389506435716707 0.000755010657265816 0.0003833805513995356 9.537665632492284e-05
 0.06134969325153374 0.04750593824228028 0.03986507206378411 0.02137437212781874 0.01720775496156935 0.006986275849220643 0.00400969150969151 0.0009395702904039194 0.0004793432410646507 9.753524455967315e-05
 0.0694980694980695 0.04862236628849271 0.03651115618661258 0.01790052422963815 0.01066016903982335 0.006640966665586835 0.003650512407290341 0.0007979712068633308 0.0004702751795618407 9.557427395409886e-05
 0.06819590824550527 0.05065428450823132 0.04 0.02665374363944754 0.01961796592669076 0.006649251959154595 0.003692632319324776 0.0008314255661428041 0.0004224383534728363 8.758840456924819e-05
 0.05434782608695652 0.04413928396272682 0.033809166040571 0.02640211216897352 0.01924310455420141 0.007185928078232887 0.004061282155417491 0.0009087112540988678 0.0004617208828496234 9.344486275931943e-05
 0.05889281507656065 0.03908794788273615 0.02811621368322399 0.01815760803776783 0.01599114336675072 0.006073339680246873 0.003318326128679306 0.0007212588110535837 0.0004589937879585422 9.352137630036996e-05
 0.07162534435261708 0.05421184320266889 0.04461795872838818 0.02725043146516486 0.01834974616184476 0.007401810359450416 0.004158400401978706 0.0009442215567708394 0.0004805716645139018 9.758604001824261e-05
 0.05675368898978434 0.04069767441860465 0.03008165019338204 0.02276176024279211 0.01593484419263456 0.004649801091842183 0.004129849346537379 0.0009271599930463 0.0004713280354752902 9.561709179420095e-05
 0.07226236798221233 0.05625413633355394 0.04797208896641954 0.02439800572822743 0.0192975685063682 0.005905976848570754 0.003186453022578296 0.0007551670855584945 0.0003834310590955746 7.77084998752679e-05
 0.05586592178770949 0.03541076487252125 0.03502626970227671 0.01366680333470001 0.01652690212401298 0.006131108923990384 0.003376067237044342 0.0007924588839472957 0.0004027243813269474 9.534865427293076e-05
 0.05181347150259067 0.03742981908920773 0.03249097472924187 0.02552322613578356 0.01774267399267399 0.005289921845670797 0.002839321860030591 0.000927624467325848 0.000476227500680325 9.740497250396775e-05
 0.06151142355008787 0.05102040816326531 0.04080351537978656 0.01692928766766506 0.009999230828397817 0.007163965254768515 0.00408225748839108 0.0009247325500078024 0.0004706999111553917 9.559121373358968e-05
 0.07280291211648465 0.05571030640668524 0.04536962903656259 0.02420838578483587 0.01616412806963009 0.006289505959306896 0.003610418636637153 0.0008444762615803605 0.0004306450965672692 9.163335661351799e-05
 0.0572737686139748 0.04259850905218317 0.04176904176904177 0.02137894174238375 0.019649413103056 0.006283692165228032 0.004127647498903594 0.0009270382287389576 0.000471292864331476 9.561577755945508e-05
 0.06293266205160478 0.05103668261562998 0.04273504273504274 0.0212006248605222 0.017691524151611 0.006272415845087412 0.003458642615798015 0.0009159413873840523 0.0004684078427086464 9.741802472032081e-05
 0.053475935828877 0.04537205081669692 0.03541076487252125 0.01759530791788856 0.01081782778018174 0.007157082399800846 0.004004910368364691 0.0008908944774226036 0.0004522902602242179 9.742129800558722e-05
 0.05221932114882507 0.03139717425431711 0.03099573808601317 0.02781882987046858 0.01938306473943623 0.006381516510128612 0.00370891087400916 0.0008310543760810954 0.0004396811237077039 9.343626165890715e-05
 0.0623885918003565 0.04534005037783375 0.03470883146934053 0.02159360829194558 0.01810876577443269 0.005562766549230483 0.003458442490424438 0.0007905534645523539 0.0004022230179479759 8.165795117412184e-05
 0.06610576923076923 0.05076142131979695 0.04086765168186104 0.01691827173347215 0.01855793897713007 0.006326444538169548 0.003474851873301555 0.0008843653813248947 0.0004506079779162908 9.158869349525152e-05
 0.05854800936768149 0.03870967741935484 0.02810304449648712 0.02744577246569278 0.02021169086750705 0.006963457673255575 0.003867349898482066 0.0009411710472736771 0.0004797689276185348 9.755252656066622e-05
 0.06311992786293959 0.04214328717639976 0.03106968486462494 0.02566598814054341 0.01906525765333915 0.006191345151199165 0.003393978367853666 0.0008862156856323246 0.0004510869725101715 9.16084836625231e-05
 0.06451612903225806 0.04836759371221282 0.0428979980934223 0.02407086462545735 0.0158750317500635 0.006730423077525083 0.003866577305768933 0.0009015817964880512 0.0004598807832454668 9.355840433155505e-05
 0.0576036866359447 0.05019720329867337 0.04097161252560726 0.02011433410967605 0.01283263541807375 0.004803551315179223 0.003700231881197889 0.000860264387921888 0.0004571104009149988 9.344319071516646e-05
 0.06831318970047294 0.05225830533781262 0.042334442092531 0.0179372197309417 0.01681061967422178 0.006531881804043546 0.003864020092904483 0.000913073500514555 0.0004676566698558254 9.546558366265645e-05
 0.0591715976331361 0.04639392661324336 0.03674014696058785 0.02599243856332703 0.01978146194423512 0.006732063858434314 0.003717702459879795 0.0008683135036256913 0.0004416341247743985 9.548235197699194e-05
 0.06666666666666667 0.05284791544333529 0.04465334900117509 0.02369236376890833 0.017476603901229 0.006406355104263429 0.003705874241588527 0.0008650469143776563 0.0004407871086422679 9.742767089012307e-05
 0.04622496147919877 0.04551096400496484 0.03741007194244604 0.02602636218621443 0.01793981481481481 0.005304495131842371 0.002843332385555871 0.0006072347118867174 0.0004599766488450182 9.356250174185509e-05
 0.06476683937823834 0.03866976024748646 0.0304745319982586 0.02731433633544958 0.02005816868919868 0.007064475109499364 0.004024420526257203 0.000906861468228012 0.0004697583289130379 9.745747373521082e-05
 0.05753739930955121 0.04217185028993147 0.03423485107839781 0.02356711915535445 0.01884546716921246 0.006656861986221844 0.003733254616646843 0.0008322575275757887 0.0004310669985882556 9.726056681473431e-05
# name: avgRateB
# type: matrix
# rows: 100
# columns: 10
 0.08217625389628791 0.07550644567219153 0.06845147550958321 0.04578821135256923 0.03419777714448561 0.01226029550455831 0.007351077313054499 0.001830129653247622 0.0009521449980811363 0.0001947984829571205
 0.0774932614555256 0.0653181626632954 0.05683663527119195 0.04069237777102946 0.03071717936161688 0.01147055407132071 0.00737342926552883 0.001791293559074033 0.0009214176252643014 0.0001887686620176588
 0.07559958289885296 0.0648403306856865 0.05748896417205625 0.04035639412997904 0.03126503126503126 0.01336807213302596 0.007906605242563354 0.001869665253606737 0.0009562598919231166 0.0001949700512074913
 0.08555133079847908 0.07024330652550138 0.063710499490316 0.04366582491582491 0.03291811618598735 0.01287485353045843 0.007564469914040114 0.001859322530481621 0.0009582428729476421 0.0001966335541058079
 0.06808980493191019 0.06016597510373444 0.05430695964575152 0.03705228489090161 0.02924498020614144 0.01237783336341835 0.007487073100350176 0.00181199084944621 0.0009315929365847221 0.0001907752988912378
 0.07224713502740408 0.05855506759665892 0.0547945205479452 0.03610261637784573 0.02796507472889414 0.01376352809932921 0.007939890847395298 0.001822856704275079 0.0009296918120574178 0.0001891660425846613
 0.06884377758164166 0.06176061238691719 0.05692745595815062 0.03761250167912954 0.03010321100917431 0.01248884924174844 0.007129398584305138 0.001617562102830734 0.0008235512116497202 0.0001907651770092193
 0.07751937984496124 0.06715582638975251 0.06064281382656155 0.04133481197701382 0.03195600475624257 0.01258763776876802 0.007227741078782378 0.001793132867370456 0.0009440059954013422 0.0001944571767595894
 0.07089405277668373 0.06426032266885426 0.05713179045221264 0.03874838548393817 0.03152114967462039 0.01318533467877565 0.007840752712260377 0.001861101088174412 0.0009539950489603888 0.0001948774668156485
 0.08147360963513992 0.06311992786293959 0.05323054331864905 0.03937976864385922 0.02936857562408223 0.01188166828322017 0.007360728261441051 0.001832738316760766 0.0009464877096639293 0.0001945622240765193
 0.07092198581560284 0.06808216016616662 0.06263701847792046 0.04152568440479853 0.03215560174110819 0.01263274796973693 0.007490397947312222 0.001783451091699743 0.000916154334969416 0.0001869673791648724
 0.07717041800643087 0.06304347826086956 0.05984440454817475 0.03877822045152723 0.02960264146646931 0.01153658428362249 0.00729731701977573 0.001832013779765502 0.0009416022186866299 0.0001927766011338842
 0.07847240387130526 0.06729475100942127 0.05680840075744534 0.03893805309734513 0.02977685298127287 0.01201209688816031 0.006987552406643049 0.001650847624866699 0.0008465612584376372 0.0001964813563008792
 0.07803534542116135 0.06971443893283283 0.06377238165317636 0.04384328358208955 0.03499888301437188 0.01373944232326738 0.007934320529845574 0.001822241318458729 0.0009360447429387125 0.0001927713908177621
 0.05833333333333333 0.06648289281660451 0.06187886742921433 0.04340277777777778 0.03247205084195389 0.01244555071561917 0.007351679858847746 0.001717472033830383 0.0009496758988730835 0.0001946922521423598
 0.0760593987685621 0.06422364941443144 0.05692281935375858 0.0399318237156075 0.03160166486819793 0.01264514725477932 0.007638943019720945 0.001816052771466784 0.0009326699718158793 0.0001908723262962418
 0.08960573476702509 0.07860846295367119 0.06583044213148297 0.04536478625180125 0.03519523001117966 0.01304789792295671 0.007525964577793387 0.001862477659674537 0.0009531951978414991 0.0001948281863901379
 0.07168458781362007 0.05837711617046117 0.04961173425366695 0.04151809700581253 0.03284643326377618 0.01268099914476982 0.007724564113882146 0.001815211472136504 0.0009324489314232376 0.0001907979348508527
 0.05592841163310962 0.06513026052104209 0.05780346820809248 0.03976143141153082 0.03091872791519434 0.01252636288106346 0.007607514361124049 0.00185167690127539 0.0009515348353990378 0.0001947730079590611
 0.07748404740200547 0.06532180595581172 0.06144248038566972 0.04539313699000271 0.03516115529510255 0.01303704571755021 0.007488115771317992 0.001821545467482567 0.0009339829703771734 0.0001908746033387149
 0.07279344858962694 0.06825938566552901 0.06264879087833605 0.04287245444801715 0.03288619645175249 0.01310768693017972 0.007546726816874481 0.0018610841661215 0.0009585908134078775 0.0001966494118394864
 0.066006600660066 0.06389776357827476 0.05856142584341184 0.04009031841850606 0.03190131858783497 0.01299013032489445 0.007577130244280091 0.001784141638069786 0.0009146896234300666 0.0001887021069086821
 0.07701130591512372 0.06925360008794107 0.06408360445627527 0.0428539626001781 0.0321811229318896 0.01256894435654398 0.007190228057115788 0.001635052446711717 0.0008327985460317149 0.0001927948394585446
 0.06419400855920114 0.04608294930875576 0.05736376106746478 0.04071842927264614 0.03131568787267813 0.0121378863893834 0.007215296428428268 0.00182710672940361 0.0009402158425400174 0.0001927157805813619
 0.07566706491437675 0.06163780452010566 0.05196733481811432 0.03671471308131629 0.02688841308569437 0.008813304826100439 0.004827635531397511 0.001796486450710085 0.0009227144121192225 0.0001888216021453314
 0.07776049766718507 0.07049976500078334 0.06407518154634771 0.04489220650414992 0.03506339951889755 0.01344682068521565 0.007801801054073122 0.001800535180350415 0.0009423395084096514 0.0001928052629078651
 0.07266629401900503 0.05605730302086577 0.04678970626462178 0.03943758573388204 0.03109331882311788 0.01222751612767213 0.007207294754061189 0.001697990456912061 0.000911502777174419 0.0001944391590942865
 0.08376114563631451 0.07157894736842105 0.06326034063260341 0.04105864728402597 0.03262104607264597 0.01305767138193689 0.007744770304337861 0.001855688062623791 0.0009525216552882447 0.0001948126558252761
 0.06430868167202572 0.06538796861377506 0.06039546620335898 0.04337539432176656 0.03431334321141698 0.01376687151393009 0.008014078339681254 0.001882361888826566 0.0009642844619682312 0.0001968853141056594
 0.07259528130671505 0.06211180124223602 0.05863192182410423 0.0398821941342496 0.03009342436219906 0.01062649435076808 0.00762432314682268 0.001848739178744782 0.0009506966763450175 0.0001947356979545995
 0.08180686466299129 0.07318348144276006 0.06709362610551997 0.04618822945120437 0.03648060251833837 0.0127569510886898 0.007360813704496787 0.001851785366738534 0.0009515634770517846 0.000194774169288168
 0.07729468599033816 0.06798209252196982 0.06086854734870654 0.04164226690090442 0.03087164150306305 0.0105893112134388 0.005844897670011247 0.001586209532545962 0.0008106030789244177 0.0001651571370666938
 0.06839945280437756 0.06663113006396588 0.0613421666053245 0.04051757940138544 0.03193066484205725 0.01277066719641286 0.007435251352802676 0.001835147038791603 0.0009423935241048719 0.0001928073324032202
 0.08269344359125812 0.0704579768495219 0.05945499587118084 0.03395741556534508 0.03028834504482675 0.01226858552858305 0.007229013523941031 0.001757057514349303 0.0009028959659967438 0.0001967853620313974
 0.03824091778202677 0.07012076353720297 0.06473267801486454 0.04194213407265231 0.03197753772959482 0.0126180220162729 0.007562266728465836 0.001801634366839308 0.0009241065348923172 0.0001889134829939088
 0.07076514816452897 0.06331279945242985 0.05706354102405922 0.04107024219363411 0.03097893432465923 0.01113706321830191 0.007470700845123033 0.001820956771988053 0.0009531199756617445 0.0001964146976919884
 0.03992015968063872 0.07053291536050156 0.06508376521634325 0.042833607907743 0.03236122744232087 0.01261090175365716 0.007205221666525388 0.001700140977982219 0.0008689658135179836 0.0001887260613407378
 0.051440329218107 0.07036622421237806 0.06383287393007399 0.04116020322850344 0.03063666826232647 0.01283495671767373 0.007596232268794677 0.001832955404383976 0.0009418225528634318 0.0001928177572034826
 0.075046904315197 0.06945822583846001 0.06279596458719375 0.04283407064110667 0.03102792513261936 0.01298587603595191 0.007759979095566518 0.001856788551572302 0.000952836536030833 0.000186917746249217
 0.08120078740157481 0.07136678200692041 0.06276150627615064 0.04286939125464419 0.0328484279680901 0.01212883518260635 0.0077547558463589 0.001882562338484708 0.0009643887285362625 0.000196885549038224
 0.07754342431761788 0.06526806526806526 0.05686433793663688 0.03944914646392196 0.03094378545642084 0.01313664851254824 0.007810943290957637 0.001862264627803611 0.000954320197797468 0.0001948893257326496
 0.07541478129713425 0.06228589224540641 0.05248744865358284 0.02732527588018917 0.03257465024013364 0.013236173180382 0.007696764048663411 0.001869074185253571 0.0009608049798813259 0.0001967394900870125
 0.07597895967270603 0.06741573033707865 0.06035913686434283 0.04364602441647163 0.03256571295650151 0.01309981489391998 0.007626712967846103 0.001818622696411251 0.0009333237408393303 0.0001964009038409272
 0.04594180704441041 0.03979533826037521 0.05740253527864147 0.0424929178470255 0.03303574940024383 0.01269241554378145 0.007477587779485114 0.001739309933562183 0.0009433435560971759 0.0001962389905466326
 0.07615546218487394 0.06596306068601583 0.05773887129819334 0.039568345323741 0.03138680102420088 0.0125872692943811 0.007233759788706923 0.001652638456512549 0.0008422322680727375 0.000196648396242943
 0.08573655494933749 0.07268762493185536 0.06508298080052066 0.04105527256139284 0.03256491558831091 0.01294193776104477 0.00750992382791546 0.001784209367478798 0.0009147884308458873 0.0001869092722508529
 0.06938775510204082 0.05655355954757152 0.05033557046979865 0.04232013940751805 0.03317979545631977 0.01293489924007467 0.007739244486806625 0.001812126368155408 0.0009268636300662854 0.0001926804472252228
 0.07719714964370546 0.06601411336216709 0.06038026721479959 0.04230274048188339 0.03184858273806816 0.01287383640324817 0.007505154639175258 0.001800241421849625 0.0009237453107770935 0.0001926577534318404
 0.08433734939759036 0.06372325898953118 0.04980434009249377 0.04080118694362018 0.03071195905072126 0.01205857019810508 0.006986899563318777 0.001782663033068399 0.000914383544987184 0.0001868924380337246
 0.08496732026143791 0.07484343974339391 0.06682474671265359 0.04527991218441273 0.03318417215546281 0.01100840200093895 0.007196746100414824 0.001840473689592028 0.0009449309810721557 0.0001929115544276085
 0.08149010477299186 0.06692160611854685 0.06076388888888889 0.04297994269340975 0.03354875163329449 0.01368461992768759 0.007990216061964941 0.001869672387609796 0.0009568882774351097 0.0001968666387606549
 0.07931262392597488 0.06677796327212021 0.06156316916488222 0.04216585235258685 0.03110957483581058 0.01115662061376697 0.006293591744187049 0.001410641648711582 0.000716932471835848 0.0001964981645285086
 0.0662739322533137 0.06826480393713288 0.06166072896684023 0.04389988206001835 0.03266935886383229 0.01179118876621288 0.00714250529530565 0.001754644146846735 0.0009434389118491114 0.0001962472763256801
 0.03952569169960474 0.07033680508589206 0.0647571606475716 0.04438769305606226 0.03355550448172834 0.01258793039614957 0.007198326600780807 0.001788364217495529 0.0009158615529114653 0.0001869545873385205
 0.08333333333333333 0.06974716652136007 0.05860646841762535 0.04150184812917451 0.03088766394221631 0.01340931947703654 0.007859189521080638 0.001860094333355477 0.0009536886829267344 0.0001967216632876244
 0.07792207792207792 0.06282722513089005 0.05157593123209169 0.03817333521843631 0.03099215133829744 0.01237975980420058 0.007199960276081236 0.0017641702708855 0.0009047643137605896 0.000184909220508222
 0.06829823562891292 0.06486486486486487 0.06017004578155657 0.04012738853503185 0.02998144006091467 0.01332778009162849 0.007831045199814013 0.001831746455761415 0.0009367471260890905 0.0001909904626127217
 0.07617931438617052 0.06477551932097386 0.05666275889019148 0.04213905889435136 0.03327259763922998 0.01325112983317525 0.007800186561163112 0.001844597421366904 0.0009448720721141952 0.0001929120148188248
 0.06670709520921771 0.05015959872321021 0.04391984628053801 0.03836477987421383 0.02875188536953243 0.01232213964226883 0.00744152527768639 0.001795281244980299 0.0009453747060174064 0.0001945127168643121
 0.08830022075055188 0.07814026176987693 0.06932409012131716 0.04525183630640084 0.03355215171407731 0.01277216883590804 0.007381931046053183 0.001831280537074935 0.0009413691972352861 0.0001927948394585446
 0.07554671968190854 0.06148867313915857 0.05252340717058689 0.03753275263791517 0.02726617964811195 0.01231791683973817 0.007143865828231562 0.001647901033962091 0.0009535863515786188 0.0001964364834535994
 0.07113218731475994 0.05731625084288604 0.06169377453729669 0.04406985071338071 0.03392214454143052 0.01274076294686352 0.007300678879219918 0.001811231901831231 0.0009381944838073496 0.0001910512015229965
 0.07917059377945335 0.07098765432098765 0.06384065372829417 0.04398743216223936 0.03373223034294434 0.01320169900126277 0.007650282312048362 0.00176328307976556 0.0008997713407179784 0.0001967934984198874
 0.08120178643930166 0.06568144499178982 0.05893300248138958 0.04178928781636257 0.03219575016097875 0.01307277628032345 0.007774367030271943 0.001843174364294862 0.000944504057472585 0.000190736750501429
 0.07961079168509509 0.06335797254487856 0.05661140315406388 0.03916653611154629 0.02763458574693096 0.01217737384537705 0.006954574753197409 0.001851297778442666 0.000956070953984981 0.0001965423241983505
 0.0390625 0.02617801047120419 0.05571428571428572 0.03781465176656507 0.02918174390101553 0.01122268163024217 0.006424779359550941 0.001724028079170368 0.0008894371602978455 0.0001826862302438246
 0.08774262164318 0.07544581618655694 0.06512162420992147 0.04381290704558911 0.03330632820235845 0.01168464101308996 0.006496756011694161 0.001809951302783896 0.0009607042835766147 0.0001967373788500164
 0.06167400881057269 0.04975124378109452 0.04906586148329874 0.03748411689961881 0.03162346019488876 0.01264626789737626 0.007288385496950607 0.001670333721157944 0.0008939468140512893 0.0001906279742183608
 0.0624512099921936 0.06670803599131243 0.06498068141903758 0.04628042509427494 0.03559269575982667 0.01387246097457689 0.007979505270673218 0.001825017337664708 0.0009302161626527023 0.0001891351229099573
 0.0847457627118644 0.06964596633778294 0.06183442116111301 0.04327344434706398 0.03332539871459177 0.01300480070834659 0.007712701855868884 0.001825240798694953 0.0009350573453137556 0.0001909205732628863
 0.07808687164470474 0.06918420294032863 0.06321612011062822 0.04037413363838235 0.02996114414119189 0.01208309676667977 0.006959233981184914 0.001838169783114722 0.0009479094727108471 0.0001968940069839697
 0.0398406374501992 0.06965026674570243 0.06347062795408508 0.04288567735871225 0.03265342637323314 0.01239880388009627 0.007135002644148038 0.001798615633945746 0.0009233161628924094 0.0001929092525044891
 0.06821282401091405 0.06335797254487856 0.05813953488372093 0.04108921234069225 0.02990049507377089 0.01181658356630256 0.006834814209745445 0.001820755106561101 0.0009538187917717232 0.000196447631526154
 0.05842259006815969 0.0605766900896535 0.0592823712948518 0.04183085783570779 0.03359112569330521 0.01301216933564004 0.007444441624580193 0.001869833169329448 0.0009610260263321132 0.0001967497341394375
 0.03992015968063872 0.0761854722185735 0.07014149232071593 0.04500038135916407 0.03186586920286302 0.01161062604495634 0.006859341670500649 0.0017825311942959 0.0009302127280232398 0.0001907166296557207
 0.0782122905027933 0.06469979296066253 0.05533421868083223 0.04372102823430257 0.03410865455740938 0.01302754395006585 0.007556068519425739 0.001743558891096545 0 0
 0.06145741878841088 0.06053016071801294 0.05922469490308686 0.04272000804141328 0.03366736641977265 0.01363892013498313 0.007970222591061848 0.001865511826012469 0.0009559958989726946 0.0001949589969399395
 0.08024455483377914 0.07157464212678938 0.06373034980880894 0.04353453347452642 0.03311110116783748 0.01294790287618022 0.007458808937161629 0.001708922495564482 0.0008712737140636304 0.0001907341356882641
 0.07921332969134116 0.0675990675990676 0.05864509605662285 0.04119911096655283 0.03229928302690423 0.01312903970452447 0.007589784650286077 0.001860624068501343 0.0009560552580624912 0.0001965404513005518
 0.07476635514018691 0.06247211066488175 0.06043792727633013 0.04190950166983171 0.03199135817856994 0.01281635987211808 0.007582968974363111 0.001801084442422174 0.0009247740144342622 0.0001966064925024412
 0.07111111111111111 0.0676940803687167 0.062710169953649 0.04429221047658419 0.03308400460299194 0.01347097359689175 0.007844238200614329 0.001817896521502846 0.0009283744456627323 0.0001927606262772876
 0.07766387076731905 0.06671899529042385 0.05912693420556045 0.04106650321789764 0.03092402843164405 0.01185349678155056 0.007547351602206396 0.001800736216785894 0.0009238782659096701 0.0001888709295829531
 0.07202881152460984 0.05787781350482315 0.06043113556417425 0.0424345295829292 0.03287604513353357 0.01337450023476516 0.007777014784601511 0.001878910839038074 0.0009633986368395854 0.0001968492586040524
 0.07616487455197132 0.06466416353775553 0.06031252855706845 0.04334656360977648 0.03387755102040816 0.01293228712583551 0.007459593866556155 0.001807858535069631 0.0009304796040809284 0.0001907281105221719
 0.06840796019900497 0.05538461538461539 0.06147037128104254 0.04422902150863375 0.03339738310915912 0.01267303567946968 0.00743500498390444 0.001817661994391755 0.0009330697411314637 0.0001964358987993997
 0.07789317507418397 0.06567028985507246 0.05968529571351058 0.04171218591717152 0.03278317883789283 0.01347746735925874 0.007880673469220223 0.001874779855395768 0.0009623254448568078 0.0001848997356331414
 0.0740242261103634 0.06370586093920641 0.06027610344157108 0.04253138611324622 0.03309042236763831 0.01308073310895222 0.007502571105828402 0.001850855076158909 0.0009581798067961081 0.0001966680069227138
 0.07413290971670639 0.06352087114337568 0.05550049554013875 0.0405946568654342 0.03137188400881804 0.01143351565155589 0.007761479541837511 0.001871345913566502 0.0009614198714804992 0.0001967667838588431
 0.05330490405117271 0.03403675970047651 0.05989550146552822 0.04076086956521739 0.03094356068860318 0.01266774319282811 0.007433304471418535 0.00173697270471464 0.0008881549410694556 0.0001887292482258458
 0.08070054945054946 0.07235453723243895 0.066006600660066 0.04567736185383244 0.03517501715854496 0.01277434050543294 0.007181451337117844 0.001805489829390714 0.0009251405483259338 0.0001927207964415396
 0.07035175879396985 0.05579665220086794 0.04671748217359233 0.04377578746100433 0.03445794994130789 0.01368671675624813 0.007951693462217031 0.001838351458329743 0.0009385035756008623 0.0001967895474933683
 0.03992015968063872 0.0198019801980198 0.01282873636946761 0.04116814614691883 0.03048639660030486 0.01256353149448918 0.007363228039172373 0.001718514897614701 0.000878557915513966 0.0001925320585726189
 0.0622568093385214 0.06111696522655427 0.05385329619312906 0.0427027027027027 0.03262123562875443 0.01341565448198263 0.007869174966187139 0.0018338984669755 0.0009373407253064421 0.0001910155440888748
 0.07871064467766116 0.06356328285660871 0.05626081938834391 0.03902751119641715 0.03226258942348156 0.01320567844172994 0.007650409546380608 0.001804084066519428 0.000957040482812423 0.0001965832246995901
 0.07725321888412018 0.06910940148650412 0.06374789511667067 0.04387004979843491 0.03303586751330015 0.01274254271647842 0.007354907729339396 0.001848585737595141 0.0009506883759914322 0.0001947370136244374
 0.06671114076050701 0.0498960498960499 0.04450691028343875 0.04237754540451293 0.03272140064592895 0.01266615432783992 0.007364257699372797 0.001703884089934448 0.0008699621615334012 0.0001907154551235608
 0.07304882737408688 0.06639126586013573 0.05995503372470647 0.04069318739914404 0.02956769983686787 0.009632810331597252 0.007504115159926411 0.001770032774155237 0.0009063346947844823 0.0001926068362321655
 0.06950477845351868 0.05602240896358544 0.05002680007146686 0.039015606242497 0.03171247357293869 0.01319467105543181 0.007679311933650745 0.001851858850562549 0.0009515533136873176 0.0001948111842293588
 0.07804632426988922 0.06705602422669263 0.05884586180713744 0.04148878600204438 0.031283518055059 0.01305319872800744 0.007667335519339631 0.001805743785865398 0.0009252072220701853 0.0001889274212441129
 0.07667473769168684 0.06335529650278762 0.05432595573440644 0.0396692634899393 0.03125898246622593 0.0126400459638035 0.007675204342424889 0.00183758060727303 0.0009498995820441838 0.0001947042045776945
