# Created by Octave 3.0.1, Thu Sep 10 05:39:50 2009 PDT <jwawerla@marvin2>
# name: prtA
# type: matrix
# rows: 100
# columns: 10
 267.8 609.3 626.5 762 808.3 941.9 2360.1 2874.4 2942.2 3255.3
 239.3 549.1 586.1 1445.7 1499.4 1878 1944.6 1912.1 1979.4 2138.5
 369.4 901 930.6 1123 1539.7 1817.9 1884.8 2043.7 2112.6 3244.1
 598.6 649.1 724 1098.9 1575 1723.1 2320.7 2984 3052.9 3213.5
 438 776.1 1116.9 1225.4 1284.3 1807.5 1875 2517 2585.3 3159.9
 298.8 882.2 917.2 1205.8 1569.7 1719.7 1787.3 1710.5 1778 1937.2
 390.1 424.6 888.5 1036.7 1175.7 1861.8 1928.3 2086.6 2155.5 2316.1
 54.3 71.8 150.8 511.7 595.4 1266.9 1332 2102.6 2169.7 2721
 63.4 101.6 116.6 336 1002.4 1137.8 1203.4 1983.2 2049 2207.3
 75.90000000000001 213.6 235.6 700.3 749.2 1889.3 1955 2770.6 2839.6 3000.3
 47.5 62.2 71.09999999999999 742.2 835.1 1666.1 1730.4 1981.2 2050.1 2943.7
 68.7 166.8 183.8 574.8 860.1 1427.6 1492.3 2062 2748.3 2142.6
 89.7 167.4 247.7 490.9 533.4 1055.2 1922.9 2054.4 2121.6 2280.6
 49.2 55.1 60.7 138.7 751.1 876 1560.6 1828.6 1897.4 3419
 40.1 40.1 40.1 154.2 1015.1 1182.7 1243.4 1447.6 2456 2664.9
 52.6 57.8 61.3 173.7 464 1264.9 1325.1 1839.7 1907.7 2100
 135.6 145.8 180.5 211.3 417.7 1202.7 1358.9 2073.7 2159.7 2739.5
 40.1 40.1 49.8 142.6 167.3 604.4 1114.8 2009.5 2076.6 2235.6
 60.1 77.59999999999999 108.2 136 589.4 1114.3 1242.2 1963.9 2031.9 2196.2
 40.1 40.1 40.1 72.59999999999999 136 884 943.1 1578.5 1646.5 2412.4
 90.2 98.8 164.7 360.9 396.5 877.4 937.6 1637.6 1705.7 1887.7
 40.1 75 79.90000000000001 171.3 202.3 1360.3 1420.7 1722.6 1790.8 2675.6
 44.4 49.1 52.5 70.59999999999999 433.5 1208.4 1267.8 1814.9 1883 2060.5
 94 103.1 216.9 258 597.1 1263.8 1414.3 1715.1 1783.2 2764.7
 62.4 69.09999999999999 73.7 193.1 639.5 750.6 1016.7 2086.2 2154.3 2331.9
 43.1 60.5 64.7 140 598.6 752.5 1620.4 2127.3 2195.4 2592.8
 61.9 68 72.40000000000001 171.7 393.5 530.3 1493.2 1667.7 1735.8 1944.4
 71.59999999999999 91.2 123.4 151.5 494.6 875.2 1525.8 1848.8 1916.9 2094.5
 41.8 106.4 202.4 410 555.2 973.6 1241.2 1645 1713.1 1886.2
 64.59999999999999 71.5 76.2 199.7 254.9 1142 1207.5 1995.3 2063.5 2239.4
 51.7 56.7 60.6 175.6 202.1 1354.2 1417.8 1603.7 1671.8 2943.9
 52.5 57.1 73.09999999999999 91.5 198.2 802.1 1178.3 1693.7 1761.4 1939.9
 81.7 89.59999999999999 94.2 163.4 275.2 1231.8 1457.7 1946.5 2014 2664.8
 66.7 73.09999999999999 77.09999999999999 164.5 280.3 954.9 1281.3 1646.1 1717.9 2299.9
 58.4 64.2 67.8 129.6 421.4 1011.7 1069.8 1651.9 1723.4 1899
 40.3 77.40000000000001 81.3 165.1 324.6 778.1 1190.2 1658 1997.9 2860.7
 58.3 63.9 67.3 138.2 318.2 577.4 845.8 1688.9 2179.1 2338
 40.1 68.09999999999999 71.59999999999999 86.7 229.7 798.5 986.7 1328.5 1402.6 2913.9
 49.4 54.3 57.3 128.9 433.5 548.9 605.4 2020 2087.2 2246.3
 40.1 43.1 45.3 55.3 65.09999999999999 608.7 665.1 1658.3 2083.9 2016.2
 40.1 87.8 92.09999999999999 179.8 392.5 766.6 1130.9 1797 2282 2452.8
 47.7 103.6 108.3 178.9 253.7 634.8 1428.3 1595.6 2291.1 2903.8
 40.1 40.1 40.1 71.90000000000001 104 396.8 1633 2028.3 2190.6 2349.6
 81.90000000000001 88.59999999999999 92.7 124.9 141.7 1109.2 1164.4 1425 1492.7 1652.1
 50.5 54.8 57.5 101.7 242.5 831.5 1043.9 1209.8 1277.9 2669.4
 65.8 71.5 75 144.9 196.8 707.6 970.5 1665.6 1822.9 1982.1
 49.6 53.8 56.7 69.5 196.3 850.6 953.2 1820.6 2089.9 2263.9
 40.1 40.1 40.1 179.1 198.3 828.9 1057.3 1665.2 1732.9 2949.2
 69.59999999999999 75.3 79.2 179.8 293.9 783.4 838.8 1851.9 1919.7 2093
 58.8 63.8 67.40000000000001 210.5 295.4 780.6 1389.6 1919.9 1987.7 2161.4
 70.40000000000001 87.3 92.2 178.9 216.6 303.6 750.7 1811.6 1879.4 2053.7
 47.9 73.8 78.3 139.5 157.3 913.1 1468.9 1841.7 1909.5 2573.1
 40.1 40.1 40.1 92.09999999999999 106.1 898.9 954.8 1566.4 1634.2 1807.2
 95.3 102.5 165.7 207.8 228.7 779.2 963.5 1741.8 1809.6 1982.6
 78.5 84.8 89.90000000000001 108.7 124.3 838.2 1081.7 1243.6 1871.1 2043.3
 40.1 40.1 84.3 175.6 252.1 923.9 1051.5 1905.6 1970.9 2143.5
 68.90000000000001 74.8 79.59999999999999 155.8 228.1 756.2 1397.9 1783 2129.4 2366.3
 64.7 70.59999999999999 75.3 120.5 272.2 811.4 1233.1 1762.7 1828.2 2321.6
 66.09999999999999 72.09999999999999 76.90000000000001 188.4 229 606.8 662.9 2055.9 2121.4 3016.1
 57.3 62.7 67 99.5 114.3 886.2 1143.6 1428.9 2032.1 2206.3
 57.5 62.9 67.3 116.1 152.1 857.4 1316.1 1476.3 2417 2591.1
 67 73.2 78.2 153.4 209.9 946.2 1307.4 1467.5 1532.9 1707.1
 40.1 40.1 40.1 41.6 48.8 1037.5 1265 2048.4 2113.9 2349.6
 40.1 40.1 40.1 62.3 73 1115.9 1172.2 2029.3 2305.4 2543.5
 66.5 73.40000000000001 78.09999999999999 238.9 312.8 516.8 1374.6 1830 1895.7 2133.1
 49.3 54.7 70.8 86.59999999999999 155.6 768.2 824.6 1819.1 1884.7 2065.7
 59.2 65.90000000000001 70.3 133.7 310.5 946.6 1003.3 1682.1 1747.7 1928.6
 49 65.90000000000001 70.2 86.5 139.2 723.9 780.8 1553 1618.7 2677.8
 40.1 46.4 49.4 184.8 249.6 737.8 794.7 950.2 1015.9 2469
 80.09999999999999 88.2 93.59999999999999 131.8 150.2 672.3 1411.7 2079.6 2145.3 2322.7
 40.1 67.40000000000001 71.7 165.7 185.7 850.1 1091.8 2151.5 2413.1 2590.4
 63.9 71.5 76.2 111.7 128.3 768.2 1120.1 1275.9 1341.7 2311.3
 60.7 79.09999999999999 84.2 163.9 303.6 881.7 1177.6 1506.9 2381 2909
 82.40000000000001 91.7 97.09999999999999 134 241.2 1084.8 1141.8 1297.6 1363.4 2156.3
 86.40000000000001 96.09999999999999 101.6 141.6 160.6 1076.9 1187.7 1990.1 2055.9 2499.4
 40.1 87.7 92.90000000000001 146 165.6 836.1 893.3 1773 1838.9 2013.8
 40.1 55.1 58.6 74.3 144.2 857.8 1378.7 1840.4 1975.1 2134.2
 57.5 64.59999999999999 68.8 135.2 196.5 1113.8 1241 1569.7 1637.2 3719.2
 40.1 40.1 73.7 126.1 306.7 1092.7 1150.1 1627.5 1694.9 1869.4
 40.1 40.1 62 97.09999999999999 362.3 790.2 847.7 2058.1 2125.6 2300
 40.1 56.6 60.5 77 132.6 1149.8 1279.9 2074.5 2429.2 2588
 40.8 45.9 49.2 62.8 193.3 1119.7 1177.4 1550.5 1618 3102.7
 64 71.8 76.90000000000001 175.7 476.8 872.9 929.1 2049.3 2339.4 2515.5
 57.3 64.40000000000001 69.09999999999999 235.8 610.3 770.6 1104.9 1609.1 1676.6 2500.9
 50.6 56.9 61.1 283.1 308.5 889.9 946.2 1822.3 1889.8 2594.3
 40.1 45.2 48.5 62.6 385 1013.5 1069.9 1222.8 1916.4 2080.8
 40.4 68.09999999999999 73.09999999999999 93.40000000000001 554 798 854.4 1577.3 2187.1 2726.9
 60.1 67.7 72.8 125.8 145.4 728.8 785.3 1696.5 1760.7 1936
 40.4 57.3 61.8 79.3 139.1 1147.2 1335.7 1739.1 1803.2 2291
 40.1 40.1 64 82 453.6 1074.3 1414.6 1878.4 2299 2473.6
 85.5 95.90000000000001 152.7 247.2 392.1 991 1390 1697.1 2351.3 2510.1
 41.1 46.8 50.7 134.2 197.4 910.7 1480.3 1632 2347.3 2092.3
 72.40000000000001 82.09999999999999 114.5 197 318.3 934.4 991.4 1141.4 2002.7 2226.3
 58.8 66.8 72.40000000000001 233.2 258.6 790.7 1013.3 2228.9 2293.2 2956.5
 40.2 46 50 120 165.5 1215.2 1272.4 1789.4 2421 2596.2
 49.8 68.59999999999999 74.7 167.7 258.3 1035.2 1092.5 1242.9 1702.8 1878
 82.90000000000001 151.7 161.7 212.4 263.7 753.2 1552.8 1704.8 1767.6 1983.9
 40.1 48.1 66.40000000000001 85.7 184.1 1245.1 1302.5 1863.5 1926.2 2101.4
 69.40000000000001 78.90000000000001 85.59999999999999 214.5 239.6 1090.2 1147.6 1943.2 2005.8 2180.1
 40.6 58.6 64 102.7 120.6 832.5 954.5 1551.9 1614.5 2790.4
# name: prtB
# type: matrix
# rows: 100
# columns: 10
 314.2 352.2 1006.4 1196.4 1973.2 3107 3443.5 3880.3 3945.9 5223.3
 334.2 728.2 1289.4 2581.9 2703.7 3587.8 3647.1 4440.2 4508 4558.5
 359.1 614.1 1455.4 2329.6 3244.1 3897.8 4312.6 4465.3 4533.5 4693.4
 374.1 1012.5 1057.6 2547.6 2703.5 3874.1 4046.6 4201.3 4269.8 4429.9
 819.5 995.2 1207.5 2853.6 3185.8 3794.1 3857.7 4461.4 4016.9 4682.3
 302.7 794.7 1519.3 2949 3190.6 3844.7 4009.6 4227.5 4296.3 6055.4
 357 1308.4 2045 2361.2 2560.7 3873 4416.8 5247.3 5315.8 5474
 347.1 1763.3 2296.7 2353.8 3535.4 4422.7 4722.2 5276 5344.8 5122.6
 301.3 1794.2 2238.9 3173.1 3217 4274.7 4339 4290.7 4356 4932.3
 354.6 2630.2 2777.7 3399.3 3741.4 4071.8 4135.7 5309.1 5375.7 5534.4
 738.6 1015.8 2447.6 2896.6 2984.7 3472.3 3532.8 4171.8 4240.3 5934.3
 790.6 1313.2 1406 2635.4 2696.8 3300.3 3614.5 4205.2 4273.6 4242.3
 298.2 1443.5 1452.5 2427.4 2489.5 3397.1 3457.3 4933.5 5001.5 5195.4
 1274.7 1530.1 1539.4 2280.2 2364.8 3613.2 4134.6 4318.9 4387 5733.9
 995 1284.1 1320 1480.3 1926.1 4107.4 4295.3 4674.5 4742.6 6063.5
 40.1 40.1 41.3 2777 2856.8 3416.7 3668 4236 4014.3 4681.7
 44.7 1006.6 1015.1 2553.8 2686.6 3089.1 3148.5 3946.4 3866.1 5054
 917.8 2067 2075.8 2549.1 2603.9 3556.7 3616.4 4204.2 4284.4 4444.9
 119.9 127.2 392.9 2970.6 3125.5 3667.5 3736.8 5145.3 5502.8 5663.1
 283.3 1103.2 1275.5 2085.4 2776.8 3524.6 3583.9 4532.3 4934 5094.2
 504.9 554.6 1262.5 2730.9 2901.3 3215.8 3275.3 3297.5 3363.6 4928.4
 420.1 1450.1 1619.2 2066.9 2396 3677.4 4260.3 5679.4 5747.5 5926.4
 327.4 488.3 1243.2 2289.4 2996 3570.7 3630.6 4136.1 4066.4 4791
 895.7 993.8 1003.7 2492.2 3002.8 3115 3589.9 3601.2 4124.8 4806
 340.2 557.3 606.2 2714.2 2899.9 3813.3 4550.8 4734.6 4802.7 4779.7
 63.8 1329 1339 2690.3 2748.3 3341.3 4216.4 4395.4 4463.5 4638.5
 291.7 717.5 727.6 2220 3218.1 3633.2 3699.8 4560.5 4628.6 4803.6
 725.7 795.2 832.5 2129.3 3040.5 3804 3870.3 4250.4 4318.5 4306.7
 898.7 915.1 1134.7 2937.4 3137 3339.6 3906.1 3401.6 3467.6 4349.1
 83.5 593 1069.3 2790.9 3005.9 3669.3 4276.9 4291.8 4357.1 4742.8
 775.9 1072.2 1082.3 2493.6 3091.4 3519.8 3746.2 4051.6 4126.5 5243.8
 302.9 1370.3 1380.5 1855.4 3156.9 3402 4018.8 4039.3 4104.8 4718.8
 309.1 590.7 797.7 1811.6 2924.2 3062 3998.7 4179.6 4247.7 4427.2
 43.4 47.2 1260.3 2472.7 2543.5 3293.6 3922 4348.6 4427.9 4594.3
 71.3 77.3 844.6 2634.5 2770.1 3460.2 3644.5 3683 4461.4 4798.9
 831.2 886.6 894.7 2303.4 2771.1 3722.6 3783.5 4316.9 4384.3 5263.5
 59.4 65.59999999999999 69.3 86.09999999999999 3111.8 3650.2 3985.1 4369.2 4436.6 5218.3
 787.5 1162.9 1170.8 1975.3 2078.1 3447.2 3851.9 4298.2 4365.6 4546
 488.3 717.4 725.5 2077.7 2126.2 3555.3 3694.5 4782.5 4212.7 4381.7
 291 724.1 768.6 2757.9 2848.6 3677.9 3841.6 4216.8 4161.4 4528.2
 749.4 850.8 859.1 2118.5 2146.5 2932.1 3829.3 4140.3 4212.1 4389
 40.1 40.1 40.1 77.59999999999999 2234.8 3625.6 3684.2 4983.4 5055.1 5231.8
 410 811.2 819.1 2254.7 2774.3 3024.2 3082 4301.1 4372.3 4546.2
 236 366.2 373.9 1608.6 2863.3 3670.2 3727.7 4060.9 4025.6 4183.2
 326.4 340.1 347.8 1709.3 2555.4 3490.7 3547.9 3778 4199 4838.9
 804.6 906.3 1372 1873.3 2312.3 3146.8 3448.7 4308.3 4370.1 4863.2
 91.90000000000001 408 1251.6 1281.8 3018.7 3230.1 3365.7 4588.2 4661.8 4833
 283.9 326.5 334.1 1637.4 2454.1 3058.8 3675.5 5090 5163.3 5496.8
 122.6 1010.8 1018.5 1132.6 2862.6 3608.2 3663.8 4114.3 4187.3 5138.8
 575.6 588.8 608.4 2144.1 2285.1 3132.1 3234.8 5255.5 3873 5383.7
 426.8 567.1 1349.1 2131.3 2297.9 3764.3 3954.2 4355.1 4323.4 4480.9
 289.7 491.5 689.2 1785.8 2999.6 3510.6 3709.3 4022.3 4090.4 5223.3
 321.8 728 1188.1 1364.6 2868.2 3036 3713.2 4445.8 4529.8 4702.8
 663.2 675.8 727.8 2372.8 2764.7 3301.6 3356.7 4304.3 4163.8 4489.2
 152.4 172.8 201.5 2374.7 2800.2 3664.5 3920.3 4340.9 4411.4 4517.8
 641.6 655.1 662.9 1918.3 2412.9 3271.8 3327 3491.4 4289.2 4349.1
 40.8 1567.5 1575.4 2032.1 2531.4 2664.1 2766.6 3761 3831.2 4005.3
 40.1 40.1 46.7 2487 2817.6 3492.7 3738.2 4312.5 4380.2 4553.8
 118.2 364.1 372.9 1845.4 1924 3758.4 3814.2 3976.8 4307.7 5428.5
 364.2 376 396.7 2344.2 2580.8 3433.8 4150.6 4455.9 4523.7 4697.2
 310.9 384 393.2 1741.4 3100.2 3632.3 3688.2 4892.2 4957.6 5130.2
 241.2 252.3 261 1864.1 1969.3 3990.7 4046.5 4292.3 4357.7 4860
 314.3 326.5 336 1635.8 2511.6 3617.7 3939.7 4101.7 4167.1 5114.4
 664.9 678.1 688.1 1858.1 1901.7 3449.9 3940.1 4102.5 4167.9 5186.7
 268.3 358.4 368.2 441.1 2881 3745.5 4117.1 4731.5 5091.4 5149.8
 581.6 788.1 1049 1845.8 2373.2 3733.1 3789.2 3951.2 4793 4967.4
 367.2 400.9 661.8 694.7 2485.7 3970.7 4077.2 4238.9 4304.4 4478.5
 286.9 374.6 787.8 2424.8 2682.3 3603.3 3659.8 4186 4251.4 4742.8
 40.1 46.6 96.90000000000001 2356.8 2838.3 2969.6 3399.7 3711.5 3776.9 4464.7
 394.2 528.3 649.1 2216.1 2467.9 2565.5 3850.1 4634.2 4926.7 5243.8
 66 619.9 1815.7 2146.4 2573 3043.8 3567.6 5263.9 5339.6 6027.9
 346.8 962.7 1186.1 2314 2463.2 3575.2 3631.4 3779.9 3845.6 5146.2
 369.7 384.5 1038.3 2690.9 2733.3 3360.6 3416.9 4490.6 4881 5060.8
 313.8 349.8 359.1 1834 2585.2 3499.4 3671.2 3830.3 3895.9 4909.3
 311.3 337.8 799.1 2170.1 2607 3473.5 3677 3834.3 3899.9 4586.5
 100.6 388.2 1286.9 2481.9 2694.1 3497.7 3554.5 4595.4 4661.1 4839.5
 88.7 336.4 382.5 1619.8 2836 3761.5 3818.5 4145 4210.7 4264.1
 687.1 714.8 1599.5 1845 2549 3049.6 3740.5 4619.1 4684.9 4485.4
 40.5 1208.3 1218 1291 1902 3316 4097 4394.7 4694 4751
 304.6 320.9 367.6 693.7 3064.9 3492.1 4267.3 4422.9 4488.7 4666
 330.4 347 356.4 1962.6 2537 3401.3 3458.3 4312.7 4378.4 4555.8
 378.4 834.6 1293 2712.3 2773.7 3459.2 3580.2 4318.4 4384.1 4561.3
 307.5 541.4 1681.2 2108.9 2833.3 3571.8 3957.1 4112.8 4178.6 4355.5
 510.1 845.8 1349 2491.7 2599.6 3490.9 3548.2 3704.3 4875.2 4485.4
 287.9 786.9 809.5 2644.7 2705.8 3512.1 3938.8 4621.3 4688.7 5224.2
 300.3 714.1 737.2 2477 2632.5 3583.4 3985.4 4090.8 4315.5 5430.9
 296.8 1154.4 1221.1 2429.4 2985.5 3395.7 3949.5 4104.1 4171.6 4965.7
 476.6 494 504.6 569.5 3132.4 3417.5 3473.6 3937.3 4004.8 4049.5
 274.6 291.1 447.7 2466.5 2493.3 3996 4114.2 4772.8 5071.4 5247.4
 242.7 259.1 269.5 2323.3 2389.6 4217.5 4274 4427.2 4491.3 5414.6
 274.3 313.3 324.1 2119.3 3001 3545.7 3602.3 4256.3 4320.5 4496.1
 441.7 460 471.4 2386.9 2529.8 3364.7 3482.5 4503.7 4567.8 4743.1
 170 258.9 443.8 1899.9 2875.9 3624.9 3889.7 4620.3 5226.1 5401.1
 320.6 1192.2 1204.7 2333.4 3086 3191.7 3248.8 3664.7 4870.5 4418.3
 40.1 334.8 347.5 2805.8 2877.9 3743 3800.3 4829.4 4901.9 5077.2
 446.6 672.9 1180.1 2122.8 2983.6 4045.2 4194 4220.7 4286.1 4688.4
 40.1 333.9 385.6 2350.6 3084.6 3761.1 4357.9 4510 4572.8 4745.8
 676 717.3 2118.4 2387.4 3063.8 3388 3445.4 4055 4117.9 5185
 184.1 636.4 984.2 1822.7 2613.5 3894.5 4257.2 5240.7 5303.6 5337.3
 240 417 430.2 2225.8 3325.2 3904.2 4089.3 4389.9 4452.6 4626.9
# name: collectedA
# type: matrix
# rows: 100
# columns: 10
 12 29 29 31 31 31 46 49 49 48
 13 23 23 45 45 47 47 47 47 47
 15 35 35 37 44 45 45 45 45 49
 32 32 33 39 43 43 45 47 47 47
 21 33 42 42 42 45 45 48 48 49
 15 39 39 42 46 46 46 46 46 46
 21 21 38 39 40 46 46 46 46 46
 4 4 8 25 26 38 38 48 48 49
 5 6 6 15 37 37 37 48 48 48
 6 14 14 29 29 46 46 48 48 48
 3 3 3 32 33 47 47 47 47 49
 5 10 10 25 32 39 39 40 43 41
 7 12 16 25 25 34 44 44 44 44
 3 3 3 5 34 34 43 43 43 49
 2 2 2 7 44 45 45 45 49 49
 4 4 4 9 22 44 44 48 48 48
 12 12 14 14 22 39 40 44 44 47
 3 3 3 8 8 23 30 47 47 47
 5 6 8 8 32 42 43 48 48 49
 2 2 2 3 5 33 33 39 39 47
 8 8 13 22 22 35 35 39 39 39
 3 5 5 9 9 46 46 47 47 48
 3 3 3 3 20 40 40 44 44 44
 8 8 16 16 30 45 46 47 47 49
 5 5 5 11 31 31 34 45 45 45
 3 4 4 7 30 31 46 48 48 49
 5 5 5 10 20 21 47 47 47 41
 6 7 9 9 27 35 46 47 47 47
 3 8 15 26 31 42 45 46 46 46
 5 5 5 11 12 40 40 46 46 46
 4 4 4 10 10 46 46 46 46 49
 4 4 5 5 10 31 38 41 41 41
 7 7 7 10 15 41 44 46 46 48
 6 6 6 11 16 38 42 43 43 44
 5 5 5 8 25 41 41 47 47 47
 3 6 6 11 19 31 40 43 45 49
 5 5 5 9 18 25 31 45 47 47
 3 5 5 5 12 37 40 42 42 48
 4 4 4 8 26 27 27 49 49 49
 3 3 3 3 3 25 25 42 45 45
 3 7 7 12 24 34 42 46 48 48
 4 9 9 13 16 30 48 48 45 47
 3 3 3 4 5 14 47 49 48 48
 8 8 8 9 9 43 43 43 43 43
 4 4 4 6 14 33 36 36 36 47
 6 6 6 10 12 31 36 46 46 46
 4 4 4 4 11 33 34 41 42 42
 2 2 2 12 12 32 35 41 41 49
 6 6 6 12 18 35 35 46 46 46
 5 5 5 14 18 33 45 49 49 49
 6 7 7 12 13 13 23 48 48 48
 4 6 6 9 9 33 43 46 46 49
 2 2 2 5 5 27 27 39 39 39
 9 9 14 15 15 36 39 46 46 46
 7 7 7 7 7 35 38 38 46 46
 3 3 6 11 14 38 39 49 49 49
 6 6 6 10 13 30 45 47 49 49
 6 6 6 8 15 34 42 47 47 47
 6 6 6 13 14 26 26 41 41 46
 5 5 5 6 6 38 42 44 49 49
 5 5 5 7 8 30 38 38 48 48
 6 6 6 10 12 39 45 45 45 45
 2 2 2 2 2 37 41 48 48 48
 2 2 2 3 3 38 38 46 47 47
 7 7 7 17 20 24 46 48 48 48
 4 4 5 5 8 30 30 49 49 49
 5 5 5 8 17 38 38 48 48 48
 4 5 5 5 7 25 25 43 43 47
 3 3 3 11 13 31 31 31 31 48
 8 8 8 9 9 25 41 47 47 47
 3 5 5 10 10 32 36 47 48 48
 7 7 7 8 8 33 41 41 41 47
 5 6 6 10 17 33 39 40 48 49
 8 8 8 9 14 41 41 41 41 48
 8 8 8 9 9 39 40 48 48 49
 4 7 7 9 9 33 33 41 41 41
 4 4 4 4 7 33 43 49 49 49
 5 5 5 8 10 40 41 43 43 49
 3 3 5 7 15 40 40 46 46 46
 3 3 4 5 18 27 27 48 48 48
 3 4 4 4 6 42 43 48 49 49
 3 3 3 3 9 39 39 42 42 48
 6 6 6 11 26 38 38 47 48 48
 5 5 5 15 35 37 42 45 45 48
 4 4 4 17 17 32 32 44 44 48
 3 3 3 3 19 34 34 34 49 49
 3 5 5 5 31 36 36 45 48 49
 5 5 5 7 7 27 27 48 48 48
 4 5 5 5 7 43 45 47 47 48
 3 3 4 4 22 38 44 48 49 49
 8 8 12 16 22 36 43 45 49 49
 3 3 3 7 9 35 45 45 49 46
 7 7 9 12 17 37 37 37 47 47
 5 5 5 14 14 27 29 45 45 47
 3 3 3 6 7 40 40 44 48 48
 4 5 5 9 12 34 34 34 43 43
 8 13 13 14 15 29 48 48 48 48
 3 3 4 4 8 43 43 48 48 48
 6 6 6 13 13 39 39 46 46 46
 3 4 4 5 5 35 36 42 42 49
# name: collectedB
# type: matrix
# rows: 100
# columns: 10
 35 37 118 133 204 267 278 284 284 298
 35 78 134 243 248 285 285 298 298 298
 44 65 143 211 267 289 295 295 295 295
 42 115 117 248 253 296 297 297 297 297
 100 116 132 267 281 295 295 291 292 294
 34 84 145 255 265 287 288 288 288 299
 45 149 222 242 251 290 298 299 299 299
 37 176 218 218 277 294 296 299 299 295
 36 173 208 267 267 295 295 295 295 298
 35 238 247 280 290 294 294 299 299 299
 85 110 244 270 272 285 285 290 290 299
 92 150 157 256 257 282 286 292 292 292
 32 151 151 230 231 275 275 298 298 298
 147 169 169 224 226 286 295 295 295 299
 115 144 146 154 185 292 294 295 295 299
 2 2 2 269 271 290 293 299 292 294
 3 103 103 240 245 256 256 281 281 292
 97 218 218 254 255 284 284 297 297 297
 11 11 40 266 273 288 274 297 298 298
 36 136 151 219 262 289 289 293 295 295
 58 61 141 259 266 275 275 275 275 296
 48 166 180 212 230 280 290 299 299 299
 38 52 132 224 272 288 288 298 298 294
 103 110 110 255 279 279 287 287 296 295
 36 56 59 235 244 280 298 298 298 298
 5 149 149 262 263 281 295 295 295 295
 34 79 79 214 279 286 286 295 295 295
 90 95 97 217 272 296 296 298 298 298
 110 110 129 272 280 284 292 286 286 298
 7 60 103 246 257 283 296 296 296 297
 94 124 124 241 272 284 286 293 293 298
 40 156 156 194 278 283 297 297 297 294
 36 66 84 190 260 261 298 298 298 298
 3 3 136 239 241 278 293 295 295 295
 6 6 86 247 253 282 284 284 298 299
 96 100 100 213 239 282 282 290 290 296
 5 5 5 5 269 287 292 294 294 298
 97 135 135 202 206 284 291 293 293 293
 63 88 88 211 212 290 291 299 294 294
 36 83 86 260 264 290 292 294 294 295
 88 96 96 215 215 261 293 294 294 294
 2 2 2 4 209 272 272 296 296 296
 46 88 88 226 261 265 265 294 294 294
 25 37 37 154 250 285 285 290 290 290
 37 37 37 169 233 290 290 292 298 298
 111 120 172 212 241 283 288 299 298 299
 9 46 137 137 275 279 281 299 299 299
 35 38 38 162 223 246 274 297 297 298
 13 106 106 113 258 293 293 298 298 299
 67 67 68 215 223 259 260 294 269 294
 50 63 150 219 230 292 295 298 298 298
 34 54 75 173 271 288 291 293 293 298
 40 86 131 144 266 269 297 294 294 294
 84 84 88 236 265 283 283 299 298 295
 16 17 19 221 249 284 288 291 291 293
 81 81 81 208 246 286 286 286 298 298
 3 201 201 239 278 279 280 297 297 297
 3 3 3 238 261 288 293 299 299 299
 12 41 41 187 190 289 289 289 291 296
 42 42 43 220 234 273 292 294 294 294
 37 43 43 175 272 288 288 299 299 299
 27 27 27 179 184 297 297 298 298 299
 41 41 41 179 245 291 298 298 298 299
 88 88 88 201 202 287 298 298 298 292
 32 40 40 43 248 281 289 294 296 296
 68 89 116 188 228 293 293 293 299 299
 44 46 69 69 228 294 295 295 295 295
 35 42 87 242 257 294 294 298 298 297
 3 3 7 247 279 280 293 295 295 294
 46 59 69 217 233 233 284 296 297 298
 6 74 199 226 254 270 284 294 294 297
 43 111 132 232 239 283 283 284 284 299
 44 44 110 249 250 272 272 293 295 295
 42 44 44 201 260 296 298 298 298 298
 38 39 90 215 248 289 292 292 292 294
 10 42 138 241 254 288 288 298 298 298
 8 37 40 163 264 297 297 298 298 298
 88 89 186 203 251 269 291 298 298 299
 3 142 142 145 190 270 291 292 293 293
 37 37 40 66 261 277 298 298 298 298
 43 43 43 209 246 286 286 298 298 298
 47 94 140 265 267 289 290 298 298 298
 37 59 176 209 254 285 295 295 295 295
 64 99 151 253 258 296 296 296 297 299
 35 85 86 246 248 279 289 294 294 295
 38 81 82 232 240 285 294 296 291 296
 36 136 141 245 278 289 298 298 298 298
 58 58 58 60 284 291 291 295 295 295
 34 34 47 224 224 292 293 297 298 298
 27 27 27 213 215 296 296 296 296 299
 34 36 36 191 256 277 277 294 294 294
 56 56 56 239 245 282 283 295 295 295
 19 26 44 182 255 283 286 295 298 298
 39 135 135 230 279 279 279 281 297 294
 3 35 35 255 257 291 291 298 298 298
 56 76 129 207 265 297 298 298 298 298
 3 35 38 209 258 281 295 295 295 295
 88 90 232 247 283 290 290 295 295 292
 21 71 106 178 235 284 292 299 299 299
 32 49 49 203 277 296 298 299 299 299
# name: avgRateA
# type: matrix
# rows: 100
# columns: 10
 0.04319654427645788 0.04398604580615805 0.03991741225051618 0.02456418383518225 0.01714317314604877 0.005217186421851597 0.003721652737437399 0.0009267244640128304 0.0004759952672470571 9.537902531776615e-05
 0.05214600882470918 0.03839091971290268 0.0335228100859933 0.0231279231125045 0.01800432103704889 0.006833381797034022 0.003934832476600304 0.0009053765885024879 0.0004608773928852298 9.359967419347451e-05
 0.03953610964681076 0.03680336487907466 0.03396079953425189 0.02279728897104128 0.01732488089144387 0.0066002728112762 0.003786348949919225 0.0008646579701289494 0.0004406899834104704 9.736825528605303e-05
 0.05257969109431482 0.04577313689028751 0.04004854368932039 0.02439176934142223 0.01669902912621359 0.006395859053115378 0.003652389880445104 0.000887060244602144 0.00045607644229323 9.339971999956281e-05
 0.046875 0.03994673768308921 0.03451392883556578 0.02434218152312507 0.018386376570503 0.006610356224752111 0.003789473684210526 0.0009139897556981549 0.0004679032960862813 9.738454912643078e-05
 0.04857512953367876 0.04183651576914825 0.03834054266614235 0.02462187829757299 0.01790092228664825 0.006845543699867554 0.003902505238689098 0.0008895678827317469 0.0004519640786810509 9.16449308797993e-05
 0.05248687828042989 0.04424778761061947 0.03844208396560445 0.02537905902258085 0.01838488762237441 0.006703780349179515 0.003856375175003982 0.0008831446091701129 0.0004502939146693032 9.157580256734753e-05
 0.06220839813374806 0.03284072249589491 0.03189792663476874 0.02471088267272907 0.01629685345367933 0.006063604014744132 0.003353335686551359 0.0009212592077938529 0.0004698066060681396 9.746957059681215e-05
 0.06811989100817438 0.0395778364116095 0.02770083102493075 0.01794258373205742 0.01847782660807032 0.006028218579947212 0.003302568863023725 0.0009233752443097001 0.000470362276945389 9.557806109150544e-05
 0.06984866123399301 0.05311077389984825 0.04171632896305125 0.02416062651003916 0.01657900754630688 0.006677020887463168 0.003847762442492681 0.0009095973894554923 0.0004667462728365338 9.54273784727365e-05
 0.05217391304347826 0.0267379679144385 0.01753360607831677 0.02576074706166479 0.01798267124407389 0.007050599300940579 0.004006683489054082 0.0009041730471785954 0.0004605580984242053 9.742641174350131e-05
 0.06353240152477764 0.04612546125461255 0.03523608174770965 0.02326014142165984 0.01720337616257191 0.006067583545958055 0.003393576568659015 0.0007683147017018171 0.0004184984082461705 8.165011293604645e-05
 0.07021063189568706 0.05519779208831647 0.0460166810468795 0.02522958926228681 0.0163036389722186 0.005615008587660193 0.003690377341083126 0.0008452695641482757 0.0004308588976279259 8.760043688726978e-05
 0.05067567567567567 0.0285442435775452 0.01866832607342875 0.007828401440425865 0.01941636685511964 0.005786249149081007 0.003719530128194038 0.0008296577565282489 0.0004219931028662164 9.733442718689601e-05
 0.03992015968063872 0.02219755826859046 0.01427551748750892 0.01070009171507184 0.02183514465783336 0.007278373526129361 0.004002348044185922 0.0008746763697431951 0.0004782540798001093 9.748044870449478e-05
 0.06389776357827476 0.03710575139146568 0.02479851208927464 0.01335906189698679 0.01502732240437158 0.007023256556369616 0.003885175406839675 0.0009259312843245621 0.0004710144571999957 9.559848635729934e-05
 0.08241758241758242 0.06128702757916241 0.04991087344028521 0.01968227189652749 0.0155180926853354 0.006287584439034614 0.003521467747757265 0.0008449562831141248 0.0004306982107425922 9.348778045090947e-05
 0.05988023952095808 0.03329633740288569 0.02002670226969292 0.0124494242141301 0.006853422427824895 0.004103918349867961 0.002699103897506028 0.000903681058268201 0.000460438533415102 9.358157804823075e-05
 0.07132667617689016 0.04702194357366771 0.03842459173871278 0.01257861635220126 0.0201333836667925 0.006869142829105539 0.003824874134955791 0.0009237181966711505 0.0004704411071439423 9.757142726289048e-05
 0.03992015968063872 0.02219755826859046 0.01427551748750892 0.005239259517988124 0.004401408450704226 0.005608429639700884 0.00301559887052115 0.0007561290072413894 0.0003836826649220583 9.354864649041305e-05
 0.07984031936127745 0.05376344086021505 0.04911220249338875 0.0255546521082588 0.01575366988900824 0.005955014121890632 0.003199970743124634 0.0007552636063643547 0.0003834593341376147 7.770662640267932e-05
 0.05988023952095808 0.04 0.02779321845469705 0.01340682258304782 0.007485652499376196 0.007232363253305662 0.004027774129431646 0.0009086936851589054 0.0004617313156002311 9.548901916066744e-05
 0.05514705882352941 0.03027245206861756 0.01967213114754099 0.005257623554153522 0.0139518660620858 0.006442883834804459 0.003549938763556329 0.0008491765882014632 0.0004318679269357989 8.763884033896313e-05
 0.07692307692307693 0.05225342913128674 0.05048911328494794 0.02110817941952507 0.01878404608352639 0.007184137424566557 0.004030032503088232 0.0009088254687702431 0.0004617657923900998 9.746109860139346e-05
 0.06906077348066297 0.04198152812762385 0.02878526194588371 0.01587072572500361 0.01890820372064654 0.005390741835634543 0.003086223642288525 0.000863952448057259 0.0004405100911072759 8.958220650530057e-05
 0.05649717514124294 0.03619909502262444 0.02428658166363085 0.0109375 0.01876642061804079 0.005388961321164711 0.003958555643523459 0.0009208226783278627 0.0004696884595588451 9.749443286891496e-05
 0.06954102920723226 0.0423728813559322 0.02900232018561485 0.01488759863034093 0.01435235019734482 0.003797262354664304 0.004089374586712142 0.0009096592261703154 0.0004619809349314597 8.168235366307503e-05
 0.07352941176470588 0.04957507082152975 0.04028648164726947 0.01381427475057559 0.01806503412284223 0.005957244008714597 0.003991046174669004 0.0009064819243646911 0.0004611600235093493 9.360787660490207e-05
 0.05791505791505792 0.05115089514066496 0.04960317460317461 0.02857142857142857 0.01993312757201646 0.007030936118923262 0.004003131338291286 0.00089069609836383 0.0004522524630553979 9.1654243531701e-05
 0.06702412868632708 0.0411522633744856 0.02837684449489217 0.01572102329569815 0.009562514941429595 0.006512536633018561 0.003569038590229757 0.0008846953474640977 0.0004506998094323632 9.158978765903272e-05
 0.06482982171799027 0.03748828491096532 0.024906600249066 0.014801657785672 0.008318775476249896 0.007239306285606371 0.00402879714130568 0.0008914089493582825 0.0004524361720752461 9.742637300104445e-05
 0.064 0.03734827264239029 0.02888503755054882 0.0084530853761623 0.008345852111500584 0.005342893090432774 0.003399443564763873 0.0007931333992343361 0.0004029032619441164 8.168308596308044e-05
 0.07633587786259542 0.0501432664756447 0.03604531410916581 0.01507386192342478 0.01176286072772898 0.006579158509579896 0.003840212259004861 0.0008855264551028462 0.0004509185013821632 9.54910707891223e-05
 0.07822685788787484 0.0487408610885459 0.03387916431394692 0.01655379984951091 0.01249707099898461 0.006381299434079498 0.003722975189029633 0.0008325894888481416 0.0004227377875477178 8.759707099284709e-05
 0.07309941520467836 0.04378283712784588 0.02979737783075089 0.01270648030495553 0.01758829323202476 0.006820034266513632 0.003703770619162045 0.0009099374853587186 0.0004620372500329324 9.364433880123292e-05
 0.05964214711729623 0.04709576138147566 0.03309431880860452 0.01653886633588934 0.01434395289143893 0.005365085408698361 0.003574556308198245 0.000832397692516164 0.0004411855538202258 9.744249252327732e-05
 0.07320644216691069 0.04389815627743635 0.02988643156007173 0.01410216233155751 0.01365498406918525 0.004482375300319146 0.002858249276217522 0.0008705931060633907 0.0004599766488450182 9.356250174185509e-05
 0.05988023952095808 0.04233700254022015 0.02913752913752914 0.00852224305437191 0.009758477677482313 0.006380960593256877 0.003640765653016829 0.0008182588620357111 0.0004141905631611024 9.544377278098696e-05
 0.06734006734006734 0.03835091083413231 0.02542911633820725 0.01272062331054222 0.01813742588071154 0.004865829263457622 0.002545872857223679 0.0009419454056132256 0.0004799818194641444 9.756169433204386e-05
 0.05988023952095808 0.0322234156820623 0.02064693737095664 0.005402485143165857 0.002816636935499015 0.004457360885766756 0.002344094288848675 0.0008130348850039587 0.0004408138795637706 8.963854154507365e-05
 0.05988023952095808 0.05079825834542815 0.03643935450286309 0.0176522506619594 0.01723518850987433 0.005896021919328547 0.003773279788696332 0.0008880823213699635 0.0004692907843022232 9.553136135374307e-05
 0.06932409012131716 0.05859375 0.04320691310609697 0.01914862277213139 0.0127622238175002 0.005324057641797402 0.004200099752369119 0.0009303118870601369 0.0004399209706416296 9.345723774606595e-05
 0.05988023952095808 0.03329633740288569 0.02141327623126339 0.006994229760447631 0.004528985507246377 0.002594129854728728 0.004040230379093956 0.0009417951384150549 0.0004697105213199648 9.555098680281621e-05
 0.08705114254624591 0.05772005772005772 0.04151530877010898 0.01440230436869899 0.007882981518787772 0.007038564787533556 0.003851528071369711 0.0008361691784151677 0.0004236757914608637 8.571677463325679e-05
 0.06611570247933884 0.03816793893129771 0.0253968253968254 0.009971746717633371 0.01126760563380282 0.005658921375289377 0.003259718034390026 0.0007029904432354744 0.0003554576072371169 9.350081783374918e-05
 0.079155672823219 0.04938271604938271 0.03428571428571429 0.01550628004341758 0.01002673796791444 0.005431354684981428 0.003281527733467025 0.0008903409618779227 0.0004517647798285062 9.163673366042335e-05
 0.06711409395973154 0.03853564547206166 0.02552648372686663 0.007023705004389816 0.009195017972080582 0.00564044713362732 0.003104115692217799 0.0007911911479218689 0.0004114021073583185 8.362137911962218e-05
 0.03992015968063872 0.02219755826859046 0.01427551748750892 0.01767044617876601 0.01001418676458316 0.005489886599529929 0.003165329691696888 0.0007935709142711148 0.0004030161334238973 9.742534633716486e-05
 0.07537688442211056 0.04788507581803671 0.03348214285714286 0.0176522506619594 0.01391143055877579 0.006051803437424353 0.00322913975716869 0.0008871420333681118 0.0004513357084057351 9.161649335880006e-05
 0.07267441860465117 0.04393673110720563 0.02986857825567503 0.01970443349753695 0.01389532190829088 0.005708749956751894 0.003950972817307017 0.0009437614479226654 0.0004804500934916662 9.757818900457103e-05
 0.07462686567164178 0.05098324836125272 0.03642039542143601 0.01767565178965974 0.01068551701463094 0.002451165246247832 0.002139395574241677 0.0009264334627766755 0.0004711452953197605 9.560730256544269e-05
 0.0690846286701209 0.04846526655896607 0.03365114974761638 0.01407349491790461 0.007776721679771883 0.005580829006781553 0.003749269764319159 0.0008873165810534764 0.0004513808820571193 9.749825448278072e-05
 0.03992015968063872 0.02219755826859046 0.01427551748750892 0.008444519506840061 0.004520386945122503 0.004577124548644663 0.002464673020046008 0.0007563064320953179 0.0003837290990631107 7.77190921134651e-05
 0.08547008547008547 0.05901639344262295 0.05269100489273617 0.02119242723933315 0.01220802474159681 0.006229235880398671 0.003557258174852921 0.000889029759304856 0.00045182379657714 9.163664238561257e-05
 0.07909604519774012 0.05192878338278931 0.03686150605581885 0.01149991785772959 0.006226096237658988 0.005994998458428968 0.003429076766200132 0.0007415560187028233 0.0004515510287019577 9.162556297434903e-05
 0.05988023952095808 0.03329633740288569 0.03255561584373304 0.01628182356423919 0.01118121555786279 0.006414693023177299 0.003528932724064607 0.0009440214543324806 0.000480529249030851 9.758166739189096e-05
 0.07604562737642585 0.04807692307692308 0.0334075723830735 0.01524855138761818 0.01058545721032489 0.005211771654911226 0.003948095701839812 0.0009076337794256803 0.0004797834903563519 9.753838981635513e-05
 0.08032128514056225 0.04975124378109453 0.03422703936109527 0.0128928283642224 0.01179059896242729 0.005850569570155213 0.003738950067212078 0.0009079897300565852 0.00046156172847993 9.356555640848414e-05
 0.07884362680683311 0.04914004914004914 0.03391746749576031 0.01888436955258571 0.01139137510170871 0.004637226225297853 0.002438361046244455 0.0007876148524951061 0.0004014829408919188 9.14483651716118e-05
 0.07429420505200594 0.04436557231588287 0.02994011976047904 0.01000834028356964 0.005384546351969847 0.006455777921239509 0.003768979503930507 0.0008555500895410945 0.0004802410221881153 9.756946497883439e-05
 0.07407407407407407 0.04428697962798937 0.02988643156007173 0.01136179191689661 0.006943841680409687 0.005121726363232834 0.003358047383815979 0.0007382037947560333 0.0004686721930929435 9.550507360755095e-05
 0.07792207792207792 0.0487012987012987 0.03367003367003367 0.01530456075910621 0.009918175055789734 0.006558810668998688 0.003979694713196668 0.0008743381745761889 0.0004432060937883189 8.96937675388688e-05
 0.03992015968063872 0.02219755826859046 0.01427551748750892 0.003692762186115214 0.001906941266209001 0.006128364389233955 0.003639591655570351 0.0009222185504261418 0.0004700633312408986 9.555098680281621e-05
 0.03992015968063872 0.02219755826859046 0.01427551748750892 0.005335230304108127 0.002795899347623486 0.006213312840301509 0.003401299654499561 0.0008841172185672303 0.0004594087897608533 9.352424218003019e-05
 0.0915032679738562 0.05672609400324149 0.03930376193149916 0.02300717282446881 0.01523461304082876 0.004350348027842227 0.004044098254004536 0.0009261045726413274 0.0004710699273865335 9.559218462196578e-05
 0.06745362563237774 0.03820439350525311 0.02927400468384075 0.008523695874531197 0.006922810661128419 0.005200929232689574 0.002771464996397095 0.0009455972797674988 0.000480935802922323 9.759678862746448e-05
 0.0722543352601156 0.04314063848144952 0.02935995302407516 0.01262427015938141 0.01297214803510111 0.006390206168230586 0.003453509401724937 0.0009287548300088425 0.0004717551354969204 9.563113159919559e-05
 0.06779661016949153 0.04314063848144952 0.02937720329024677 0.008525149190110827 0.006144662921348314 0.004367651426474956 0.002318937370139507 0.0008340930692685198 0.0004231504634481646 9.349925538784486e-05
 0.05988023952095808 0.03112033195020747 0.02008032128514056 0.01606308411214953 0.0104033290653009 0.005402767611279584 0.0028717796696527 0.0006084372583424599 0.0003068823818824561 9.552828134670995e-05
 0.08879023307436183 0.05788712011577424 0.04132231404958678 0.01424501424501425 0.00782472613458529 0.004407383248417749 0.003592803876723012 0.0009024646886688838 0.000460128855659536 9.356535151606726e-05
 0.05988023952095808 0.04258943781942078 0.029120559114735 0.01502178158329578 0.008433836552247618 0.005469991965949299 0.003245640923925783 0.0009012204826323308 0.0004686900406295679 9.550520662551452e-05
 0.09472259810554803 0.05761316872427984 0.03972758229284904 0.01307830635932647 0.007090312860054951 0.005721022155958532 0.003687017203082706 0.000799595911529588 0.0004045718593629276 9.356747499011071e-05
 0.07072135785007072 0.04647560030983734 0.03257328990228013 0.01506250941406838 0.01304081006443695 0.005610622779128483 0.00348912109934154 0.0007765949804783436 0.0004688369912386087 9.743313402623537e-05
 0.08658008658008658 0.05645730416372619 0.04058853373921867 0.01419558359621451 0.01127940702545923 0.006738101498816724 0.003679836292161052 0.000799257665075949 0.000404485248127036 9.558776819089992e-05
 0.08298755186721991 0.05475701574264203 0.03968253968253968 0.01402743142144638 0.007754609684645874 0.006417745890174267 0.003575355077451129 0.0009232526961863894 0.0004703304757490748 9.751255424384586e-05
 0.07984031936127745 0.05083514887436456 0.03628823224468637 0.01393188854489164 0.007721345229924503 0.005654461027055739 0.003029385034837928 0.000791918567593147 0.0004025966501994817 8.167106163217027e-05
 0.07984031936127745 0.03805899143672693 0.02522068095838588 0.006965000870625109 0.006117811571403601 0.005633514288640787 0.003778990570100275 0.0009452087561052769 0.0004805094577009485 9.758347469660501e-05
 0.07407407407407407 0.04363001745200698 0.02962085308056872 0.01259445843828715 0.008357709987463435 0.006542575812097222 0.003647362334311894 0.0008338229619330731 0.0004230734416138973 9.727641908428347e-05
 0.05988023952095808 0.03329633740288569 0.02878526194588371 0.01118032263216739 0.01147929899747455 0.006565233804388859 0.00358741177209173 0.0008909980146239891 0.0004523334011833435 9.165731164322829e-05
 0.05988023952095808 0.03329633740288569 0.02469135802469136 0.008373806732540613 0.01321294868971592 0.004663051362647231 0.002489006886252385 0.0009220467131916071 0.0004700094785244836 9.556042205853076e-05
 0.05988023952095808 0.0375234521575985 0.0249221183800623 0.006932409012131715 0.005297545470598623 0.006829490389931379 0.003812090532717489 0.0009217563298735466 0.0004783792121777774 9.749536399595693e-05
 0.05905511811023623 0.03128258602711157 0.02010723860589813 0.005330490405117272 0.007542110114807677 0.006372861414775235 0.003489183531053733 0.0008147350656152705 0.0004133126020980535 9.540795547310717e-05
 0.08108108108108109 0.04926108374384237 0.03391746749576031 0.01627941394109812 0.0176056338028169 0.006470397929472663 0.003476956016506391 0.0009029900498181531 0.0004690275690496525 9.551944168886333e-05
 0.07429420505200594 0.0437062937062937 0.02956830277942046 0.02038597444957869 0.02173508041979755 0.006411811596714379 0.003782114201838828 0.0008719392510235599 0.0004425797086055198 9.552221697513377e-05
 0.066006600660066 0.03741814780168382 0.02482929857231533 0.02170859404929128 0.01299197554451662 0.00543302942324997 0.002923388938627103 0.0008490553294624129 0.0004318391046012456 9.550446553015026e-05
 0.05988023952095808 0.03151260504201681 0.0202020202020202 0.005332385353714895 0.01371841155234657 0.005653945289764696 0.003071391792157111 0.0006637669162950873 0.0004807862130138035 9.759385341960896e-05
 0.05952380952380953 0.04233700254022015 0.02888503755054882 0.008426019548365353 0.01994851994851995 0.006209037599172128 0.003316627358490566 0.0008724768454339408 0.0004697266093274004 9.746842669449356e-05
 0.07132667617689016 0.04248088360237893 0.02893518518518518 0.01118568232662192 0.006111402130260171 0.004713028906577293 0.002503407415649078 0.0009284961264302225 0.0004716948684511801 9.56297217175098e-05
 0.07936507936507936 0.04659832246039142 0.03090234857849196 0.008631106507854308 0.006145202352734616 0.006995054659031754 0.003969759256155332 0.0009084038956997707 0.0004616750750467569 9.556213430063449e-05
 0.05988023952095808 0.03329633740288569 0.02439024390243903 0.006872852233676976 0.01513483764446891 0.006255864873318736 0.003854712385891753 0.000925240562546262 0.0004789880643994565 9.751756112161913e-05
 0.08376963350785341 0.05483207676490747 0.04748713889988129 0.02141327623126338 0.01580346239494289 0.006009013520280421 0.003775241439859526 0.000870455015851953 0.0004787433085852353 9.751047789885218e-05
 0.05870841487279843 0.03099173553719008 0.019907100199071 0.01103752759381898 0.007516285284783698 0.005921464462753988 0.003919758194472271 0.0008715525255655408 0.000478762019125077 9.161662108739768e-05
 0.0849514563106796 0.05299015897047692 0.04195804195804196 0.01721664275466284 0.01289539558522339 0.00623483418711243 0.003366268173299125 0.0007234843003906816 0.0004607721168165156 9.358331094966553e-05
 0.07267441860465117 0.04280821917808219 0.02900232018561485 0.01909438079650845 0.01112347052280311 0.004662648729859948 0.002633179882505698 0.00086159195387994 0.0004399119394055519 9.344744525620009e-05
 0.0597609561752988 0.03125 0.02 0.00967741935483871 0.006006006006006006 0.006435834727764191 0.003548490117455023 0.0008495947047079132 0.0004686538893391004 9.550410448785725e-05
 0.06688963210702341 0.04215851602023609 0.02862049227246709 0.01347910738355549 0.009536676468250816 0.005633616118769884 0.003065134099616858 0.0006635065540787114 0.0004228005521971863 8.567819270818805e-05
 0.08611410118406888 0.06445215666831929 0.04967520061138709 0.01965188096574958 0.0118699058320804 0.005040673016755893 0.004154836922650786 0.0009283470780275719 0.0004716628868126987 9.562059659682311e-05
 0.05988023952095808 0.03058103975535168 0.02403846153846154 0.006829434864264981 0.006756186132927963 0.006885398152151286 0.00380446803804468 0.0009255063773173812 0.000470928966252053 9.559821980181691e-05
 0.07556675062972291 0.04654771140418929 0.03232758620689655 0.01819454163750875 0.01048725395288803 0.006403730583560474 0.003498510890236463 0.000885582713425434 0.0004509547496318837 9.160060305057886e-05
 0.05928853754940711 0.03683241252302026 0.02439024390243903 0.008296001327360213 0.004461895413171516 0.006000857265323617 0.003286320690127345 0.0008147129397752555 0.0004133268381973045 9.745611690278891e-05
# name: avgRateB
# type: matrix
# rows: 100
# columns: 10
 0.107958050586058 0.0919940328194928 0.1066522053506869 0.07840132044329168 0.06861294228440738 0.03293450104847662 0.02067913861717559 0.005270943183315609 0.002732190495248009 0.0005898381962985476
 0.1016850668216153 0.1002313030069391 0.0964445084209011 0.07884746422661346 0.06696006696006697 0.03318661356808496 0.0208835576789208 0.005473896128228772 0.0028514563478394 0.0005906153597650223
 0.1192088864806286 0.09787682577925011 0.09193776520509193 0.07456884365281312 0.06291086449423905 0.03247993886129156 0.02061120970333832 0.005416292575272696 0.002822061827069791 0.0005845132906433886
 0.1093465243426191 0.1082352941176471 0.1010711817553559 0.08137550859692873 0.06831375725664912 0.03335549520514756 0.02114390671052069 0.005479573368166446 0.002848379876052318 0.000588783495982296
 0.1205545509342978 0.1109835438193647 0.1009560229445507 0.07961593511450382 0.0671317310908309 0.0335452178164906 0.02128780389242082 0.005343233923476076 0.002807236131820887 0.0005825447018847303
 0.108730412535977 0.09944358944003788 0.08954486506515161 0.07393447376051029 0.06323676800458168 0.03244881115244157 0.02055733211512106 0.005310958462034945 0.002761363538303851 0.0005908444016208502
 0.1226158038147139 0.1096878680800942 0.1034965034965035 0.0845798965469034 0.07049175723874519 0.03268342161613885 0.02067032906054048 0.005412029185136649 0.00283908017600398 0.0005915239952994615
 0.103612433492019 0.09706060773175977 0.09095840113489381 0.07638937556941622 0.06107509811703488 0.03120124804992199 0.0201056907255709 0.005409219190968956 0.002838298615593745 0.000584016632793702
 0.1156440732412464 0.09380761305715216 0.08893069391594338 0.0726906427813019 0.06331515295233578 0.03180695871564579 0.02057326173373317 0.005433711482813816 0.002826861895818161 0.0005901781288303403
 0.09599561162918266 0.08879934333258713 0.08583243562567329 0.0718077603672454 0.06116336946893323 0.03240812187217532 0.02079840404083278 0.005405982017425704 0.002837466322880892 0.0005914533214752547
 0.1135452845311248 0.1032088571964721 0.09577641701994034 0.0794912559618442 0.0682610987025372 0.03363903544492051 0.02105994324899503 0.005353338822043942 0.002782033436204616 0.0005909858256299286
 0.1149138146390207 0.1100352112676056 0.1042496679946879 0.08164827454232315 0.06951958450551829 0.03397467561413443 0.02100701458004334 0.005386937046630213 0.002800325298062021 0.0005790866811451558
 0.1038286826735886 0.1011047874121192 0.09726247987117552 0.07856801257088201 0.06619859578736209 0.0327494015791166 0.02043500553602877 0.005424740822995076 0.002838054694456746 0.0005898707707948251
 0.1144236008406632 0.1069552559964559 0.103086495059168 0.08056974318394361 0.06716595339990489 0.03320484837226582 0.02087077101580519 0.005430890537179508 0.002826022397424967 0.0005912200072014156
 0.1144278606965174 0.10793793568698 0.1028169014084507 0.07776599505125487 0.06322408666826151 0.03206183982256187 0.02056620007974649 0.00539556831795444 0.00281642808179289 0.0005908349446265143
 0.03992015968063872 0.02219755826859046 0.01415428167020524 0.0820872749465975 0.0702655050819332 0.0344553090878848 0.02143693298214808 0.00551294343240652 0.002807306303075635 0.0005825453944535734
 0.05484460694698354 0.09748249100889647 0.09236839745314322 0.07859060842229353 0.06645689795475505 0.03164752568270883 0.01946990150967791 0.005208873993445345 0.002705406287518257 0.0005781559991604858
 0.1045483940504419 0.1029759093056212 0.1001930324478353 0.08330326981732315 0.07075668026304836 0.03319036544462234 0.02085720160982345 0.005479280203379074 0.002847981097843973 0.0005887659881188212
 0.08468052347959969 0.06207674943566592 0.08115236356258876 0.07664380798709157 0.06617379711550116 0.03322757427170464 0.01994642129171277 0.005385771770214325 0.002824569584883055 0.000589325185088649
 0.1227412205932492 0.1179327089836975 0.1097782624500182 0.08470642840566256 0.06937089599661088 0.03390188395936466 0.02127518606585738 0.00537296244610992 0.002811290906665142 0.0005840494703760209
 0.1126432316954749 0.100893152497519 0.1034862385321101 0.08016342195673032 0.06818240073821547 0.03347209036247231 0.02071516274585132 0.005159716684647498 0.002660511050311715 0.0005862217296551352
 0.1116019530341781 0.110659289380708 0.1046998604001861 0.08258989442518212 0.06772673733804475 0.03226772996519695 0.02033617806077011 0.005370029131061039 0.002827490011584198 0.000590995053826011
 0.1126259632483699 0.09660040869403679 0.09827278141751042 0.0803040080304008 0.06806806806806807 0.03360285624278064 0.02112893049462239 0.005504644774928375 0.002863556344795246 0.0005824192586634865
 0.1137241912333002 0.1053841732132593 0.09966476397571804 0.08522157609785443 0.06970120915359249 0.03438077634011091 0.02111862486111009 0.005354357738259591 0.002842742555087741 0.0005843829114550936
 0.1027984009137636 0.09221142763049564 0.08354573775134522 0.07311306079273225 0.0625657068129952 0.03177016554525547 0.02047997360969844 0.00544445378243378 0.002843438193863326 0.0005903565456376316
 0.06775067750677508 0.1080493110949964 0.103544127866574 0.08212393818763125 0.0701651415308273 0.03368779446848813 0.02075068231057089 0.005423252701515202 0.002823952863918977 0.0005845768802816274
 0.1126947298641034 0.1029315960912052 0.09545674238762687 0.07867647058823529 0.06614352433560133 0.03312792475559468 0.02087621717105359 0.005406841946096535 0.002819496772393017 0.0005843856898009444
 0.1223324724751937 0.11239943208708 0.1040214477211796 0.0825314722549728 0.06731840118797179 0.0336210813266697 0.02134056220845981 0.005493047055874242 0.002856636167122802 0.0005909102536214569
 0.1210520523825245 0.113977826132007 0.104478820766178 0.0791295746785361 0.06768189509306261 0.03405439109789438 0.02099797930404642 0.005355644774688399 0.002764150323386258 0.0005908605765331989
 0.0748663101604278 0.09331259720062209 0.08808688959206364 0.07475158771156826 0.06415537082802866 0.03264392742205253 0.0207327921327459 0.005452020378768064 0.002836414580320841 0.000588418497500113
 0.1196080926326505 0.1104972375690608 0.1048803180241901 0.08050507749866381 0.06648091117954734 0.03333411582431513 0.0208057499527142 0.005420746101873025 0.002813885034069137 0.0005898142639256533
 0.1278363694471077 0.1098359501513765 0.1053698074974671 0.08236392969347033 0.06687675912338523 0.03368245655796239 0.02118583616286701 0.005496000133236366 0.002852894391036725 0.0005825025737103512
 0.11281729865246 0.103012330263774 0.09357246296090008 0.08219415123723828 0.06625554253096173 0.03237410071942446 0.02128769099987856 0.005500225177003891 0.002858576256358654 0.0005907690941329096
 0.05617977528089887 0.0308641975308642 0.09997794604131442 0.08039829111582064 0.06801185268802032 0.03351982251374554 0.02104582674903031 0.005427922706380661 0.002824915563752599 0.0005846280863656208
 0.07380073800738007 0.04713275726630008 0.09104382807537582 0.07880044664220769 0.06710697328983316 0.03333254532989764 0.02081424749899227 0.005290315369856379 0.002852728376223179 0.0005923150783410978
 0.1141226818830242 0.1067691650651292 0.1005328239670252 0.07597916815295712 0.06337673357906182 0.03232980991906083 0.0204592447491566 0.005339038126255365 0.002778195571556259 0.0005858329366756158
 0.07204610951008646 0.04325259515570935 0.02953337271116361 0.008530967411704487 0.06542146991585193 0.03317842362026311 0.02087936446646788 0.005407473348881352 0.00281510504937924 0.0005898440337572887
 0.1216300940438872 0.1113034875092753 0.1062322946175637 0.08160626994707712 0.06692440141645821 0.03362060801212235 0.02100794836809391 0.005396127311770925 0.002807438466314571 0.0005807200929152149
 0.1264298615291993 0.1146729215532968 0.1066020593579649 0.08185591806649339 0.0678139594395752 0.03389711640737321 0.02124940669611888 0.005457947337197098 0.002821153275944295 0.0005828918852527758
 0.1196013289036545 0.1072212892391164 0.099009900990099 0.07980601000644587 0.06859637270695837 0.03341822330287281 0.02109582707201479 0.005422673414882472 0.002822542707759305 0.0005847046805312368
 0.115880958651567 0.1065719360568384 0.1000938379730998 0.08210807714340271 0.06832989035436199 0.03290427503435408 0.02118690027694822 0.005430335627988762 0.002821169518702722 0.0005828834490839411
 0.03992015968063872 0.02219755826859046 0.01427551748750892 0.006925207756232687 0.0646098676888834 0.03153403821183454 0.01987693836687567 0.005383443002797208 0.002817569066137674 0.0005858696938712092
 0.1095238095238095 0.1021830004644682 0.09574583832009574 0.0820416016263114 0.06915189571576186 0.03302509907529723 0.02025684146155022 0.005414254959844276 0.002816839333807916 0.0005827018417738554
 0.1016260162601626 0.08889956751561749 0.07807554336357882 0.07303424072844542 0.06471151606139829 0.03287121404350533 0.02076094320243012 0.005364320608794896 0.002787775316845084 0.0005751877492149679
 0.1099881093935791 0.09484747500640861 0.08262617239839214 0.07649481736296564 0.0655341171176239 0.03415501666529261 0.02140553148458433 0.005429729629216408 0.002859912283227286 0.0005902873173996695
 0.1362631966609379 0.1254836348426226 0.1168478260869565 0.08932709729069228 0.07275910998399902 0.0347375656699563 0.02141470922840126 0.005505604115761311 0.002855223862006456 0.0005922396403619832
 0.08832188420019627 0.1004366812227074 0.1013613495116899 0.07688853967897631 0.06843008933237117 0.03389995261296946 0.02102396432659718 0.005477374231060926 0.002856820731155015 0.0005922750691812936
 0.1190881252126574 0.100929614873838 0.0875374337710205 0.07579301955647047 0.06456095654439652 0.03052563657120167 0.02003583049979891 0.005391178072245416 0.002824179157557817 0.000589519063226513
 0.09803921568627451 0.09992458521870287 0.09476978095663835 0.06921474947935809 0.06679438720033139 0.03403731325945029 0.02144352229979947 0.005506862326593895 0.002860233444959222 0.0005919165187865197
 0.1144125683060109 0.1048841577958673 0.09599096555618294 0.08131311221209486 0.06788225624790722 0.03184909187048856 0.01964517786441805 0.005320737302169014 0.002589700884734243 0.0005817362134948159
 0.1144688644688645 0.1020904229460379 0.1035125250155269 0.08322882225515904 0.06974135055641469 0.03331697910842851 0.02114058849665333 0.005482466226720216 0.002856501992841491 0.0005907062090953295
 0.1134467801134468 0.0997229916897507 0.09503294475418145 0.07568466182518155 0.06775677567756776 0.03384015228068527 0.02122646670508341 0.005423686144425542 0.002814860928577467 0.0005898381962985476
 0.1205545509342978 0.1105398457583548 0.1017001785575654 0.07722835996996676 0.06876583423814694 0.03347436535589846 0.02165796458886328 0.00539986555436783 0.002812595068583313 0.0005825210401051867
 0.124777183600713 0.1157343620832185 0.1063058709833293 0.08214981899192425 0.07039073498552342 0.03408981401175677 0.02118786826087282 0.005506009653010903 0.002860878731382688 0.0005847498816624816
 0.09852216748768472 0.07630161579892279 0.06301824212271974 0.07687758722649321 0.06552286721751487 0.03277742512551215 0.02068920928428267 0.005355082451707646 0.00278705198857596 0.0005807525522389894
 0.1243093922651934 0.1148773223656219 0.1061738104600865 0.08601083405698218 0.07207946321310323 0.03457530404506879 0.02146019359195618 0.005346653854638316 0.002857438737664111 0.0005908605765331989
 0.05905511811023623 0.1242658423493045 0.1199713501253432 0.09438805734370681 0.07872231975986861 0.03640349160371081 0.02193222941111964 0.005524450810066777 0.002860411899313501 0.0005892795174971374
 0.05988023952095808 0.03329633740288569 0.02044989775051125 0.0796786072982926 0.06836756077116513 0.03391147691546858 0.02132739369058537 0.005505178365937859 0.00286452794687115 0.0005926028106417988
 0.09360374414976599 0.099009900990099 0.08669909071685346 0.07973053636906284 0.06497948016415869 0.03299689440993789 0.02092050209205021 0.005354152154258866 0.002789822803110413 0.000585641688191307
 0.1122394441475147 0.09859154929577464 0.08657137104892289 0.07735039729976795 0.0653485254691689 0.03236975029049776 0.0206351674133959 0.00539886403493469 0.002812759211547238 0.0005825275036199923
 0.1153007167341851 0.09907834101382489 0.08718572587185726 0.07807620237351655 0.0663382274035413 0.03336306662187366 0.02104001987112988 0.005447039834439137 0.002848769407837069 0.0005919265963508022
 0.107484076433121 0.08931524975190208 0.07479224376731301 0.07571591726238315 0.06196746707978311 0.03303413527311555 0.02114405723845798 0.005488807805158374 0.002855563125672567 0.0005922433942082953
 0.1264261486278138 0.1088977423638778 0.09403669724770643 0.08380934544432998 0.06976876637430231 0.03376771064205066 0.02137779148762168 0.005508144845725736 0.002860788099121507 0.0005919451118400109
 0.1303896873610905 0.1208625188847686 0.1116609567313793 0.08523811543191553 0.06961436399352104 0.03396489899288749 0.02137717806902389 0.005508063398179382 0.002860766128529038 0.0005780041319377569
 0.1149838303988502 0.09794319294809012 0.08543357539513029 0.0456912124110084 0.06390105642875547 0.03213081013092448 0.02047162660886443 0.00537167810127623 0.0028165958394312 0.0005859647969770551
 0.1149425287356322 0.1061925784512588 0.1009573542210618 0.0801432347173672 0.06759160441124155 0.03355051470840824 0.02124851332927218 0.005430833790536633 0.002853244014390274 0.0005921174317391577
 0.1166489925768823 0.1020181858505212 0.09057495405618272 0.057755084958567 0.06541010413977107 0.03277336216794675 0.02095587190634501 0.005438900862664987 0.002828260361020245 0.0005847622842202393
 0.1178848097002358 0.09891662741403673 0.09799504392881279 0.08274070021881838 0.0697933356869348 0.03417293364174213 0.02152300912165625 0.00549957553611634 0.002858474802256852 0.000588418497500113
 0.05988023952095808 0.03105590062111802 0.03555104113763331 0.08646037524502939 0.07268842977359768 0.03513350732784581 0.02186616118271304 0.005492306116939575 0.002842636463413342 0.0005827959815622382
 0.1138050470064325 0.1020231713643438 0.09211053263916699 0.07989396561245904 0.06718763516825745 0.03079770008591633 0.02050526710998476 0.005417851821752675 0.002830547420246706 0.0005898142639256533
 0.07894736842105263 0.1104642483952829 0.1038784778409981 0.08539903264812575 0.07108872096277638 0.03356622491857082 0.02093222087915328 0.005319928560959324 0.002790973195265598 0.0005869241597153042
 0.1205156950672646 0.1096079786708798 0.1026358759038955 0.08244491826581379 0.06901131901131902 0.03300214572254874 0.02076089029740159 0.005280783340987989 0.002734829400571618 0.0005919078476686551
 0.115880958651567 0.1012658227848101 0.09663533339190021 0.07803441035444546 0.06696488361503228 0.03253355022366815 0.02027293935260753 0.005377074210964827 0.00281271154927966 0.000584088093948293
 0.1297096973440395 0.1100550275137569 0.09583968634284469 0.08611825192802057 0.07252036148610956 0.03482598771678001 0.02179764760957341 0.005535915646020921 0.002868255628951672 0.0005902050130587811
 0.1182695300342359 0.1005673027333677 0.1001001001001001 0.08052132878918393 0.0687551982256723 0.03410633150410102 0.02134971119397529 0.005424051208987578 0.002810397315108099 0.0005826553029064393
 0.09041591320072333 0.09584664536741214 0.09950248756218905 0.08082095308360442 0.06875829024660945 0.03389152358873578 0.02124755616216017 0.005458335317627492 0.002847285190008513 0.0005902866158452339
 0.08105369807497467 0.09575569358178054 0.08290155440414508 0.07689404660817058 0.06882168925964546 0.03389830508474576 0.02149292614972682 0.00550373995752147 0.002859591193610637 0.000590960173448794
 0.1262372686845503 0.1163702928870293 0.1094439541041483 0.08656716417910448 0.07072414764722457 0.03341780958060028 0.02117826862195699 0.005455966868732733 0.002846637862767219 0.0005926831579268696
 0.0594059405940594 0.112850671540968 0.1077389984825493 0.08096035734226689 0.06547208821502412 0.03246753246753246 0.02064268993402852 0.00536817006068606 0.002798632204328806 0.0005804842387632713
 0.1176096630642085 0.09975734699379887 0.08554319931565441 0.05529027393817542 0.06420822160446751 0.03261855135949883 0.0208869232440616 0.005475636175213008 0.002851983037400216 0.0005904895515053521
 0.1263219741480611 0.1083123425692695 0.09421560035056968 0.08486964996345327 0.06955046649703138 0.03404235058859938 0.02125082662743437 0.005486746193799977 0.002854996819265289 0.000590618520290521
 0.1210092687950566 0.1062627176124802 0.1005025125628141 0.0824954082744451 0.07075284203831783 0.03416398713826366 0.02135461922504823 0.005486170432118766 0.002854840919258776 0.0005906120822187512
 0.1165354330708661 0.09976327358809604 0.09880979115203234 0.08011039135267738 0.06626144575170219 0.03324855922910008 0.0211361959146241 0.005451575228042163 0.002831675603242892 0.0005849048934729571
 0.123053258988656 0.1105157401205626 0.1042097998619738 0.0845673028712772 0.07167463051450161 0.03486085102874843 0.02184792075700093 0.005511662939466672 0.00283193738843883 0.0005926831579268696
 0.117489090298758 0.1015653005138009 0.09455744914788346 0.07822685788787484 0.06692212207890334 0.03277687057247917 0.02073349212270784 0.005382515612041456 0.002808326017994301 0.0005838991877269537
 0.1224621334192717 0.1060070671378092 0.09794553272814142 0.07793080282163252 0.06607019958706126 0.03320362560290794 0.02102192286241366 0.005472279944094004 0.002789614199232137 0.0005856389073165096
 0.1173402868318122 0.1129192959149784 0.106729240784195 0.0836348740356387 0.06975285409609835 0.0344223828864776 0.02136277285924227 0.005507900510312527 0.002860664518928384 0.0005901390926155974
 0.1191944101931771 0.1066176470588235 0.0959311941779689 0.05610098176718092 0.06872519601200272 0.03457083457083457 0.02159779123619522 0.005469313443572444 0.00283640755042075 0.0005852599794266238
 0.1194659170765987 0.09967751392553503 0.08581340149716998 0.07550986010450025 0.06412274926287465 0.03245887060915963 0.02075923537997194 0.005422399439137674 0.00283616664477679 0.0005898100613679556
 0.1068460625247329 0.08735037204788094 0.07307171853856563 0.07544362979492084 0.06342931319329714 0.03211282885815026 0.02073700434356172 0.005438457241967252 0.002832771723578901 0.0005915935155019266
 0.1195919803024974 0.09909165978530141 0.08488564017920301 0.07292024586721643 0.06398400399900026 0.03241396257767064 0.02036420311270888 0.005418725567353468 0.00281823802608308 0.0005827597081523525
 0.1239760903254372 0.1098039215686274 0.09800490024501225 0.08278776542311822 0.06940903167318262 0.03371310387700694 0.02099017244576303 0.005412476584158507 0.002821136143248686 0.0005844557359971836
 0.1055555555555556 0.08416963418582066 0.08091210003677823 0.07583649318721614 0.06579117108284527 0.03281197463158993 0.02059079749742615 0.005400922367691133 0.00283199700454545 0.0005896306913459429
 0.117967332123412 0.1086781516663983 0.1034720625431133 0.08117456059857416 0.06828193832599119 0.03405886446036843 0.02105851095948312 0.00523621673092368 0.002832064307884486 0.0005828495913015051
 0.05988023952095808 0.09095634095634095 0.0782122905027933 0.07713715288281202 0.06627298279996906 0.03328376987304129 0.0210864981196061 0.005435040325081069 0.002840749309593058 0.0005900088144941011
 0.1226456416995182 0.1051321067920874 0.1007733770799156 0.07892328808906511 0.06652274324731398 0.03283509485694069 0.02099478652951952 0.005496055934357174 0.002857523677652151 0.0005904633433223351
 0.05988023952095808 0.09116957541026309 0.07825370675453047 0.07331789798638884 0.06316407971404789 0.03207359806417003 0.02054618015169349 0.005411851036507063 0.002821001254628354 0.0005844526096106199
 0.1282798833819242 0.1172944089665059 0.1045798773891093 0.08554408810694743 0.06963925390029037 0.03457319980925131 0.02156871495083821 0.00545740449542133 0.002833326450110884 0.0005780060769816998
 0.1081916537867079 0.1034382284382284 0.0977679394945582 0.07663495070392216 0.06503390065033901 0.0319298442857946 0.02048087983615296 0.005412675798822246 0.002839409099024155 0.0005916840098682603
 0.128 0.1049250535331906 0.09241795548849489 0.07447354904982023 0.06404328123554981 0.03324273938141551 0.02115080238194942 0.005497344176032683 0.002862542435516205 0.0005925169664954444
