# Created by Octave 3.0.1, Wed Sep 09 19:33:23 2009 PDT <jwawerla@marvin2>
# name: prtA
# type: matrix
# rows: 100
# columns: 10
 347.4 674.9 684 731.6 767.4 884.5 1550.1 1699.2 1766.7 3259.1
 269.3 438 460.5 1116.9 1157.7 1284.3 1347.5 1875 1943.2 0
 259.5 482.6 638.5 1019.2 1067.7 1205.1 1270.4 2620.5 2688.9 2739.5
 378.3 581.8 779.9 1389.6 1597.4 2263.2 2329.6 2488 2556.9 2717.5
 367.7 769 803.8 1268.1 1685.3 1832.5 0 0 0 0
 335.3 623.8 812.3 903.1 1044.2 2053 1429.1 2339.9 2406.9 2565.7
 150.3 504.7 813.2 1362 1411.4 1852.7 1984.5 2143.7 2212.7 2373.4
 187.9 217.9 644.3 1079.7 1372.4 2365.1 2474.4 2621 2690 2648.6
 310.2 347.3 475.8 1158.2 1406.2 1837.5 1932.6 2083.1 2629.6 0
 423 536.1 559.4 892.5 1525.2 1811.7 1907.6 2058.3 2127.3 0
 261.5 600.6 736.6 1265.7 1407.5 1663.7 1759.8 2713.5 2782.4 2742.3
 211.5 489.9 513.4 1075.3 1127.3 1708.2 2842.7 2993.4 3062.4 3222.9
 357.2 668.2 692.6 994.5 1047.4 1036.4 1606.8 1755.4 1822.9 1982.1
 283.4 531.4 598.2 1234.3 1383.5 1739.7 2157.8 0 0 0
 353.5 463.4 489.6 1191.7 1245.8 2365.9 2462.6 2963.6 3032.6 3193.3
 143.1 191.7 474.3 1250.9 1303.5 1768.6 1853.3 2007.6 2076.5 2237.1
 76.59999999999999 213.3 261.8 932.4 1061.5 1824.1 2101.9 2256.6 2325.4 3134.2
 131.3 153 169.5 890.6 1330.1 2055 2130.1 2284.8 2353.6 2513.8
 123.1 141.9 582.3 817.8 1117 1316.1 1386.9 2409.3 0 0
 125.6 219.8 237.8 577.6 623 1547.4 1855.7 2010.4 1979.4 2138.5
 57.6 68.90000000000001 122.2 702.8 1190 1319.2 1752.4 1907.1 1975.8 2136
 137.6 158.3 389.1 763.8 859.3 1562.6 1780.5 1935.1 2003.8 2163.7
 90.2 106.6 119.3 894.8 939.5 1516.9 1586.2 1741 1809.6 3350.2
 212.6 236 253.2 471.1 790.1 2145.7 2213.3 2807.9 2876.4 2956.5
 80.90000000000001 130.2 142.2 530.3 728.5 1465.3 1529.6 2562.5 2630.9 2803.9
 169.8 257.6 434.7 521.1 717.6 1076.4 1945.1 2097.3 2165.6 2338.2
 175 287.9 323.7 456.1 792.7 1097.9 1160 1972 2040.2 2674
 55.3 63.7 142 630.1 667.5 1510.4 1572.1 2373.6 2441.7 0
 70.3 81.3 88.7 551.1 905.1 1322.5 1792.7 1943 2011.1 2187.5
 70.3 81.40000000000001 218.2 542.5 887.4 1445 1818.4 0 0 0
 123.4 139.8 422.4 608.9 1008 1537 1598.2 1720.1 1787.5 1946.8
 70.3 165.2 176 405.5 475.7 881.7 1824.3 2146.6 2216.2 2847.5
 174.8 288.1 301.6 458.7 783.9 1696.1 1876.6 2024.4 2094.1 2268.2
 173.5 208.8 221.5 271.3 305.5 1705.6 1765.2 1913 1982.6 2156.4
 174.9 257 362.7 448.7 821.9 936 995.7 1654.8 1724.5 1898.4
 142.5 157.6 168.1 840.3 876 1406.9 1579.8 1727.5 1796.5 0
 100.5 112.5 177.4 674.6 747.7 859.6 918.9 2822.2 2874.4 3032.8
 177.3 384.1 396.2 493 528 1184.1 1243.2 2301.7 2373.6 0
 40.1 43.6 47.3 319.7 816.6 1608.9 1667.6 2130.7 2202.3 2349.6
 70.40000000000001 79.5 106.6 361.2 394.8 1685.6 1744.4 0 0 0
 176.9 192.7 258.6 599.7 633.9 1481.2 1539.8 0 0 0
 57.3 147.3 157.1 713.3 927.4 1127.4 1692.3 1841.7 1911.7 2086.5
 129.7 143.3 153 487.9 521.7 1021.9 1080.1 2015.7 2085.6 2260.2
 69.40000000000001 78.5 85.2 848.4 985.3 1354.2 1662.8 1811.9 2194.2 2815.2
 69.8 79 126.3 897.5 932.1 1307.4 1366 2088.4 2447.8 2622.9
 143.4 158.3 265.1 572.3 914.3 1203.1 1572.5 1722 1792.1 1967.2
 55.3 117.2 126 483 606.4 1285.3 1343.7 2426.7 2496.7 2671.3
 70.59999999999999 134.6 144.1 621.2 698 1608.1 1783.2 2142.9 2212.7 0
 70.09999999999999 98.59999999999999 106.5 754 787.4 960.3 1463.6 1612.4 1682 2828.8
 143.8 309.7 461.4 707.7 741.3 1128.3 1379.4 1686.7 1756.5 2576.2
 98.90000000000001 172.5 344.3 438.2 916.4 1165.4 1223.6 1919.7 1989.6 2161
 215.5 405.9 418.8 788 924.3 1235.5 1293.7 1672.1 1741.8 1912.9
 79.2 107.4 115.8 629.2 877.2 1310.4 1368.6 2055.1 2124.8 2295.7
 79.09999999999999 136.7 144.7 423.6 919 1027 1607.3 1755 1823.8 1992.5
 79.59999999999999 89 148.7 532.1 661.7 1314 1371.2 1890.8 1959.5 2126.3
 101.7 112.9 120.4 616.5 818.5 1113.9 1171.3 1879.5 1948 2114.3
 52.2 59 63.6 721 753.4 1510.7 1669.7 1816 1884.5 2048.1
 182.8 214.4 224.6 728.5 760.9 997.7 1670.9 1817.2 1885.7 2697.2
 95.2 198.3 246.2 494 857.5 1221.5 1696.5 1978.4 2046.9 2210.3
 122.1 134.7 143.1 275.6 306.1 1163 1220.3 1366.5 2050.9 2215
 81.7 91.40000000000001 150.9 706.1 738.8 1022.6 1258.3 1404.6 1473 2976.2
 53.1 60 64.8 412.7 445.2 1080.3 1169.7 0 0 0
 157 202.6 212.9 258.2 818.4 1146 1204.9 1999.5 2066.7 2225.8
 130.1 193.2 203.4 527.3 560.2 1369.1 1618.3 2108.1 2176.5 2340.3
 145.9 160 222.4 430.3 738 1433.1 1714.9 2141.2 2209.7 2373.4
 67.09999999999999 75.90000000000001 154.3 640.6 714.6 1095 1577.5 1722.8 2325.6 2998.1
 154.6 170 296.3 366.6 758.9 1222.7 1582.7 1997.1 2066.5 2918.8
 65.09999999999999 135.2 429.3 502.1 535.5 858.2 917.3 2023.6 2093 2257
 118.9 132.8 196.3 298.9 675.4 1187.6 1246.8 2005 2074.5 2238.5
 74.2 159.7 169.4 242.7 586.2 935.8 1432.6 1578.6 1964.5 2747.5
 65.40000000000001 138.8 148 504.8 575.2 1224.3 1283.3 2103.1 2172.5 2730.6
 111.6 142.4 151.7 242.1 829 1212.3 1271.3 2063.7 2399.8 2563.5
 78.09999999999999 88.7 167.2 306.3 702 1093.3 1152.3 1999.2 0 0
 179.7 213.2 223.9 270.8 712 1411.9 1886.7 2274.4 2617.9 2782.3
 140.8 156.1 203 712.5 883 1341.5 1400.2 1549.5 1617.1 1776.4
 65 74.2 178.2 343.8 376.5 1413.1 1471.8 1620 1688.9 2957
 76.2 163.4 173 442.5 476.1 1483.8 1542.6 1690.9 1759.8 0
 90.09999999999999 119.1 146.4 232.7 263.7 1352.2 1410.9 2434.4 2503.2 3088.4
 79.59999999999999 90.40000000000001 97.40000000000001 692.7 760.6 1016.5 1499.2 1647.3 2196.1 2742.5
 52.2 59.9 64.90000000000001 329.6 601.8 1541 1599.9 2665.9 0 0
 119.7 134.2 143.5 270 1106.6 1217.6 1276.5 1425.7 1492.7 1652.1
 54.5 62.6 122 599.2 900 1200.7 1478.2 1626 1694.2 3167.4
 121.6 136.4 201.8 770.3 844.4 1006.2 1065.4 2010 2078.2 2240.4
 41.7 65.7 71.59999999999999 680.6 862.2 1214.9 1970 2328.3 2396.5 2557.4
 139.3 283.4 295.7 372 406.2 973.3 1756 1903.8 1972 2661.5
 80 125 134.2 557 698.1 809.8 1627.1 1774.9 1843.1 2004.1
 177.7 196.9 227.8 276.6 597.5 1124.9 1370.3 2146.8 2869.2 3030.2
 82 128.5 138 800 835.4 1506.7 1565.9 1713.4 1781.5 2533.9
 40.1 69.90000000000001 76.2 616.8 839.3 952.3 1463.7 1611.4 1681.7 0
 40.1 82.7 146.4 1021.7 1057.4 1221.4 1280.7 1428.5 1803.1 2574.5
 154.6 191.2 277.8 743.7 945.1 1326.2 1385.5 1729.1 1798 2362.5
 76.90000000000001 138 189.5 558.2 1012.7 1452.7 1512.1 1660.2 2065.7 3794.9
 132.3 149.9 160.5 579.3 913.3 1737.4 1796.9 1927 1994.2 2637.6
 76.90000000000001 183.6 217 663 699.1 1011.6 1462.1 2106.6 2174.2 2333.8
 84.2 115.3 124.9 622.3 754.6 1163.5 1223.1 2164.6 2232.2 2370.6
 80.09999999999999 93.2 187.6 567.5 640.2 1206.1 1265.6 1747.7 1815.4 3422.4
 167.6 205.4 218.3 680.4 717 1573.7 1633.1 1782.3 1850 2010.4
 55 191.3 247.1 691.9 728.5 843 902.4 1051.8 0 0
 148.4 167.1 265.6 550 906.8 1491.1 1550.5 2014.6 2081.3 2709.6
 75.8 105.8 115.5 332.7 990.6 1106.3 1165.3 1314.8 0 0
# name: prtB
# type: matrix
# rows: 100
# columns: 10
 384.4 871.4 911.6 1389.5 1795.1 2374.4 2438.3 3453.4 3521.7 3681.8
 346.4 857.3 881.1 1919.6 1965.3 2363 2826.2 2982.6 3051.2 3211.6
 359.5 522.9 917.3 1729.8 1826.6 2662.9 2728 2885.2 2953.9 3114.3
 303.3 908.5 957.6 1806.1 2130.5 2416.1 2656 3142.8 3211.6 3372.1
 434 533 592.8 1515.5 1566.3 2362.3 2931.8 3090.6 4341.5 0
 597.1 1126.2 1199.9 1771.8 1823.2 1965.7 2070.9 2230.4 2299.5 2204.3
 559.2 882.4 1335.2 1492 2253.2 2390.7 2485.1 2636 2704.9 0
 391.9 868.4 889.6 1794.5 1841.8 2590.5 2677.1 2829.1 2897.9 3058.3
 672.1 998.9 1175.7 1324.2 2142.1 2276 2363.8 2515.9 3328.5 3489
 587.7 626.6 1396.5 1481.6 1949 2085.6 2173.8 2978.1 3046.9 2981.9
 308.2 761.5 784.8 1829.2 1879.2 2117.2 2205.3 2357.9 2426.8 3211.2
 428 1229.6 1254.1 1540.4 1681.1 0 0 0 0 0
 708 1008.6 1034.6 1687.7 2040.3 2181.2 2868 3021 3089.9 0
 689.3 734 791.9 1691.6 1744.7 2831.8 3503.8 3656.8 3725.7 3624.8
 293.8 1091.1 1257 1697 2114.8 2824.4 3168.2 2414.9 3126.4 4013.7
 529.6 621.2 1034.6 1551.3 1994.2 2377.9 2766.6 3482.4 3551.3 4198.6
 453.8 869.5 996.2 1482.7 1528.3 1948.3 2346.5 3072.1 3140.8 3301
 376.9 403.5 525.3 1356.6 1401.8 2754.4 2824.7 2979.5 3048.1 3208.4
 40.1 721.3 740.5 1036.7 1387.8 1953.9 2652.7 3206.5 3275.1 3435.3
 231.2 377.4 867.1 1499.9 1543.8 2104.7 2655.6 2810.2 2878.8 4066.7
 725.6 905.6 924.7 1356.1 1666.8 1793.1 1861.1 2015.5 2084.1 0
 261.8 636.1 653.5 1229.8 1779.4 1904.4 2727.4 2881.2 2949.7 0
 45 71.7 79.8 1360.5 1401.5 1840.3 1905.4 3175.5 3243.9 3267.4
 338.1 409.1 980.4 1512.9 1551.9 2414.3 2476.9 2628.8 2697 2875.1
 343.8 718.1 732.8 1189.2 1335.2 1911.8 1974 3025.6 3093.7 3270
 259.1 484.4 592.9 1063.3 1852.6 1968.7 2030.5 2666.2 3450 3625.3
 238.6 340.6 393 837.1 1778.4 1955.7 2634.4 2785.1 3166.2 3340.2
 58 256.5 603.6 1278.9 1581.6 1787.5 1849.1 3383.7 3451.8 3517.2
 128.2 143.9 657.6 1160.3 1322.5 2399.5 2460.6 3063.7 3131.7 3307.8
 291 469.8 613.6 1343.5 1379.7 1808 1868.5 2016.3 2739.1 2913.6
 212.3 626.8 966.6 1154.6 1227.3 2152.9 2212.5 3031.9 3900.8 4504.1
 164.4 431.8 1014.5 1489.7 1525.6 2112.1 2171.5 2532.5 2601.8 2776.3
 57.4 549.5 1075.4 1344.1 1554.7 2124.8 2184 2331.6 0 0
 308.8 545.6 614.8 1292.3 1469.5 2469.2 2853.8 2925 2991.5 3149.8
 123.7 426.3 439.3 1347.2 1462.1 1921 2187.6 2336.5 2406.4 2578
 586.8 676.5 689.7 1257.4 1583.1 1975.5 2033.6 2182.5 2252.3 3082.1
 316.2 335.4 886.8 938.3 1041.9 1937.6 1995.8 3806.7 3876.4 4046.9
 256.7 629.2 642 922.1 955.6 1111.8 2232.5 2527.4 2597 3613
 311.7 330 1027.8 1242.7 1318.4 1786.8 1844.3 1992.4 3154.9 3324.6
 42.9 699 711.3 1155 1188.4 1763.7 1821.1 2572.9 2642.1 2811.1
 359.6 470.7 482.9 1323.8 1518.9 2221.9 2440.6 2588.5 2657.5 2826.5
 291.7 498.9 926.3 975.8 1678.4 1785.9 1843.2 2929 3300.8 3469.4
 146.6 638.6 1002.8 1266.3 1555.2 2030.3 2087.7 2235.4 2638.4 2806.9
 244.3 260.5 949.9 1078.7 1450.6 2009.6 2067 2670.3 2739.2 2908.5
 382.5 458.8 544.6 1120.2 1152.7 1645.1 2433.8 2736.2 2805.2 2974.4
 191.3 667.4 678.5 956.6 1602.2 2328.3 2385.5 2533.9 2602.8 2771.9
 200.5 363 857 1140.9 1173.2 1748.5 1805.7 2930.3 2999.2 3168.2
 158.5 172.5 264.3 1088.6 1120.9 2706.7 2763.7 2911.3 3653.1 3821.6
 557.5 834.5 865.8 1270.1 1302.4 1831.7 2370.6 2923.5 2992.3 3631.4
 370.5 388.1 418.3 1182.6 1215.2 1322.1 1379.2 2474.7 3032.6 3199.9
 372.9 426.1 437.2 888.3 1312.1 1828.3 1885.4 2032.2 2100.8 3433.2
 360.9 619.4 755.6 1265.6 1298.2 1728.6 1785.8 1932 2000.6 3860.8
 105.8 211 425.3 502 1710.8 1866.6 1923.8 2070 2894.8 3585.9
 216.1 534.2 545.6 1149.1 1251 1451.1 2626 2983.3 3319.5 4012.7
 40.1 716 727.6 1011.4 1043.8 1726.9 1784.1 2331.3 2399.8 0
 241.5 314.8 718.1 875.4 1371.3 1687.4 1744.7 2851.7 2920.2 3013.1
 388.7 406.5 418.1 1150.5 1220.8 2177.6 2235.1 2583.2 2651.6 2815.6
 231.8 405.2 842.9 1068 1260 1595.5 2168.7 2599 2667.4 2831.4
 265.1 282.3 293.2 1054 1087 1541.6 1599.2 3341.6 3410 3573.9
 40.1 49.2 53.1 1042.1 1149.2 1982.9 2200.3 2346.4 2414.8 3790.5
 551.5 713.2 879.1 928.9 1538.5 1922 0 0 0 0
 216.3 512.6 841.9 1182.8 1768.5 2035.6 2094.5 2239.8 2308.3 3195.8
 157.4 172.3 182.2 1119.8 1153.1 1968.7 2027.6 2731.5 2800 2963.7
 260.2 388.2 631.9 1188 1642 2106.7 2165.7 2461.4 2856.2 0
 513.8 533.1 599 1156.5 1222.2 1857 1916.1 2061.5 2130 3225.3
 356.2 375.2 387.3 1333.7 1406 1914.7 1973.7 2652.7 0 0
 243.1 325.3 337.3 912.4 946.1 1985.1 2044.2 2189.9 2198.3 3901.8
 249.5 267.7 593.8 1389.2 1838.7 1948.3 2274.4 2420.6 2795.4 2959.5
 327 392.4 679.7 1133.3 1244.5 2071.7 2130.9 2773.2 2842.7 3486.4
 213.2 426.4 494.5 1343.7 1438.8 1866.3 2049.8 3084.6 3154 3317.9
 234.9 253.2 377.8 1107.8 1564.9 1804.3 2278.7 2424.7 2494.1 3424.2
 450.4 609 830.6 962.1 995.4 1182.9 2375.5 3794.3 3789.5 0
 150.6 272.1 708.3 1141.4 1174.8 2165.7 2224.5 2798.2 2866.8 2954
 263.2 346.3 486.1 1128.4 1564.4 1674.7 2789.9 0 0 0
 42.6 386.1 398.4 1146.5 1216.6 2222.9 2281.6 0 0 0
 106.3 119.5 954.2 1083.9 1117.6 1700.3 2193.3 2341.3 2410.2 3297.7
 89.5 335.5 676.5 1287.5 1687.2 2049.4 2108.1 2256.2 2704.1 2868.4
 86.2 577 588.9 1053 1086.9 2007 2367.2 2914.5 2983.4 3147.7
 220.8 609.5 688.7 1255.9 1290.1 1832.9 1891.7 3143.1 3211.9 3291
 267.4 286.8 352.7 1530.3 1564.9 1751.5 1810.4 0 0 0
 237.4 290.1 302.5 966.1 1001.3 1113.2 1172.2 2856.1 2924.3 3085.3
 263.4 284.7 670.4 1113 1646.8 1822.3 2701.2 2848.6 2916.8 3077.8
 288.6 429 516.1 1158.8 1255.6 1893.8 2903.1 3050.6 3118.7 3279.7
 297 643.8 657 1008.9 1044.2 1565 1624.1 1771.6 1839.8 3838
 573.9 613.1 626.4 1292.7 1328.1 1492.7 1692.5 2612.7 2680.9 3312.9
 161 604 617.3 1356.5 1517.3 1686.1 2070.6 3017.7 0 0
 260.6 339.6 353 1400.2 1436.2 1988.4 2047.8 0 0 0
 369.4 393.4 429 1173.2 1209.3 2040.4 2099.9 2650.5 2718.1 3808.6
 267.2 696.8 711.2 1630.8 1666.9 1780.9 1947.5 2096.6 2164.2 3142.6
 203.2 461.5 879.8 935.3 1011.7 1868.9 2647.3 2796.4 2864 0
 375.8 508.1 723.2 859.3 1705.1 1819 2140 2706.8 2774.4 2842.9
 256.2 278.4 345.6 1336.9 1657.9 2041.7 2101.3 2984.4 3052.1 3211.7
 238 515.1 639 1207.8 1652.7 2436 2495.6 2644.7 2712.3 0
 162.5 387.1 670 1195.5 1231.8 1403.8 2860.7 3009.8 3077.4 3237.9
 298.8 556.1 757.6 1042.3 1124.6 1291.1 1856.6 2404.2 2471.9 2632.2
 42.2 726 740.8 981.7 1576.2 1908.2 2313.7 2744.1 2717.1 2875.7
 403.8 649.5 724.9 1112.3 1148.9 1885.5 2092.3 3332.9 3399.7 0
 168.6 659.3 713.7 1087.5 1752.2 2231.3 2290.8 2440.2 2507 2569.9
 170.5 189.9 326.7 1319 1403.5 2029.1 2088.6 2238.1 2305 3370.7
 489.8 544.2 781.9 1218.5 1398.5 1571.7 1940.5 2090.1 3184.1 0
# name: collectedA
# type: matrix
# rows: 100
# columns: 10
 16 34 34 34 34 34 43 43 43 49
 14 21 21 42 42 42 42 45 45 0
 14 24 29 36 36 36 36 47 47 47
 22 28 32 43 45 49 49 49 49 49
 18 34 34 42 47 47 0 0 0 0
 19 32 38 38 39 47 43 48 48 48
 7 23 33 43 43 49 49 49 49 49
 10 10 27 36 39 48 48 48 48 48
 20 20 24 42 46 48 48 48 49 0
 25 28 28 35 46 47 47 47 47 0
 16 30 34 45 46 47 47 49 49 49
 12 21 21 35 35 41 49 49 49 49
 20 31 31 36 36 36 46 46 46 46
 17 25 26 39 40 42 44 0 0 0
 19 21 21 39 39 48 48 49 49 49
 8 9 22 44 44 48 48 48 48 48
 4 11 12 34 35 41 42 42 42 44
 9 9 9 32 40 47 47 47 47 47
 8 8 32 37 42 43 43 49 0 0
 9 13 13 23 23 45 47 47 47 47
 3 3 5 27 40 40 44 44 44 44
 9 9 20 32 33 40 41 41 41 41
 5 5 5 27 27 39 39 39 39 48
 14 14 14 19 27 45 45 47 47 47
 5 7 7 21 25 43 43 47 47 47
 12 16 24 25 29 34 44 44 44 44
 12 18 19 22 35 39 39 46 46 47
 3 3 7 30 30 45 45 49 49 0
 4 4 4 24 36 43 48 48 48 48
 4 4 11 24 35 44 48 0 0 0
 8 8 25 30 41 47 47 47 47 47
 4 9 9 18 19 27 47 48 48 49
 12 18 18 22 33 48 49 49 49 49
 12 13 13 13 13 48 48 48 48 48
 13 17 22 23 35 35 35 39 39 39
 9 9 9 36 36 46 47 47 47 0
 6 6 9 30 31 31 31 49 49 49
 12 24 24 26 26 42 42 48 48 0
 2 2 2 13 31 46 46 48 48 48
 4 4 5 14 14 47 47 0 0 0
 13 13 16 30 30 48 48 0 0 0
 3 8 8 28 35 37 45 45 45 45
 8 8 8 22 22 30 30 47 47 47
 5 5 5 37 40 45 47 47 48 49
 4 4 6 37 37 43 43 48 49 49
 10 10 15 26 39 42 46 46 46 46
 3 6 6 20 23 40 40 48 48 48
 4 7 7 30 31 46 47 48 48 0
 4 5 5 35 35 36 42 42 42 49
 10 19 27 37 37 42 44 45 45 48
 6 10 19 21 38 40 40 46 46 46
 15 26 26 39 42 45 45 46 46 46
 5 6 6 31 38 44 44 49 49 49
 5 8 8 20 38 38 48 48 48 48
 5 5 8 25 28 43 43 49 49 49
 7 7 7 29 35 38 38 46 46 46
 3 3 3 32 32 46 47 47 47 47
 14 15 15 36 36 39 46 46 46 48
 6 12 14 24 37 41 48 49 49 49
 9 9 9 14 14 41 41 41 48 48
 5 5 8 36 36 40 42 42 42 48
 3 3 3 19 19 34 34 0 0 0
 11 13 13 13 34 39 39 46 46 46
 9 12 12 25 25 43 45 47 47 47
 10 10 13 20 30 45 47 49 49 49
 4 4 8 32 33 39 43 43 45 47
 11 11 18 19 31 40 43 45 45 49
 4 8 26 27 27 31 31 49 49 49
 8 8 11 13 29 40 40 46 46 46
 5 10 10 11 25 32 39 39 40 43
 4 8 8 25 26 38 38 48 48 49
 8 9 9 11 33 40 40 48 49 49
 5 5 9 13 26 34 34 43 0 0
 13 14 14 14 29 42 46 47 48 48
 10 10 12 34 38 45 45 45 45 45
 4 4 10 15 15 46 46 46 46 49
 5 10 10 21 21 47 47 47 47 0
 6 7 8 10 10 38 38 48 48 49
 5 5 5 35 36 38 45 45 48 49
 3 3 3 14 25 42 42 49 0 0
 9 9 9 13 43 43 43 43 43 43
 3 3 6 25 34 39 42 42 42 48
 9 9 12 35 36 37 37 47 47 47
 2 3 3 28 32 38 46 47 47 47
 9 17 17 18 18 32 44 44 44 48
 5 7 7 24 27 27 48 48 48 48
 13 13 14 14 26 32 34 41 46 46
 5 7 7 34 34 46 46 46 46 48
 2 3 3 27 33 33 39 39 39 0
 2 4 7 44 44 45 45 45 46 49
 11 12 16 33 38 42 42 43 43 44
 5 8 10 25 38 43 43 43 44 49
 9 9 9 24 33 46 46 46 46 49
 5 11 12 31 31 34 42 45 45 45
 7 8 8 30 33 41 41 47 47 47
 5 5 10 26 27 38 38 41 41 48
 13 14 14 29 29 48 48 48 48 48
 3 11 13 31 31 31 31 31 0 0
 10 10 15 23 34 44 44 46 46 48
 5 6 6 15 37 37 37 37 0 0
# name: collectedB
# type: matrix
# rows: 100
# columns: 10
 28 60 61 77 87 94 94 99 99 99
 22 49 49 93 93 95 98 98 98 98
 31 39 59 89 90 98 98 98 98 98
 24 60 61 90 96 97 98 99 99 99
 33 36 37 75 75 89 93 93 99 0
 43 78 80 95 95 95 95 95 95 95
 40 56 76 78 98 98 98 98 98 0
 28 55 55 85 85 98 98 98 98 98
 47 62 69 71 91 91 91 91 95 95
 45 45 86 86 94 94 94 97 97 97
 19 47 47 95 95 96 96 96 96 99
 33 75 75 80 81 0 0 0 0 0
 50 62 62 84 90 90 97 97 97 0
 49 49 50 82 82 96 99 99 99 99
 18 63 69 81 87 93 94 89 94 98
 39 42 68 79 92 94 96 98 98 99
 40 64 69 84 84 88 92 97 97 97
 28 28 33 74 74 99 99 99 99 99
 2 58 58 65 75 82 94 96 96 96
 18 25 53 77 77 87 93 93 93 98
 56 65 65 78 85 85 85 85 85 0
 20 47 47 73 85 85 95 95 95 0
 2 3 3 83 83 89 89 99 99 99
 26 29 64 84 84 97 97 97 97 97
 27 53 53 74 77 88 88 98 98 98
 21 34 39 61 92 92 92 95 99 99
 19 25 27 48 87 88 97 97 98 98
 3 17 39 67 75 76 76 92 92 92
 9 9 44 69 73 90 90 97 97 97
 23 34 43 84 84 89 89 89 96 96
 15 45 66 71 72 87 87 93 98 99
 11 29 66 85 85 97 97 98 98 98
 3 36 68 78 84 91 91 91 0 0
 23 39 42 72 77 93 98 98 98 98
 8 29 29 79 81 93 96 96 96 96
 46 50 50 77 86 92 92 92 92 99
 24 24 59 59 61 82 82 99 99 99
 19 45 45 58 58 59 92 93 93 97
 23 23 68 75 76 84 84 84 96 96
 2 52 52 73 73 85 85 94 94 94
 30 36 36 79 84 94 96 96 96 96
 22 35 62 62 89 89 89 98 99 99
 10 45 67 77 88 97 97 97 99 99
 18 18 64 68 81 94 94 99 99 99
 30 34 38 67 67 79 94 95 95 95
 15 47 47 59 85 98 98 98 98 98
 14 25 57 69 69 88 88 99 99 99
 11 11 16 61 61 95 95 95 98 98
 45 62 63 78 78 87 96 98 98 99
 33 33 34 74 74 74 74 95 99 99
 29 31 31 55 73 86 86 86 86 99
 29 46 54 77 77 86 86 86 86 98
 7 13 26 27 86 87 87 87 92 96
 16 37 37 68 70 72 94 96 97 99
 2 54 54 65 65 85 85 89 89 0
 20 24 50 55 73 78 78 97 97 97
 31 31 31 69 70 94 94 95 95 95
 17 28 60 69 75 82 91 94 94 94
 23 23 23 64 64 70 70 98 98 98
 2 2 2 64 66 88 90 90 90 97
 46 56 66 66 93 98 0 0 0 0
 16 38 60 75 92 95 95 95 95 97
 14 14 14 66 66 84 84 94 94 94
 21 29 44 71 87 96 96 97 99 0
 42 42 45 73 74 89 89 89 89 96
 29 29 29 76 77 91 91 98 0 0
 19 23 23 53 53 86 86 86 86 99
 21 21 42 81 95 95 98 98 99 99
 26 29 47 69 71 91 91 95 95 97
 17 31 34 81 83 89 90 96 96 96
 17 17 24 68 85 88 95 95 95 97
 39 49 62 66 66 68 89 99 99 0
 11 18 50 73 73 91 91 96 96 96
 21 25 34 67 82 82 98 0 0 0
 2 29 29 68 69 90 90 0 0 0
 7 7 66 70 70 84 90 90 90 98
 6 23 46 71 87 92 92 92 94 94
 5 44 44 64 64 90 94 97 97 97
 17 46 50 76 76 90 90 99 99 99
 20 20 23 85 85 86 86 0 0 0
 19 21 21 54 54 54 54 95 95 95
 20 20 44 65 81 82 96 96 96 96
 23 31 35 67 69 79 95 95 95 95
 24 46 46 63 63 73 73 73 73 99
 47 48 48 82 82 83 84 95 95 97
 12 44 44 81 84 85 88 96 0 0
 21 25 25 83 83 91 91 0 0 0
 30 30 31 66 66 85 85 87 87 99
 21 52 52 94 94 94 95 95 95 97
 16 35 61 61 62 89 98 98 98 0
 33 40 52 55 88 88 91 94 94 94
 20 20 23 77 85 93 93 99 99 99
 20 37 43 71 85 97 97 97 97 0
 12 27 45 67 67 68 98 98 98 98
 24 41 52 64 65 66 76 83 83 83
 2 54 54 61 82 87 93 95 95 95
 32 48 51 64 64 83 84 98 98 0
 12 46 48 63 87 96 96 96 96 96
 12 12 19 77 78 89 89 89 89 96
 45 47 61 80 85 86 90 90 99 0
# name: avgRateA
# type: matrix
# rows: 100
# columns: 10
 0.04476776720761053 0.0469030211063595 0.04336734693877551 0.02760636570315038 0.01923729772547244 0.005777891069759538 0.00372291148994381 0.0008317343401832137 0.0004225350728676473 9.736535315506467e-05
 0.05012531328320802 0.0430327868852459 0.03746654772524532 0.02597563238295503 0.01946517124716133 0.006683321929252264 0.003701255783212161 0.0008674698795180722 0.0004414222822120553 0
 0.05194805194805195 0.04506196019526849 0.03926878808395396 0.02369668246445497 0.0174106495139527 0.005801679263831364 0.003194207836456559 0.0008931880160773843 0.0004576930904898193 9.348778045090947e-05
 0.056657223796034 0.04431782209559988 0.03636776906466644 0.02275613886536833 0.01732501732501732 0.006746337702390131 0.003974175966779133 0.0009335467154397196 0.0004777835523499638 9.747024919562179e-05
 0.04765687053216839 0.04151404151404151 0.03761894224385926 0.02375431253888355 0.01750269988455666 0.006878887669227954 0 0 0 0
 0.05502461627570229 0.04749183734045711 0.04165296503343199 0.02708288789109829 0.01907836806574699 0.006663830993903303 0.00376232599242285 0.0009170823788352671 0.0004687184164348301 9.550990049659179e-05
 0.04366812227074236 0.04146385433567694 0.03613666228646518 0.02309344790547798 0.01783196483370656 0.007150466239584398 0.004088614460344612 0.0009397108375508452 0.0004793924825388626 9.753701131469142e-05
 0.05053057099545225 0.03732736095558045 0.03627569528415962 0.02278913717794518 0.01643904906423874 0.006517223119849017 0.003847880459180402 0.0009121833488531195 0.0004674262342974 9.549414839711083e-05
 0.06246096189881324 0.05033979360684621 0.04168113928447378 0.02532866964178024 0.0191172803590724 0.007020109689213894 0.004022593567202454 0.000921604128786497 0.0004774451035568685 0
 0.05773672055427252 0.04777341750554513 0.04246284501061572 0.02513464991023339 0.01821637890068114 0.006899892831451767 0.003947059021129362 0.0009028339381040103 0.0004602099536558785 0
 0.05893186003683241 0.04611128189363664 0.04064068850107578 0.02548564308772725 0.01910695742471443 0.007053138646697781 0.003996666609976361 0.0009295531505212137 0.0004767353165522502 9.746544104206072e-05
 0.05417607223476298 0.03889609186886461 0.03423540919465275 0.0222179902240843 0.01645278051990786 0.006111922721445395 0.00381539707382404 0.0009246434461649941 0.0004754401217126712 9.737235725957621e-05
 0.05446623093681918 0.04316346421609579 0.03911178400201867 0.02408832385413182 0.01758327635049331 0.005963819495063283 0.003963193989730158 0.0008887961449433295 0.0004517647798285062 9.163673366042335e-05
 0.05794137695978187 0.04299965600275198 0.03723861357777141 0.02248745891714236 0.01678204321376128 0.006231731382702495 0.003619075819638422 0 0 0
 0.05226960110041266 0.04090377873003506 0.03561736770691994 0.02305373293137081 0.0173657493988779 0.00651651529344683 0.003851523759087189 0.0009251636973317524 0.0004755776327104237 9.737808512156263e-05
 0.05225342913128674 0.03723624327678941 0.0383075047884381 0.02512993317722314 0.01910136748426308 0.00709156989628579 0.004049505201083243 0.0009229420315492352 0.0004702355586251488 9.55723900126056e-05
 0.04618937644341801 0.04177744018230155 0.03316749585406302 0.02373638648422228 0.01697792869269949 0.006008118286660512 0.003470529421000008 0.0008037262278831765 0.0004104552730798023 8.745181703012834e-05
 0.06369426751592357 0.04433497536945813 0.03339517625231911 0.02301164964763412 0.01716664520836016 0.00666194188518781 0.003874658906356914 0.0008989228226941673 0.0004591924465773553 9.352976972970693e-05
 0.06010518407212622 0.04168837936425222 0.04690019053202404 0.02807709819395963 0.01983939537080775 0.006807998606735168 0.003776269221649439 0.0009349485682884525 0 0
 0.06637168141592921 0.04818383988139362 0.03848431024274718 0.02134372680029696 0.01417128773875539 0.006872957204386475 0.003964337829061126 0.0009036654207620014 0.0004608773928852298 9.359967419347451e-05
 0.04437869822485208 0.02523128679562658 0.0225022502250225 0.02244762221483206 0.0182648401826484 0.0063299151791366 0.003743916136278547 0.0008476682380637716 0.0004314749185591091 8.762566316695079e-05
 0.06097560975609757 0.04320691310609697 0.04089143324473522 0.0253204620984333 0.01774861507018771 0.006095145216834791 0.003480327660116294 0.0007894468288305982 0.0004019458098619855 8.164668214767416e-05
 0.0499001996007984 0.03192848020434227 0.02279981760145919 0.01935761399483797 0.01392111368909513 0.005984440454817475 0.003366073432186567 0.0007537542761059895 0.0003830680014458362 9.536104286836481e-05
 0.06289308176100629 0.04895104895104895 0.03963759909399774 0.01956544125218824 0.01508295625942685 0.006297493597548176 0.003684507872565155 0.0008900183495272487 0.0004568589103040153 9.344744525620009e-05
 0.055005500550055 0.0388457269700333 0.02890173410404625 0.02038241288944968 0.01446340757882557 0.006650890136575255 0.003729530946433527 0.0008941736028537455 0.0004579517474756628 9.347580637302137e-05
 0.06674082313681869 0.05201560468140442 0.04488498223302786 0.02448340025462736 0.01688402421984164 0.005595418339806465 0.003683518765016618 0.0008445735191651006 0.0004306733381881964 8.759039228949739e-05
 0.06486486486486487 0.05327019828351583 0.04484304932735426 0.02301014538228219 0.01952362358453729 0.00639564440217124 0.003494623655913979 0.0008850919726006311 0.000450802722848446 9.349996220214293e-05
 0.04594180704441041 0.02638522427440633 0.02892561983471074 0.02654632333421821 0.01799100449775112 0.006912017694765299 0.003888663250403989 0.0009355858676890648 0.0004783208400485349 0
 0.04981320049813201 0.03046458492003046 0.02119766825649179 0.02283322233850252 0.01889664584536245 0.006801107156979043 0.004070314686204177 0.0009240898677396376 0.0004705370297938165 9.558182949595519e-05
 0.04981320049813201 0.030441400304414 0.03456945317410434 0.02302158273381295 0.01854402882271908 0.00682699767261443 0.004061463480674203 0 0 0
 0.05997001499250375 0.04214963119072708 0.04785604900459418 0.02705383713590044 0.02041832669322709 0.007189842435367906 0.004052352951320032 0.000908737608782659 0.000461746285152892 9.363542112431038e-05
 0.04981320049813201 0.04182156133828997 0.03260869565217391 0.01987852015461071 0.01287524564613404 0.004590509546559669 0.003974865319722944 0.0009204818722601282 0.0004695928825372104 9.744505043775697e-05
 0.06493506493506493 0.05323868677905945 0.0448207171314741 0.02294774173359758 0.0184987947754919 0.007168351727124744 0.004125759897613795 0.0009418657399220366 0.0004799493800327345 9.755744042724584e-05
 0.06539509536784741 0.05023183925811437 0.04043545878693624 0.01685466096201219 0.009957870547682881 0.007158196134574087 0.004079828647196818 0.0009246238899697571 0.0004706685258073436 9.55877491554424e-05
 0.07030827474310437 0.05537459283387622 0.04754700669980549 0.02424370190787393 0.01921071408968659 0.00589622641509434 0.003183062469874587 0.0007550121189124728 0.0003833884659054603 7.770496977077432e-05
 0.05901639344262295 0.04335260115606936 0.03356956359567325 0.02685965828545848 0.01918976545842218 0.00717975932198099 0.00405879203440474 0.0009086076071722005 0.000461705461386197 0
 0.05429864253393665 0.03692307692307693 0.03244412400865177 0.02554060956921505 0.01773759798592436 0.005290463512867772 0.002839113830147726 0.0009276402724612001 0.0004763089748275567 9.740915502925456e-05
 0.06406833956219968 0.055286800276434 0.04836759371221282 0.02618328298086606 0.01701570680628272 0.006791610743681376 0.003735591290735733 0.0009177521954353301 0.0004688708807739495 0
 0.03992015968063872 0.02136752136752137 0.01357773251866938 0.01585946077833354 0.01706484641638225 0.006960311095643754 0.003942541739517982 0.0009207626216413745 0.0004696567494077922 9.555098680281621e-05
 0.04975124378109452 0.03088803088803089 0.02420135527589545 0.01625638643752903 0.01003728133065672 0.007030034701447888 0.004001907291985968 0 0 0
 0.06955591225254146 0.05356407086938608 0.04461795872838818 0.02728016731835955 0.01836097680396597 0.007406035919274209 0.004159517495970468 0 0 0
 0.04457652303120357 0.04054738976178408 0.03111629716063788 0.02307755707574384 0.0181591781674795 0.006038450239905996 0.003848686742557068 0.0008680270901610095 0.0004415587219131856 8.962599074063932e-05
 0.05726556907659271 0.04138644593895499 0.03162055335968379 0.02226946047170766 0.01445751462180456 0.004981816370248593 0.002707556791003691 0.0009035733442018468 0.0004603979405518506 9.357699455381891e-05
 0.06297229219143577 0.03891050583657588 0.02699784017278618 0.02743992880450905 0.0201480884501083 0.007081930062006232 0.004029907054909627 0.0009071275131774747 0.0004696939748048324 9.745131014336878e-05
 0.05012531328320802 0.0310077519379845 0.02651347768448961 0.02647584973166368 0.01915014750789297 0.0068173890985192 0.003783213091676931 0.0009215103554726196 0.0004782923596211924 9.748859433185395e-05
 0.0651890482398957 0.04800768122899664 0.04108463434675431 0.02424694581740185 0.02037298229117693 0.006770808144314939 0.003974940591920501 0.0008893700939638839 0.0004519014736900014 9.163945373323197e-05
 0.04594180704441041 0.03588516746411483 0.02654867256637168 0.02034587995930824 0.01431772908366534 0.006364055812769478 0.003526186341317207 0.0009155640160452594 0.0004683077601522781 9.548983600217479e-05
 0.04962779156327544 0.03791982665222102 0.02867677181482999 0.02675704602211916 0.01825677267373381 0.006961153735566956 0.003988729716885056 0.0009205471885913518 0.0004696089624870491 0
 0.04993757802746567 0.03364737550471063 0.02421307506053269 0.02791068580542265 0.01958151504979299 0.006039964431320571 0.003663770543284832 0.0008137579341398578 0.0004130524576621231 9.744867437982868e-05
 0.06501950585175552 0.052821795941062 0.04809405058781618 0.03063674753663989 0.02124849250559926 0.006853450385914527 0.003866636202260225 0.0008706301621113362 0.0004422321915553306 9.550790506991775e-05
 0.05509641873278236 0.0449438202247191 0.04276389826693675 0.02238328714559795 0.01982884575245251 0.006487819119602946 0.003563918885206173 0.0008859835476707301 0.0004510263791602281 9.16040871354008e-05
 0.06651884700665188 0.05703005044966002 0.05011565150346955 0.03027950310559006 0.02182611858857766 0.007216742843396681 0.003984522344315857 0.0008902289630187278 0.0004521248886888182 9.164936784848526e-05
 0.05605381165919282 0.03811944091486658 0.02780352177942539 0.02745306411618845 0.02024291497975709 0.006972616632860041 0.00387030944883275 0.0009413102654687053 0.0004798051012095005 9.755209929131386e-05
 0.05611672278338945 0.04284949116229245 0.03269309358398038 0.021654395842356 0.0198019801980198 0.006304961008793761 0.004135328629397018 0.0009274466235146363 0.0004714025601087368 9.561895845057446e-05
 0.05580357142857143 0.03597122302158273 0.03216726980297548 0.02422245906404418 0.01685021363663718 0.006810262907823884 0.003781483044885324 0.0009442907027835377 0.0004805829765740318 9.758500998653128e-05
 0.06266786034019696 0.04297114794352364 0.03176043557168784 0.02597402597402598 0.0192466318394281 0.006215345360571812 0.003401573675400356 0.0008866700719937548 0.0004512104209989406 9.161260693033439e-05
 0.04823151125401929 0.02752293577981652 0.01833740831295844 0.02620802620802621 0.01825025664423406 0.007065292518469596 0.00402752427226064 0.0009070557356800988 0.0004613066756964995 9.361652797809613e-05
 0.07261410788381742 0.05673222390317701 0.04621072088724584 0.0293040293040293 0.02044409108978363 0.006502492622171833 0.00394142696792878 0.0008877361185089122 0.0004514863224181608 9.548491616822213e-05
 0.05703422053231939 0.04832863471606927 0.04043905257076835 0.02414486921529175 0.01991924629878869 0.006590050630876798 0.004103791732569572 0.0009426992750834962 0.0004801713721827905 9.756868785845292e-05
 0.06813020439061318 0.04872766648619383 0.03702180172768408 0.01805054151624549 0.01071893423168211 0.006652604251176375 0.003654091245332121 0.0007981855878831534 0.0004703535196651867 9.557659568113259e-05
 0.05452562704471101 0.03536067892503536 0.03188521323236349 0.02984827128762126 0.02070393374741201 0.006641649785806794 0.003730580993578072 0.0008170475015854612 0.0004139032057788771 9.543195085572638e-05
 0.04754358161648178 0.02727272727272727 0.01820388349514563 0.020817355100252 0.01314696927760864 0.005591829350525468 0.003043949255575351 0 0 0
 0.0658682634730539 0.05146476642913698 0.04154682007031001 0.01714587180163545 0.01869775626924769 0.006345590628050765 0.003480620085855296 0.0008846238906143328 0.000450685679070647 9.159226786039268e-05
 0.06423982869379015 0.0493421052631579 0.03955174686882004 0.02433563710697946 0.01602358671965133 0.00675134634406745 0.00387320003787129 0.0009019710947050459 0.0004599883534863692 9.356207335943384e-05
 0.06414368184733804 0.04761904761904762 0.0403225806451613 0.02149844136300118 0.01726121979286536 0.006995072360137414 0.004011984737385722 0.0009397558936119615 0.0004794065533897468 9.753701131469142e-05
 0.05188067444876784 0.03177124702144559 0.03145890680298859 0.02805540943363143 0.01924647148022863 0.006398687448728466 0.003714100626214641 0.0008313548377118021 0.0004397726473140641 9.343971677030192e-05
 0.06682867557715674 0.05 0.04542013626040878 0.02192476344334179 0.01762465177099323 0.006428077844022691 0.003712433197786353 0.0008654328799106104 0.0004408890282315941 9.743123542011156e-05
 0.05326231691078562 0.04319654427645789 0.04912148120158701 0.026943418820477 0.01758384890915012 0.005291727834488409 0.002839529920401565 0.0009418802235908319 0.0004799545512424946 9.755961589385514e-05
 0.06206361520558572 0.0437636761487965 0.03712453594330071 0.01627237451495807 0.01730929927181568 0.006464541987200207 0.003556567201337269 0.0008845303336217672 0.0004506512400256675 9.158995178585473e-05
 0.05938242280285035 0.04768717215069147 0.03711952487008167 0.01481082536690454 0.01576093809103518 0.005391017217561239 0.003411297517625037 0.0007561275412671147 0.0003922933962310412 8.553001258086813e-05
 0.05305039787798408 0.0423728813559322 0.03225806451612903 0.02488057324840764 0.0165058405281869 0.006105104188422794 0.003367809062951442 0.0009212503670606931 0.0004697937311898995 9.746770934572115e-05
 0.06578947368421052 0.04677754677754677 0.03575685339690107 0.01482280016170327 0.01804264625478404 0.00643883907731436 0.003548836425257069 0.0009219475373436772 0.0004785165596026555 9.750011690065037e-05
 0.05675368898978434 0.03604902667627975 0.03368263473053892 0.01612303112985241 0.01527614571092832 0.005579899233584429 0.003048698474754087 0.0008269357990122925 0 0
 0.06852925672113865 0.05319148936170213 0.04322321704229701 0.01816294758692268 0.0169392523364486 0.006550320497824358 0.003869871368840805 0.0008991016635293758 0.0004677546509916886 9.546875456832907e-05
 0.0663129973474801 0.0485201358563804 0.0396039603960396 0.02804123711340206 0.0201805629314923 0.007096112907040921 0.003947299170189996 0.0008729473612741151 0.0004428388529095988 8.968137999316029e-05
 0.05333333333333334 0.0322061191626409 0.03594536304816679 0.0177767243422612 0.01089720305121685 0.007172818137874039 0.004009832807405987 0.0008911274699728788 0.0004523600904326825 9.742383543722426e-05
 0.0580046403712297 0.04686035613870666 0.03663003663003663 0.02228116710875332 0.01422667840932186 0.007248835559394182 0.004071872888257412 0.00090925095132799 0.0004618719769496402 0
 0.05994005994005994 0.04139562389118865 0.03246753246753246 0.01364815067558346 0.007913270554720266 0.005982179402411763 0.003330149243267402 0.0009154295653235281 0.0004682780635141147 9.739838962695223e-05
 0.05580357142857143 0.03561253561253561 0.02532928064842958 0.02934518319778653 0.02044757469044644 0.006315964431147677 0.003913315708918881 0.0008712943367804319 0.0004696852423918329 9.746540226855697e-05
 0.04823151125401929 0.0272975432211101 0.01819284414796846 0.01687560270009643 0.01560744162816831 0.006421036538755542 0.003620720868283348 0.000930393290535242 0 0
 0.06939090208172707 0.0488599348534202 0.03696098562628337 0.01688311688311688 0.02041203835564417 0.006915851775604735 0.003813239923735202 0.0008361577965880873 0.0004236757914608637 8.571677463325679e-05
 0.04651162790697674 0.02664298401420959 0.02702702702702703 0.02274381368267831 0.01789473684210526 0.006289612463109004 0.003659110313463783 0.0008135435633208073 0.000413002904787097 9.539568739946189e-05
 0.06838905775075989 0.0482832618025751 0.03976143141153082 0.02755254664252539 0.01951854261548471 0.006160301022276981 0.003343756213060531 0.0009036723706979427 0.00046043131638293 9.358068367259981e-05
 0.03868471953578336 0.02592912705272256 0.01748251748251748 0.02371675419278333 0.01718397594243368 0.006114338122898196 0.003842940685045948 0.0008981755570121712 0.0004590000634787322 9.3521655436772e-05
 0.06028131279303416 0.05098980203959209 0.0429618397776093 0.02064220183486239 0.01280045512729341 0.00535717275208009 0.00374276964954066 0.0008477221320982278 0.0004314909975287334 9.54916976931792e-05
 0.05555555555555555 0.04 0.02988898377455167 0.02270577105014191 0.01590012366762853 0.004647320045440463 0.004128286503083314 0.0009270901537231361 0.000471313225932832 9.561674894687116e-05
 0.06925945657964838 0.05265289590927501 0.04270896888346552 0.01802729848055627 0.0162754303599374 0.005224575095103594 0.002990246519441 0.00078624191704956 0.0004471698039840885 9.144580186239315e-05
 0.05434782608695652 0.0392156862745098 0.02941176470588235 0.02615384615384615 0.01852457230031601 0.007069635913750442 0.003977208863988103 0.0008895179972695664 0.0004519485368166121 9.551594429748918e-05
 0.03992015968063872 0.0250208507089241 0.0170261066969353 0.02417621776504298 0.01794160822051868 0.005544075399425432 0.003402042970419672 0.0007556470082191143 0.0003835498423020072 0
 0.03992015968063872 0.03014318010550113 0.02840909090909091 0.02891502924360912 0.0213862156119374 0.007233098659465716 0.003989114150717597 0.0008750012152794656 0.0004518526449587488 9.749798288611937e-05
 0.06682867557715674 0.04975124378109453 0.04235044997353097 0.02653372999919595 0.01953627062875945 0.006639056621668617 0.003688902551490931 0.0008312535884057523 0.0004224051553075699 8.7586155415661e-05
 0.05753739930955121 0.0425531914893617 0.03454231433506045 0.02362502362502363 0.01888011129328762 0.006663877136702466 0.003735200354409708 0.00083236224404861 0.0004310948732042204 9.72618023723543e-05
 0.06324666198172874 0.04502251125562781 0.0345489443378119 0.02223663485592514 0.01724768724193801 0.006827559592721228 0.003899329484864668 0.0008858589943574633 0.0004510060375982164 9.748574320743215e-05
 0.05753739930955121 0.04708904109589041 0.03785488958990536 0.02665520206362855 0.01824495321052322 0.005655732250981435 0.003664250006543304 0.0008636142062617788 0.0004404242949785758 8.958186767444277e-05
 0.07430997876857749 0.0483968542044767 0.03557136505113383 0.02673082063619353 0.01880770545993389 0.006652064573700008 0.003653179602783544 0.0009009941607910346 0.0004597377342950656 9.355643025288502e-05
 0.05549389567147614 0.03491620111731844 0.03477051460361613 0.0243559718969555 0.01646140714547006 0.006123008008249948 0.003373100411873313 0.0007923057449896325 0.0004026895734829898 9.534736634682922e-05
 0.0731981981981982 0.05481597494126859 0.04398366321080741 0.02456794307014571 0.0168899242865463 0.007301823934770373 0.004126157258168501 0.000926957667002045 0.000471281296023564 9.561554900057848e-05
 0.04615384615384616 0.04558640696228761 0.03745318352059925 0.02600889336353721 0.01793462539774371 0.005305493753208968 0.002843410625183446 0.0006072263857493761 0 0
 0.06313131313131314 0.04606172270842929 0.04102844638949672 0.02190476190476191 0.01783092091462135 0.006778512116590408 0.003809358902212025 0.0008843670815501802 0.0004506212205369641 9.548256090593854e-05
 0.05827505827505828 0.03851091142490372 0.02784222737819025 0.01801369040470758 0.01858736059479554 0.006059315788611762 0.003313838410074069 0.0007210395441471076 0 0
# name: avgRateB
# type: matrix
# rows: 100
# columns: 10
 0.07099391480730223 0.06511829824180596 0.06030051403716884 0.040751521566552 0.03112589889449394 0.01274679973963984 0.007557302846852063 0.001852080503765897 0.0009563212350647256 0.0001965526647974971
 0.0617283950617284 0.05400639259340902 0.04994394047497706 0.03843610514134568 0.0313627626209827 0.01290234958576667 0.007640610625126693 0.001849663851906098 0.0009509835887403543 0.0001947490876601414
 0.08389715832205684 0.06807470762785826 0.05799665781971887 0.03991389362274643 0.03184037359371683 0.01278889193386316 0.00769956002514142 0.001853070424239674 0.0009518823473418686 0.000194786751241219
 0.07660389403127991 0.06259780907668232 0.05767776096822996 0.0390269285807207 0.03066602779108769 0.01307965102951686 0.007743362831858407 0.001862905228930354 0.0009591945091443209 0.000196673593947698
 0.07432432432432433 0.06174957118353345 0.05340646651270208 0.03721161002232697 0.0292249542142384 0.01208861361259389 0.007191574258803879 0.001751722527151699 0.0009488075214559883 0
 0.07082852907264042 0.06631525250807685 0.0615431956304331 0.0418170613610353 0.03364975913856617 0.01363825602595575 0.00787016709607403 0.001818864109790467 0.0009286457900576249 0.0001891660425846613
 0.07027406886858749 0.06006006006006006 0.05295429208472686 0.0391566265060241 0.03012418541743514 0.01325990772186667 0.007849356432867978 0.001861843605137168 0.000954190111669453 0
 0.06966907190843494 0.05988675958188153 0.05557801131770412 0.03704510786663761 0.02991062002955873 0.01291087543640076 0.007730474635366132 0.00185503822703775 0.0009524003891235876 0.0001948084347281418
 0.06890485266090016 0.05910954333110877 0.05408795171278514 0.03892117092424077 0.02896152254861398 0.01250687190764156 0.007360196703278928 0.001732808539889824 0.0009193978428023246 0.0001886833674618512
 0.07528860632424293 0.06650901566656814 0.05746742398930839 0.04339927331449334 0.03187521193624958 0.01326634300553235 0.007721500271073946 0.001830945239636756 0.0009413189528263345 0.000192849881874477
 0.05971087366436204 0.05791743684534812 0.05311934900542496 0.04078653614975099 0.03299527646568491 0.01348845051424718 0.00786543550752542 0.001833534194457761 0.0009372547028707331 0.0001967364796332037
 0.07534246575342465 0.0586120662707096 0.05538734214607489 0.03920799843168006 0.03021148036253777 0 0 0 0 0
 0.06963788300835655 0.05856791989419989 0.0546448087431694 0.03839648946382045 0.02960234187415715 0.01253272433576561 0.007538078955548648 0.001829463797363309 0.0009409263177091063 0
 0.07007007007007007 0.0625 0.05606009642336585 0.03741558678590984 0.0298757605567093 0.01225771853213821 0.007331269716672344 0.001845059712841615 0.0009544404135137193 0.0001965749105286316
 0.05924950625411455 0.05520988519849269 0.05084745762711865 0.03686845698680018 0.02793116733016566 0.01188589540412044 0.007138409197916191 0.001697990456912061 0.000911502777174419 0.0001944391590942865
 0.07227575982209043 0.06257449344457687 0.05993301604089547 0.03851216301857358 0.03072607040277871 0.01274075278873392 0.007519621512383876 0.001832378502086668 0.0009463908227129934 0.0001963511997058302
 0.08624407072013798 0.06960304513322457 0.06294471811713191 0.04236646996519897 0.03322390539097417 0.01266496840953902 0.007451504474952415 0.001827702314398714 0.0009404619704326513 0.0001927276123035718
 0.0723701214784182 0.06174200661521499 0.05277466815928355 0.03985780458903372 0.03081022566408527 0.0127669452181987 0.007719478818217969 0.001868647306977227 0.0009607164033106868 0.0001967375743330199
 0.03992015968063872 0.07519771813820822 0.06900654372397383 0.04229843170430143 0.03140966580115587 0.01179194408892852 0.007429244351008085 0.00180429082912802 0.0009295561079098446 0.0001906898463417246
 0.0746268656716418 0.0584932147870847 0.05480301933615965 0.03850192509625481 0.03026967528893781 0.01224541500696722 0.00734852555390499 0.001761023438653896 0.0009039763294284148 0.0001944187148248436
 0.07612833061446438 0.06802009208874006 0.06343319996096418 0.04202359786649426 0.03187340632968352 0.01251269670695264 0.007166283059749938 0.001634128288683181 0.0008326468078770346 0
 0.07358351729212656 0.0685031336539863 0.0623755806237558 0.04220141056769569 0.03058214003022235 0.01231099009327385 0.007464211072174993 0.001796479656286166 0.0009227807366121514 0
 0.03636363636363636 0.02465078060805259 0.01668520578420467 0.04461166353130879 0.03456173225067666 0.0130111252430449 0.007475599307877098 0.001861759644949272 0.0009588944237867807 0.0001967145100199218
 0.07469118069520252 0.06316706599869309 0.05923731951129211 0.04173083610710914 0.03291665033896313 0.01308282643000688 0.007774367030271943 0.00184309731553826 0.0009445261302667069 0.0001928908390970243
 0.0763143018654607 0.06900143210519463 0.06364073006724304 0.04380771963059436 0.03297362110311751 0.01273184987991551 0.007349256722899616 0.001848163905736097 0.0009505915492411273 0.0001947264887634868
 0.07803790412486064 0.06362275449101797 0.05628517823639775 0.03902002174886458 0.03225127953445979 0.01320188844404265 0.007647229957192136 0.001803813451511596 0.0009569840502658289 0.0001965747153687474
 0.07642799678197909 0.06400409626216078 0.05476673427991886 0.03589858649315683 0.03131298589116038 0.01265149445778283 0.007677452035712025 0.001837639788500922 0.000949923521463425 0.0001946993305919138
 0.04411764705882353 0.05546492659053834 0.05542922114837976 0.03766372477373658 0.02905175085218469 0.01119705340699816 0.00641398924812855 0.001723372490104658 0.0008893030377431809 0.0001827147116324924
 0.06512301013024603 0.04641567818463125 0.05807814149947201 0.04155875444196832 0.03143164693218514 0.01216298398540442 0.007222766158932956 0.001827991640236169 0.0009405449536854333 0.0001927250084342027
 0.07641196013289037 0.0654097729896114 0.06025784753363229 0.04556550040683482 0.03529856704626634 0.01307285546415981 0.007498841471121035 0.001711002128179051 0.0009344056936453599 0.0001908876594309639
 0.06747638326585695 0.06648936170212766 0.06187886742921433 0.04291067327450743 0.03232613478202308 0.01216289896405654 0.007123848515864893 0.001753661475451568 0.0009432073670270104 0.0001962323001933979
 0.06307339449541284 0.0601909506019095 0.05921938088829071 0.04272000804141328 0.03365536902122268 0.01363872836433683 0.007969436799079818 0.001865511826012469 0.0009551489350089374 0.0001949176999790961
 0.04451038575667655 0.06005004170141785 0.05785264590777607 0.04229705547421506 0.03288057306141622 0.012772288344936 0.007468811556139199 0.001738911097692408 0 0
 0.07214554579673776 0.06548018804566823 0.05875769445998881 0.04017184623109971 0.0311804008908686 0.01245113265142184 0.007624204515396226 0.00185167690127539 0.0009515348353990378 0.0001947730079590611
 0.05983545250560958 0.0608859962208692 0.05377340997589469 0.0427674317886531 0.03289874497380285 0.01343736454269614 0.007876858446289671 0.001834283912756871 0.0009374414099118806 0.0001910151260102909
 0.07707774798927615 0.06882312456985547 0.06331518298087881 0.04381472630021623 0.03329332972010375 0.01318901870833632 0.00764525993883792 0.001763043165812293 0.0008997352626786879 0.000196786965785505
 0.07357449417535254 0.06227296315516347 0.0597892176732874 0.04102064937773761 0.0298741368333415 0.01181964944649446 0.006835725837376416 0.001839919563920478 0.0009530557470224228 0.000196410294359513
 0.0712410948631421 0.06625441696113074 0.06064690026954178 0.04078475493987765 0.02965841685416241 0.009653457246637652 0.007520948293480482 0.001770504536679904 0.0009064592531945379 0.0001926082130524828
 0.07149518184644078 0.06052631578947369 0.06029437843589289 0.04303666724048889 0.03278122843340234 0.01237696705369246 0.007092018945822042 0.00161562074457036 0.0009306392619255121 0.0001907317862071514
 0.03780718336483932 0.06942590120160214 0.06409466288672501 0.04410876132930514 0.03335770425881922 0.01256708606236232 0.00719053218397611 0.001787993433879432 0.0009158035542920497 0.0001869489356937427
 0.08116883116883117 0.06913769925100825 0.06176016469377252 0.04331615308696129 0.03334788995196316 0.01301596532768385 0.007716669614005755 0.00182549416697567 0.0009351484304605119 0.0001909207251407792
 0.07292011932383162 0.06376389141920204 0.06041118581311507 0.04201111261688576 0.03322879330943847 0.01311543052505931 0.007514860848419346 0.001851536964612972 0.0009583662469216114 0.0001966355850027827
 0.06385696040868455 0.06534998547778101 0.0607544432354008 0.04359395346203929 0.03443957420162806 0.01379741974026713 0.008024686251313319 0.001856978217836946 0.0009645512790534538 0.0001968946726864727
 0.07078254030672433 0.05797101449275362 0.0609581864939518 0.04307341483499082 0.03305312984575206 0.01341018032412691 0.00778984005966686 0.00187961716565123 0.0009636049336572604 0.0001968548950753467
 0.07643312101910828 0.06682389937106918 0.05895128762022959 0.04135291939266757 0.03112370511450737 0.01188845916540007 0.007560037961041677 0.001801419139035425 0.0009240777703851557 0.0001888764120002926
 0.07451564828614009 0.06551435740172847 0.06037251123956326 0.04050528628312509 0.03266466835754362 0.01337281497755278 0.007912478301239352 0.00186546211113205 0.0009551396258191784 0.0001949194057981363
 0.0665083135391924 0.06053268765133172 0.05956112852664577 0.04205009446035712 0.03175041413583655 0.013039934800326 0.00745402644485291 0.001870384260055204 0.0009611725139612735 0.0001967532924377971
 0.06528189910979229 0.04943820224719101 0.04391984628053801 0.03839858995341811 0.02876137488801924 0.01232693630217862 0.007442982834131169 0.001795457681062457 0.0009454613513729932 0.0001945132959761948
 0.07929515418502203 0.07009609949123799 0.0652308966659764 0.04406530704479973 0.03387769284225156 0.0127347512332216 0.007760334987793639 0.001851729382977316 0.0009515274442846698 0.0001965723344493612
 0.08672798948751642 0.07532526820360648 0.06559907389542736 0.04397955544989897 0.03340556157457567 0.01170497144936018 0.006503093363329583 0.001810396248096702 0.0009608609313945294 0.000196740897603517
 0.07573779054583443 0.0651123713505566 0.05770662695457929 0.0396167975221494 0.03157302884823321 0.01259464288329452 0.007235768253487472 0.001652822675189594 0.0008423048595113848 0.000196649724332841
 0.07818819088703155 0.06871825515386915 0.06311360448807854 0.04361123697326688 0.03350448176834044 0.01278126207532027 0.007296916628485126 0.001656011707617654 0.0008431322953002236 0.0001944981629846974
 0.06044905008635579 0.04980842911877394 0.04949552636588617 0.02694610778443114 0.03172495204367714 0.01267002592258177 0.00729633170633523 0.001670827731899366 0.0008941170982401443 0.0001906328195447887
 0.07076514816452897 0.06333447449503594 0.05731102850061957 0.04123461281911346 0.03109729009329187 0.0111608872905396 0.007444954855060985 0.001811891671526689 0.0009388353602175775 0.000196423621865084
 0.03992015968063872 0.07049608355091384 0.0652489125181247 0.04300648405451898 0.03180350327820726 0.01263583522870862 0.007213109189501107 0.0017007030209454 0.0008691423225435986 0
 0.07952286282306163 0.06578947368421052 0.06111722283339445 0.03998836702050312 0.03078480158562813 0.01166372581272243 0.006641293519630131 0.001835324123916544 0.0009424777643261479 0.0001928379201257383
 0.07775269626285428 0.06790799561883899 0.05983400887859486 0.0418055134807634 0.03152017291066282 0.01309629959875167 0.007682814198494495 0.001806660682499354 0.0009254604896562742 0.0001889360632406791
 0.07030603804797353 0.06151142355008787 0.06363347120585428 0.04400510204081633 0.0331858407079646 0.01243271927829581 0.007478202273044778 0.001787106218749406 0.000915577875742446 0.0001869413883062991
 0.08360596146855688 0.06921456515197111 0.05849440488301119 0.04118404118404118 0.03066602779108769 0.01070074599486364 0.006034898958548865 0.001837215231639096 0.0009476839764046031 0.0001946089739758157
 0.03992015968063872 0.02016129032258064 0.01306335728282169 0.04150184812917451 0.03070910106085986 0.0126022139798651 0.007376867781939789 0.001719315941497409 0.0008787792389381222 0.0001925403515945616
 0.08192341941228851 0.07337526205450734 0.06740884485752222 0.04618937644341801 0.03663580854835533 0.01415775787344698 0 0 0 0
 0.07070260715863898 0.067543547813722 0.06370102983331564 0.04456857618255289 0.03323099151164891 0.01350275740519643 0.007854810037620405 0.00181853682441357 0.0009285659130295391 0.0001927679046605715
 0.08363201911589008 0.06297795771479982 0.04961020552799433 0.04074577108284973 0.03065347638288979 0.01205389814456068 0.006983936945026439 0.001782615704085793 0.0009143968871595331 0.0001868922150843092
 0.07772020725388601 0.06617982656321314 0.06011750239103703 0.04206161137440758 0.03292959878879637 0.01350837941660686 0.007891037918081161 0.001848978487039995 0.0009625088229975442 0
 0.08018327605956473 0.07202881152460984 0.06437768240343347 0.04406881980078479 0.03330033300333004 0.01297943707160566 0.007468886632371329 0.001709516629371032 0.0008714383628708509 0.0001907694227615344
 0.07919169852539597 0.06820319849482596 0.05951159450030782 0.04144625620330479 0.03200332502078138 0.01316036849031773 0.007599989978035193 0.001861253079139342 0 0
 0.075069142631371 0.06128430588862244 0.05259547221587011 0.03752478051543472 0.02723395508966651 0.01231192108917553 0.007140366317397585 0.001647828411244321 0.0008415012774185089 0.0001964668512793564
 0.08092485549132948 0.06610009442870633 0.06053617757278755 0.04287529112852001 0.03346602317962448 0.01367240907847963 0.007984096982337223 0.001869494053864321 0.0009630781143903327 0.0001968349340255031
 0.0771513353115727 0.06555153707052441 0.06027959471591637 0.04224576011755342 0.03163288037424816 0.01286819293804884 0.007501504422590245 0.001800156139858868 0.0009237408197178799 0.0001926566437544291
 0.07616487455197132 0.06507136859781697 0.05719091673675358 0.04393339480392688 0.03403313104805642 0.0129618571865488 0.007469003634915102 0.001808434084461407 0.0009306473815848149 0.0001907343251650696
 0.06941608819926501 0.05606860158311346 0.0502302218501465 0.04229381763900983 0.0331396935553043 0.01293299825110592 0.007736975412706557 0.001812122911528345 0.0009268826205605981 0.0001926804472252228
 0.0847089487402259 0.07435508345978756 0.06662368364496024 0.04514055126188359 0.0330760749724366 0.01099807533681606 0.007191628621065815 0.00184034367953482 0.0009538537135259347 0
 0.0684931506849315 0.05588326606643899 0.06185822095756526 0.04447422931643719 0.03356630494758139 0.0126993873592252 0.007444067242013988 0.001818243803766038 0.0009332457119303799 0.0001908723262962418
 0.07686676427525622 0.06308352258390108 0.05801057839959051 0.04114468189633996 0.03197629075027297 0.01228519633841221 0.007662296030461536 0 0 0
 0.03802281368821293 0.06649850951616601 0.05818619582664527 0.04129972669298512 0.0311287557520527 0.01246036910382257 0.007328035435122459 0 0 0
 0.06018916595012898 0.04129793510324484 0.06260671599317018 0.04419470926194835 0.03305629013978088 0.0125367520857275 0.007381102736748871 0.001719483467166463 0.0008788187114174174 0.0001947157715999894
 0.06030150753768844 0.05966277561608301 0.0592401802962009 0.03972027972027972 0.03237570705567133 0.01305075609271711 0.007598219373807616 0.001760556642082662 0.0009152507056680307 0.0001869276335518398
 0.05197505197505197 0.07017543859649122 0.06386993758165191 0.0412105602060528 0.03066749724471704 0.01284429855858427 0.007600750371951613 0.001833145924085081 0.0009418993740738799 0.0001927863329197371
 0.07365684575389948 0.06974981046247157 0.06339546088500063 0.04328264707557378 0.03318632374132134 0.01317156697741808 0.007568303943086354 0.001862894712577926 0.0009591917211096783 0.0001967052858088064
 0.07209805335255949 0.05938242280285035 0.05080627347028938 0.04186573412796139 0.0331396935553043 0.01273791009405317 0.007281717808033598 0 0 0
 0.07679870654810024 0.06174654513378418 0.05217391304347826 0.03683241252302026 0.02698246140008994 0.008833344238696592 0.004833425824815166 0.001797332758186851 0.0009230084635018164 0.0001888347761304097
 0.0731528895391368 0.05975500448162534 0.05711318795430945 0.04029758214507129 0.03060299229257972 0.01201940694487196 0.007558340944162756 0.001816509803476346 0.0009327923137913344 0.000190825355442041
 0.07702612190221031 0.06471816283924843 0.05680895958448304 0.0403906438389197 0.03059053023585742 0.01145957236937538 0.007362571785074904 0.001790743177268495 0.0009212684023363367 0.0001887618356154639
 0.07817589576547231 0.06630152781781494 0.0607661822985469 0.0417522698654649 0.03081890226005283 0.01111957349581112 0.006280056090363985 0.001410039481105471 0.000716812091147076 0.0001964917294844772
 0.08049323514300394 0.07238727190469009 0.06607929515418502 0.04574106096948737 0.03522185473132598 0.01278358772159502 0.00718409236690186 0.001805647685824905 0.0009251964094588186 0.000192723055578349
 0.07017543859649122 0.06727828746177369 0.06134114038756448 0.04363048747643415 0.03336908592539625 0.01271294177472667 0.007290441237386708 0.00181071604388723 0 0
 0.07760532150776052 0.06416837782340862 0.05518763796909492 0.04367961267235028 0.0340694524259092 0.01302157861599222 0.007553246235827289 0 0 0
 0.07907221929362152 0.06765899864682003 0.05860113421550094 0.03944537413339708 0.02987371565654279 0.01207317766036021 0.007024851445053265 0.001652405960057359 0.000846978283282109 0.0001965031958565217
 0.07575757575757576 0.06963042313872524 0.0641025641025641 0.04411488642763281 0.0352469158948592 0.0138624666342226 0.007951454279137895 0.001823535509035139 0.0009298756315813171 0.0001927882870581819
 0.075046904315197 0.06842619745845552 0.06225760359256992 0.04249982582038599 0.03081970472734503 0.01295695089461195 0.007748689443596657 0.001856187164276352 0.0009527142634935449 0
 0.08553654743390357 0.07167174341515857 0.06316812439261418 0.04046200250128743 0.03253114487449632 0.01290511805250037 0.007495881383855024 0.001783451091699743 0.0009146246536102376 0.0001869371129631143
 0.07513148009015778 0.06090133982947625 0.05161579892280072 0.04191844956176166 0.03198013469280259 0.01320703807319255 0.007685124738664442 0.001868474494379478 0.0009606791127982835 0.0001967362841523756
 0.08064516129032258 0.06547513714386834 0.05818673883626523 0.04157395479564352 0.03204282429223056 0.01304464766003227 0.007762732481833606 0.001842540654614805 0.0009443854338769554 0
 0.06956521739130435 0.06177076183939602 0.05844155844155844 0.03951636685343556 0.03002061116587508 0.01061869514975483 0.007620113990684799 0.001848714765948938 0.000950741869701797 0.0001947389097681236
 0.07772020725388601 0.06764560303580266 0.06063432835820896 0.04149646631654023 0.03059399416360727 0.01049101111093449 0.006409932020984093 0.001583842516439522 0.0008099781501074929 0.0001651306860165346
 0.03831417624521073 0.06958762886597938 0.06422454804947669 0.04116892758318148 0.03182982687679528 0.01259372919139573 0.00755256340498794 0.001801149322862652 0.0009248703477804572 0.0001889134829939088
 0.07733204446592556 0.06862044317369549 0.0618256758394957 0.03969484587235626 0.0297826795104472 0.01205431704306151 0.0069465693044334 0.001837514929808805 0.000947778378467249 0
 0.06718924972004479 0.06485267164810377 0.05898979968047192 0.03968503937007874 0.0316110747765424 0.01327562125758854 0.007810720213493019 0.001830656633651283 0.0009365214082940678 0.0001910182046318333
 0.0664819944598338 0.05002084201750729 0.0445277712678697 0.04233095107201759 0.03245267318493863 0.01266164942880312 0.00736230829045547 0.001703737310507082 0.0008699477053907434 0.0001907143184933092
 0.0900360144057623 0.07909794681925277 0.06916884000453566 0.04655222577829502 0.03543881592662081 0.01308641599586104 0.007537372806833885 0.00172777552740348 0.0009594501478425454 0
