# Created by Octave 3.0.1, Wed Sep 09 23:33:01 2009 PDT <jwawerla@marvin2>
# name: prtA
# type: matrix
# rows: 100
# columns: 10
 66.90000000000001 296.5 318.7 489.8 533.1 1407 1576.5 1906.6 1974 2133.1
 378 506.7 526.7 889.1 1364.6 1487.2 1854.4 1715.4 1782.9 2742.3
 287.9 724.3 891.4 1447.5 1501.6 1957.6 2024.1 2646.3 2715.2 2898.5
 333.6 872.9 902.8 1394.5 1450.5 1597.8 1665 2921.7 2990.6 2943.9
 309.2 700.7 1003.3 1111.5 1170.2 1999.4 2024.7 2397.9 2466.5 2783.6
 98.7 147.6 159.5 666.3 1119.5 2044.7 2110.1 2263.9 2382.6 2543.2
 73.5 242.5 256.8 766.1 819.3 2183.5 2248.9 2842.6 2961.3 3121.8
 89.59999999999999 301.5 361.4 878.2 1168.6 1308.8 2352.9 2857.1 2975.3 3135.8
 86.40000000000001 297.4 312.9 768.9 1404.4 1766.8 2113 2267.4 2385.7 2546.3
 154.7 331.2 347.7 809.9 1052.1 1853.1 1919.3 2073.9 2650.4 2811
 75.09999999999999 309.9 393.6 506.7 560.1 1588.6 1654.3 1809.1 3249.9 3410.4
 116.3 199.9 213.7 842.2 941.4 1071.2 1074 2000.1 2067.3 2226.3
 77.09999999999999 183.4 196.9 630 814.5 1257.8 1673.9 1826.7 1920.2 3525.3
 40.1 144.5 327.7 1049.9 1148.8 1278.6 1362.1 2454.6 2547.6 2708.1
 136.9 301.5 340.1 411.8 914.9 1769.6 1858 2537.4 2633.8 2794.3
 108.6 270.6 349 1124 1172.6 1305.3 1769.7 1922 2271.6 2431.5
 74.8 180.7 193.3 601.6 889.6 1454.6 1538.3 2007.1 1978.1 2749.3
 80.3 189.5 202.5 841.6 1075.2 2106.4 2385.4 2538 2616.6 2775.4
 210.3 422.9 550.3 929.1 977.2 1306.6 1388 1770.2 1847.8 2006.7
 138.5 457.5 612 736.8 783 1379.8 1614.3 1767.1 2490.4 3173.8
 172.9 257 295.9 628.2 1410.2 1533.1 1232.8 2144.5 2211.6 2370.6
 78.2 148.7 343.9 926 971.8 1618.3 1692.6 1845.2 1919.3 1985.7
 119.3 142.5 579.5 808.5 1107.9 1300.4 1373.6 2400.2 1795.4 3303.6
 55.5 136.1 188.7 644.9 687.9 1533.5 1607.7 2415.6 2408.2 3008.1
 133.6 153.9 164.2 743.5 835.9 953.1 1747.6 1859.2 1926.6 2085.8
 55.9 67.09999999999999 115.5 684 1040.2 1286.2 1721.2 1877.2 1949.2 2113.1
 66.8 194.6 206.7 829.7 918.5 1115.3 1809 2163.4 2234.8 2406
 223.8 246.1 258.9 733.9 811.8 1422.1 1607.5 1762.2 1833.3 2807.2
 180.6 216.8 229.2 281.1 728.7 1433.8 1916.6 2587.6 2658 2826.6
 65.8 142 152.5 515.9 591.4 1245.4 1311.7 2138.9 2209.1 2771.4
 94.59999999999999 202 252.4 837 921.2 1663 1864.4 2018.1 2088.3 2255.5
 40.1 43.6 47.8 323.7 1028.5 1620 1685.5 2155.5 2227.8 2394.4
 61.5 136.6 147.1 475.9 513 1315.2 1704.3 1857.5 1929.6 2095.8
 117.6 151.8 219.9 472.6 574.9 1483.8 1548.3 1939.1 2010.7 2176.6
 145 193.2 224.3 271.6 593.9 1018.7 1370.2 2150.9 2875.8 3038.4
 159.4 241.5 254.6 578.1 782.1 1410.8 1630 2308.2 2379 2541.6
 40.4 97.3 106.2 169.2 893.3 1455.1 1518.7 1670.6 1739.5 3255.3
 127.2 143.8 155 545.6 824.9 1522.4 1585.4 1885.9 1954.7 2120.4
 179 214.7 228.5 735.6 771.6 1011.4 1689.7 1841.1 1913.3 2726.9
 153.2 171.3 321.6 371.3 765.6 1231.1 1593.9 2013.4 2085.4 2940.4
 110.3 125.2 270.3 699 799.9 1276.1 1705.4 1415.5 1794 2593.7
 40.1 69 76.3 613.4 835.9 946.4 1460.2 1614.1 1681.7 2150.5
 112.4 144.8 157.1 802.2 1057.6 1221.9 1930 2348.8 2422.1 2586.7
 172.7 191.5 205.5 493.3 829.2 1113.6 1618.7 2026.3 2883.6 3048
 77.09999999999999 136.1 418.9 564 994.2 1366.5 1578.1 1729.6 1801.7 1965.3
 137.2 153.2 164.6 305.1 903.8 1190 1561 1711.8 1783.3 1945
 75.40000000000001 134.5 145.3 512.5 954.1 1259 1493.3 1644.1 1715.5 3783.9
 120.3 135.3 146.2 277.2 308.8 1164.5 1224.5 1375 2062.2 2223.6
 52.3 59.9 122 473.3 595.9 1271.7 1332 2417.4 2488.5 2639.5
 53.5 61.3 121.1 592.5 892.1 1187.7 1466.2 1617.4 1688.4 3161.2
 181.1 198.1 209.9 428.4 552.1 1240.5 1396.8 2084.4 2155 2516.2
 83.09999999999999 111.5 120.6 575.4 736.7 1136.9 1196.8 2144.5 2211.6 2370.6
 77.8 89 97.2 687.7 753 859 1488.7 1640.3 2190.7 2737.2
 50.7 58.5 64.3 721.7 754 1509.4 1671.3 1823 1893.6 2057.3
 165.4 201 213 283 699.5 1548.5 1608.3 1759.8 1830.3 1991.9
 52.1 60.3 65.90000000000001 413.8 445.7 1078.6 1137.9 1709.1 1780 2746
 65.7 75.90000000000001 155.4 639.8 713 1091.1 1573.9 1724.1 2328.6 2998.7
 74.3 102.5 110.9 618.6 865.7 1297.8 1357.2 2045.1 2109 2268
 87.90000000000001 202.4 214.4 257.9 817.7 1143.6 1203.1 1996 2066.9 2225.8
 102 203.1 215.2 259.2 289.6 788.4 1743.6 1891.6 1962.5 2124.9
 150.8 186.6 198.4 539 931.1 1307.3 1366.5 1710 1780.8 2348.7
 77.09999999999999 89.09999999999999 151 535.4 665.2 1318.4 1377.7 1899.3 1970.2 2132.5
 40.1 64.40000000000001 70.7 473.8 854.1 1203.9 1603.6 2317.5 2388.4 2550.7
 53.7 186.4 198.5 314.1 711.8 820.3 879.7 1027.8 1098.6 1956.1
 51.8 60.1 66 717.9 750.4 859 1542.7 1690.8 1761.6 3259.1
 77.5 121.2 131.5 549.3 687.9 796.7 1614.3 1762.7 1833.3 1995.6
 80.2 125.4 135.9 793.5 826.2 1493.9 1553.3 1702.4 1773.1 2527.8
 76.09999999999999 282.5 296.6 386.3 645.2 1432.6 1857.8 2006.9 2077.6 2239.9
 127.7 193.4 294.5 529.7 562.1 1370.5 1620.3 2113.8 2183.7 2344.8
 117.6 132.9 143.8 268.3 335.6 1211.6 1271.1 1420.2 1490.1 1652.2
 136.4 186.7 199.4 669.2 701.7 1018.9 1607.1 1756 1825.9 1988
 64.40000000000001 126.2 137 797.8 830.5 1403.7 1766.9 1915.8 1985.8 2147.8
 66.7 77.09999999999999 141.4 617.4 693.5 1604.3 1778.7 2138.6 2208.5 2749.1
 87.8 146.5 158.5 451.6 643.9 1723.5 1781.4 1930.4 2000.4 2652.2
 66.8 110.8 178.1 673.3 744.1 854.3 912.2 2817.3 2886 3047.2
 76.90000000000001 89.2 136.4 514.2 705.6 1432.5 1490.5 2032.3 2588.6 2749.8
 68 97.7 176.6 403.6 471.5 874.8 1815.8 2139.2 2207.8 2826.7
 81.3 142.7 155.2 491 569.1 1026.9 1084.7 2020 2088.6 2250
 100.4 115.3 126.4 627.6 831.3 1130.2 1188 1898.6 1967.2 2128.6
 52 61.1 68.09999999999999 335.4 606.8 1546.7 1604.8 1708.5 1778.3 2534.3
 90.09999999999999 140.8 153.5 240.2 660.3 1361.5 1419.6 2429 2495.9 3074.2
 170.8 255.5 363.8 446.8 817.5 929.3 987.5 1646.9 1715.6 1877.8
 172.9 383.6 400.7 498.3 768.5 1189.5 1248 2308.3 2377 2749.3
 66.3 77.3 126.7 899.4 933.5 1311.6 1370.3 2092 2450 2609.6
 55.1 147.1 160.4 719.6 933.6 1510.4 1703 1851.9 1920.5 2080.2
 76.2 182.9 219 662.6 696.5 1007.9 1457.4 2101.6 2170.2 2329.8
 118.6 135.9 204.6 653.2 929.5 1203.1 1261.8 2022.8 2091.4 2251.1
 75.2 105.7 116.7 330.9 632.6 1100.8 1159.6 1307.3 2372.4 2535.8
 82.59999999999999 156.8 170.4 843.3 878.8 1411.8 1584.3 1732.3 1799.9 2543.5
 79.90000000000001 144.2 232.6 717.3 796.5 1041.7 1278.7 1426.7 2462.1 2993.3
 80.2 233.3 248.8 650.7 834.8 1106.1 1165 1312.9 1380.4 2759.3
 67.8 79.59999999999999 109.6 367.7 402.5 1697.3 1756.2 1732.5 1800.4 2367.3
 84.40000000000001 177.1 336 816.9 852.7 1164.2 1443.6 2361.7 2429.2 2565.7
 65 203.8 461.2 515.6 551.3 879 1674.8 2045.6 2113.1 2273.9
 66.8 98 108.4 760.8 796.8 975.9 1479.9 1627.6 1695.3 2857.4
 141.4 197.8 212.6 863.5 943.3 1363.1 1421.9 1569.7 1637.3 1798
 69.09999999999999 81.59999999999999 168.8 555 1159.7 1325.9 1793.5 1941.3 2009 2169.7
 164.1 254.1 348.5 513.7 550 1060.6 1924.9 2073.4 2141 2280.6
 94.2 171.4 347.1 444.7 925.9 1181 1240.3 1935.9 2003.5 2164.3
 67 79.8 132.4 858.9 1125.4 1372.8 1682.3 1830.8 2210.8 2817.7
# name: prtB
# type: matrix
# rows: 100
# columns: 10
 353.4 493.1 986.5 1409.6 1452.7 1896.1 2083.1 2131.5 3082 3240.3
 448 830.1 1008.7 1444.2 1933.9 2064.8 2580.3 2736.1 2804.7 2965
 426.4 704.5 731.7 1047.5 1399.2 1970.3 2654 3207.8 3276.5 3436.8
 383.1 732.8 1068.2 1249.3 1360 2869.7 2934.5 3091.4 3160.2 3320.6
 399.6 1028.8 1043.5 1313.3 1778.3 1915.2 1830.4 1977.9 2045.2 2204.3
 479 551.7 786.4 1387.4 1496.3 1943.5 2009.1 3189.5 3515.6 3675.9
 131.8 194 329.7 1326.5 1421.4 2062.3 2126.9 2280.6 2216.5 3272.7
 206.5 644.3 997.3 1530.2 1963.4 2097.4 2162.2 2316.2 2424.3 2382.3
 257.5 410.9 977.1 1525.4 1713.1 2451.3 2516.2 2670.3 2778.2 2744.2
 151.4 602.2 620.6 1216.3 1270 2068.9 2690.1 2845 2953.5 3114.1
 165.9 712.3 796.1 1753.6 2166.8 2304.5 2370.1 2525.3 2411.1 2569.9
 257.9 487.7 1011.7 1570.9 1620.8 2807.4 2190.7 3076.4 3143.5 3313.9
 233.9 1061.2 1076.8 1571.6 1749.6 2297.3 2382.9 2535.4 3394.2 4076.2
 143.3 1108.6 1124.6 1561.6 1974.9 2106.5 2189.7 2676.1 2766.5 2925.1
 288.1 929.2 945.8 1683.1 1729.7 1856.3 2871.7 3327.2 3403.3 3562.4
 355.8 390 406.1 1403.9 1846.6 1970.1 1908.2 2581.6 2648.4 4028.3
 154.2 710.2 1056.5 1172.2 1215.8 2218.5 2723.1 2881.5 2795.5 2954
 404.7 654.6 730.1 1125.9 1169.1 1910.9 3223.3 3381 2254.8 2790.7
 396.7 423.9 437.1 1329.7 1371.2 2355.4 2426.9 2579.3 2646.4 2810.1
 162.8 503.3 1018.7 1500.9 1542.4 2133.7 2204.6 2574 2645.8 2809.5
 259 634.6 648.5 1219 1261 1886.9 2713.9 2870 2941.9 0
 191.3 276.6 310.9 1495.8 1654.5 2030.6 2100.3 2256.1 2327.7 2357.2
 257.8 282.8 411.9 1382.2 1672.5 2060 2129.9 3019.5 3091 3262.7
 417.4 589.6 603.9 1419.9 1460.1 1997 2064.9 2219.6 2943.8 3113.4
 367.4 390.9 424.1 1195.1 1233.7 1348.7 1415 3004.8 3074.9 3242.7
 84.3 97.7 685.4 1192.6 1296.8 2186.5 2252.4 2406.2 2476.3 3389
 90.3 668.9 683.1 1663.3 1815 2068.8 2134.8 2288.7 2737.8 3419.2
 312.5 385.8 400 904.8 1774.5 2509.9 2575.8 2729.7 2799.7 2966.5
 206.3 467.7 612.5 1341.5 1379 1806.8 1871.5 2024.6 2749.4 2915.5
 105.8 562.4 958.3 1090.2 1127.7 1712.7 2211.2 2364.1 2435.5 3324.1
 154.6 173.1 267.7 1096.1 1133.5 2724.3 2788.1 2940.8 3685 3850
 233.4 337.5 389.2 830.2 1771.9 1945.7 2626.5 2778.3 3162.3 3325
 164.1 250.8 282.6 1245.6 1569.2 2106.9 2345.4 3146.5 3950.2 4112.8
 76.59999999999999 543.1 614 1292.1 1472.2 2801.5 2865 3016.6 3087.4 2587.4
 246.3 283.1 297.8 1060.3 1096.2 1553.2 1615.7 3362.7 3434.9 3600.6
 281.1 609.4 624.8 1228.5 1324.3 1487.4 1690.3 2613.9 2685.9 3325.2
 519.1 599.6 684.8 1252 1579.7 1973.9 2035.7 2186.5 2258.3 3083.7
 42.2 386.9 572.4 1150 1222.4 2229.7 2291.7 2186.1 2254.4 3076.5
 118.8 422 437.8 1345.6 1462.5 1923 2193.3 2345.5 2417.3 2483.1
 368.9 391.3 465.5 1319.9 1355.4 1466.6 2608 2904.7 2974.9 3139.3
 56.5 549.8 1078.7 1343.3 1553.2 2122.1 2184 2336.2 3015.2 3651.8
 314.8 461.5 697.1 1127.1 1161.6 1655.7 2448.8 2754.5 2738.3 2897
 283 558.8 744.5 1350.4 1458.3 2287.4 2348.7 2500.4 2572.7 2736.7
 189.5 669.2 684.5 962.5 1609.9 2337.3 2398.4 2550.1 2622.2 2786
 215.6 536.5 609.3 1153.7 1257.2 1458.2 2636.2 2998.7 3866.9 4030.5
 328.1 394.6 684.4 1134.1 1245.3 2071 2131.2 2778.7 2850.3 3493.1
 217.2 236.2 396 774.8 881.2 1730.5 1790.7 3476.9 3548.4 3710.3
 40.1 715.8 730.8 1012.9 1046.6 1728.1 1788.5 2340.8 2412 4028.7
 373.5 502.7 718.5 815 1335.9 1796.4 2118 2686.9 2757.9 2921.3
 103.6 210 427 502.5 1711.8 1865.7 1925.6 2076.6 2903.7 3593.6
 265.1 284.1 351.2 397.9 1556 1737.4 1797.3 2349.4 2421 3793.8
 355.1 421.6 512.7 1291.6 1712.8 1866.1 1926.1 2781.1 2851.7 3015.4
 125.9 584.6 960.9 1031.6 1210.9 1535.1 2189.8 3013.3 3883.3 4475.1
 123.7 139.2 651.5 1148 1305.3 1412.3 2434.3 3038.6 3109.1 3270.8
 337.1 711.6 725.6 1175.3 1315.6 1882.7 1942.6 2994.7 3065.1 3226.8
 247.8 621.8 635.8 913.2 945.7 1100.9 2223.6 2521.8 2592.2 3599.7
 365.2 386.7 400.4 1159.5 1191.9 1850.3 2075.8 2629 2699.4 3792.5
 40.9 64.3 597.4 935.9 1335.4 1761.9 1821.2 3357.1 3427.4 3588.7
 247.8 268.2 595.6 1388.3 1836.6 1943.8 2270.2 2348.4 2415.3 2878.5
 158.4 599.7 613.2 1313.3 1415.6 1667.4 1915.2 3001.5 2449.1 2611.1
 432.9 833.4 867.5 1271.3 1303.9 1834.2 2375.4 2930.8 3001.9 3634.9
 232.8 284.9 298.1 956.4 989 1096.8 1156.1 2842.2 2913.2 3074.5
 218.1 608.1 689.2 1252.4 1285 1825.3 1884.6 3137.1 3208.1 3369.3
 234.8 254.9 543.9 1195.4 1595.7 2414 2473.4 2622.9 2693.7 4094.3
 85.09999999999999 577.6 718.5 1053.2 1086.2 2004.6 2365.6 2912.7 2983.6 3146
 293.3 639.3 653.6 1000.8 1033.8 1550.5 1609.9 1758 1828.8 3828.9
 281.1 346.3 504 583.6 1468.2 2240.6 2300 2914.7 2985.6 3147.5
 263.3 654.9 705.4 1389.7 1651.9 1760.4 1926.7 2074.8 2145.6 3127.1
 204.8 679.7 712.9 1023.8 1621.4 2031.9 2091.5 2239.8 2911.2 3073.4
 254.4 334.9 546.7 1053.2 1838.2 1947 2006.3 2155.4 2710.5 3588.6
 368.3 407.5 440.4 1283.8 1425.5 1834 1893.4 2042.5 2112.4 3439.8
 284.2 423.4 512.4 1150.8 1245 1879.9 1939.3 3038.6 3108.4 3269.6
 128.4 388 634.6 1505.6 1642.7 2106.7 2166.1 2791.7 2861.6 3038.5
 217.7 271.2 454.1 898.2 1918.6 2027.7 2087.1 2900.8 2970.7 3051.2
 92.2 362.3 860.6 1146.4 1178.9 1755.2 1813.5 2938.4 3008.3 3170.4
 136.4 328.8 605 933.8 1036.8 1934.1 1991.7 3803.3 3873.2 4035.3
 42.5 67.3 74.5 1209.2 1371.3 1796.1 1854 3120.2 3190.2 3267.4
 239.6 318.4 726.9 1000.8 1383.1 1701.7 1759.6 2869.2 2937.8 3099.2
 260.8 283 672 1112.7 1645 1819.6 2697 2845.8 2914.4 3075.8
 40.1 50.8 56.7 1053.5 1161.3 1997.4 2215.2 2363.7 2432.4 3804.2
 593.6 857.8 914 1062.8 1362.7 1742.1 1800.2 1948.2 2016.9 2971.1
 230.5 817.3 854.1 1240.4 1450.8 1613 2186.9 2619 2687.7 2848.2
 298.3 555.6 759.9 1041.6 1121.3 1285.9 1850.2 2396.8 2465.5 2626
 41.8 724.2 741.7 979 1570.8 1900.7 2304.9 2734.2 2802.9 3478.5
 204.5 452.9 911.9 1028.1 1406.8 2099.3 2395.2 2746.1 3476.1 3543.9
 513.1 536.8 607.6 1199.5 1233.4 1871.3 1930 2078.5 2147.2 3314.3
 386.4 409.8 426.8 1162.2 1233.8 2194.5 2253.1 2603.5 2672.1 2831.8
 280.1 303.1 431 1091.5 1794.2 2184.2 2243 2712.3 3110.9 3270.5
 304.9 328.9 1031.6 1248.5 1369.8 1799 1857.7 2005.3 3167 3326.7
 298.1 471.6 488.8 1333.2 1530 2400.5 2459.3 2607 2675.4 2835.1
 41.2 699 844.7 1163 1198.2 1779.6 2442.2 2590.1 2570.4 2729
 358.3 747.9 1045.3 1279.9 1480.1 1752 1810.8 1958.7 2026.3 3879.2
 331.8 535.3 572.3 1092.4 1164.3 2039.4 2343.7 2803.8 3432.5 3500.3
 443.4 467.6 874.7 1035.7 1482.4 1596.4 1942.9 2988.9 3056.5 3216.5
 201.9 460.9 881.9 936.5 1012.4 1869.7 2647.4 2703.1 2769.7 3326.3
 224.3 248.2 385.8 1477 1513.3 2062.8 2122 2752.7 2820.4 4010.7
 450.9 824.9 899 977.3 1091.3 2220.8 2399.5 2199.2 2919 3081.3
 258.5 340.1 379.3 1403.9 1440.4 1994.2 2053.5 2110.3 2177.5 3088.1
 244.5 334.2 374 930.6 1338.8 2012 2071.4 3778.2 3845.8 4006.6
 551 875.5 893.3 1525.5 1562.1 2348.7 2406.7 2409.6 2477.5 2639.4
# name: collectedA
# type: matrix
# rows: 100
# columns: 10
 7 20 20 24 24 46 47 48 48 48
 19 24 24 35 44 44 48 47 47 49
 15 30 34 44 44 46 46 48 48 47
 15 36 36 46 46 46 46 49 49 49
 13 26 34 34 34 43 47 48 48 49
 8 9 9 25 36 47 47 47 47 47
 5 14 14 27 27 45 45 47 47 47
 6 17 19 33 39 39 48 49 49 49
 6 16 16 30 45 47 49 49 49 49
 11 19 19 35 39 46 46 46 47 47
 5 17 20 21 21 47 47 47 48 48
 9 12 12 36 37 37 37 47 47 47
 5 10 10 27 31 38 41 41 41 48
 2 7 16 44 45 45 45 49 49 49
 9 17 18 18 32 44 44 48 48 48
 7 14 17 42 42 42 45 45 45 45
 5 10 10 25 32 39 39 40 40 43
 5 10 10 32 36 47 48 48 48 48
 15 26 31 42 42 45 45 46 46 46
 10 27 35 37 37 44 45 45 48 49
 13 16 17 30 48 48 41 47 47 47
 5 8 18 38 38 48 48 48 48 48
 8 8 32 37 42 43 43 49 43 49
 3 7 9 30 30 45 45 49 49 49
 9 9 9 32 33 33 41 41 41 41
 3 3 5 27 37 40 44 44 44 44
 4 11 11 33 34 35 41 42 42 42
 16 16 16 34 35 46 47 47 47 49
 13 14 14 14 29 42 46 48 48 48
 4 8 8 25 26 38 38 48 48 49
 6 12 14 37 38 48 49 49 49 49
 2 2 2 13 37 46 46 48 48 48
 4 8 8 22 22 44 48 48 48 48
 9 10 13 21 23 45 45 47 47 47
 11 13 14 14 26 31 34 41 46 46
 12 16 16 28 32 43 45 49 49 49
 2 5 5 6 27 39 39 39 39 48
 9 9 9 28 35 46 46 47 47 47
 14 15 15 36 36 39 46 46 46 48
 11 11 19 19 31 40 43 45 45 49
 8 8 15 32 34 42 47 45 46 49
 2 3 3 27 33 33 39 39 39 49
 8 9 9 33 39 40 48 49 49 49
 12 12 12 21 32 35 41 42 49 49
 5 8 25 29 41 45 47 47 47 47
 10 10 10 15 39 42 46 46 46 46
 5 8 8 24 37 41 43 43 43 49
 9 9 9 14 14 41 41 41 48 48
 3 3 6 20 23 40 40 48 48 48
 3 3 6 25 34 39 42 42 42 48
 14 14 14 22 25 39 40 44 44 49
 7 8 8 29 33 41 41 47 47 47
 5 5 5 35 36 36 45 45 48 49
 3 3 3 32 32 46 47 47 47 47
 13 14 14 15 29 48 48 48 48 48
 3 3 3 19 19 34 34 47 47 49
 4 4 8 32 33 39 43 43 45 47
 5 6 6 31 38 44 44 49 49 49
 6 13 13 13 34 39 39 46 46 46
 7 13 13 13 13 23 48 48 48 48
 11 12 12 25 38 42 42 43 43 44
 5 5 8 25 28 43 43 49 49 49
 2 3 3 21 32 38 43 47 47 47
 3 11 11 14 31 31 31 31 31 47
 3 3 3 34 34 34 43 43 43 49
 5 7 7 24 27 27 48 48 48 48
 5 7 7 34 34 46 46 46 46 48
 5 18 18 20 29 45 49 49 49 49
 9 12 17 25 25 43 45 47 47 47
 9 9 9 13 14 43 43 43 43 43
 10 12 12 31 31 36 46 46 46 46
 4 7 7 33 33 43 49 49 49 49
 4 4 7 30 31 46 47 48 48 47
 6 9 9 20 25 46 46 46 46 49
 4 6 9 30 31 31 31 49 49 49
 5 5 7 21 25 43 43 45 47 47
 4 5 9 18 19 27 47 48 48 49
 5 8 8 22 23 30 30 47 47 47
 7 7 7 29 35 38 38 46 46 46
 3 3 3 14 25 42 42 46 46 48
 6 8 8 10 25 38 38 48 48 49
 13 17 22 23 35 35 35 39 39 39
 12 24 24 26 34 42 42 48 48 43
 4 4 6 37 37 43 43 48 49 49
 3 8 8 28 35 44 45 45 45 45
 5 11 12 31 31 34 42 45 45 45
 8 8 11 29 37 40 40 46 46 46
 5 6 6 15 26 37 37 37 49 49
 5 9 9 36 36 46 47 47 47 47
 5 8 12 36 37 40 42 42 47 48
 5 14 14 29 33 36 36 36 36 47
 4 4 5 14 14 47 47 43 43 44
 6 11 19 38 38 40 43 48 48 48
 4 12 27 27 27 31 48 49 49 49
 4 5 5 35 35 36 42 42 42 49
 10 12 12 38 39 45 45 45 45 45
 4 4 8 24 42 43 48 48 48 48
 12 16 20 25 25 34 44 44 44 44
 6 10 19 21 38 40 40 46 46 46
 5 5 7 37 43 45 47 47 48 49
# name: collectedB
# type: matrix
# rows: 100
# columns: 10
 27 34 66 83 83 89 90 90 96 96
 31 58 67 81 94 94 99 99 99 99
 39 58 58 65 75 82 94 96 96 96
 27 48 64 67 68 98 98 98 98 98
 31 74 74 82 95 95 95 95 95 95
 45 47 61 85 86 90 90 99 96 96
 10 12 19 77 78 89 89 89 89 96
 16 47 69 85 95 95 95 95 95 95
 21 29 64 84 87 97 97 97 97 97
 14 42 42 67 67 84 94 94 94 94
 12 48 51 87 96 96 96 96 96 96
 21 34 64 82 82 98 93 99 99 99
 17 68 68 85 88 95 95 95 97 98
 10 73 73 88 97 97 97 99 99 99
 22 62 62 89 89 89 98 99 99 99
 29 29 29 77 91 91 91 98 98 99
 11 50 71 73 73 91 96 96 96 96
 32 48 51 64 64 83 98 98 92 94
 33 33 33 77 77 96 96 98 98 98
 11 33 66 85 85 97 97 98 98 98
 20 47 47 73 73 85 95 95 95 0
 14 18 19 87 91 96 96 96 96 96
 20 20 26 78 85 93 93 99 99 99
 34 45 45 86 86 94 94 94 97 97
 33 33 34 74 74 74 74 99 99 99
 5 5 47 69 71 91 91 91 91 95
 6 46 46 87 90 92 92 92 94 95
 25 28 28 55 85 98 98 98 98 98
 17 34 43 84 84 89 89 89 96 96
 7 41 66 70 70 84 90 90 90 98
 11 11 16 61 61 95 95 95 98 98
 19 25 27 48 87 88 97 97 98 98
 13 17 18 69 80 87 89 94 98 98
 5 39 42 72 77 98 98 98 98 96
 22 23 23 64 64 70 70 98 98 98
 24 48 48 80 82 83 84 95 95 97
 42 46 50 77 86 92 92 92 92 99
 2 29 39 68 69 90 90 92 92 99
 8 29 29 79 81 93 96 96 96 96
 28 28 31 74 74 74 98 99 99 99
 3 36 68 78 84 91 91 91 98 99
 25 34 47 67 67 79 94 95 95 95
 23 40 50 76 78 98 98 98 98 98
 15 47 47 59 85 98 98 98 98 98
 16 37 40 68 70 72 94 96 99 99
 26 29 47 69 71 91 91 95 95 97
 18 18 28 50 52 82 82 99 99 99
 2 54 54 65 65 85 85 89 89 99
 33 40 52 54 76 88 91 94 94 94
 7 13 26 27 86 87 87 87 92 96
 20 20 23 23 85 86 86 90 90 97
 31 34 39 74 89 90 90 98 98 98
 9 43 66 67 72 77 87 93 98 99
 9 9 44 69 73 73 90 97 97 97
 27 53 53 74 77 88 88 98 98 98
 19 45 45 58 58 59 92 93 93 97
 30 30 30 66 66 83 85 87 87 99
 2 3 39 54 68 76 76 92 92 92
 21 21 42 81 95 95 98 98 98 99
 12 44 44 80 82 85 87 96 83 83
 36 62 63 78 78 87 96 98 98 99
 19 21 21 54 54 54 54 95 95 95
 17 46 50 76 76 90 90 99 99 99
 20 20 38 71 84 97 97 97 97 98
 5 44 51 64 64 90 94 97 97 97
 24 46 46 63 63 73 73 73 73 99
 25 28 36 37 75 89 89 93 93 93
 21 50 52 86 94 94 95 95 95 97
 15 49 50 62 84 90 90 90 97 97
 21 25 37 61 92 92 92 92 95 99
 29 30 31 73 76 86 86 86 86 99
 23 31 35 67 69 79 79 95 95 95
 10 29 44 84 87 96 96 99 99 99
 16 18 28 49 93 93 93 98 98 98
 6 25 57 69 69 88 88 99 99 99
 10 24 41 59 61 82 82 99 99 99
 2 3 3 79 83 89 89 99 99 99
 20 24 50 59 73 78 78 97 97 97
 20 20 44 65 81 82 96 96 96 96
 2 2 2 64 66 88 90 90 90 97
 47 63 65 69 78 85 85 85 85 99
 17 59 60 75 81 82 91 94 94 94
 24 41 52 64 65 66 76 83 83 83
 2 54 54 61 82 87 93 95 95 97
 16 31 61 64 77 91 94 95 99 99
 42 42 45 74 74 89 89 89 89 96
 31 31 31 69 70 94 94 95 95 95
 24 24 30 65 90 96 96 98 99 99
 23 23 68 75 77 84 84 84 96 96
 26 36 36 79 84 96 96 96 96 96
 2 52 60 73 73 85 94 94 94 94
 29 54 70 77 82 86 86 86 86 98
 26 39 40 69 70 92 94 96 98 98
 40 40 64 69 84 84 88 97 97 97
 16 35 61 61 62 89 98 98 98 98
 18 18 25 77 77 87 87 93 93 98
 39 62 65 66 68 88 89 94 97 97
 21 25 26 83 83 91 91 91 91 96
 19 23 24 53 70 86 86 99 99 99
 46 66 66 93 93 96 96 83 83 83
# name: avgRateA
# type: matrix
# rows: 100
# columns: 10
 0.09102730819245773 0.05772005772005772 0.04776689754000478 0.02424732269145282 0.01565455612810645 0.007179647260808491 0.004059949034682331 0.0009247378946029985 0.0004707082197422873 9.559218462196578e-05
 0.04896907216494845 0.0431111909466499 0.03829583532790809 0.02519617018213232 0.01860779835913051 0.006782587248735972 0.004049129437171008 0.0009088201966918945 0.0004617671534216455 9.746544104206072e-05
 0.05035246727089628 0.03874467260751647 0.0342949364535001 0.02259306803594352 0.01758874320434922 0.006611475221340692 0.003825650152610174 0.0009117449849277157 0.0004673115566147951 9.345822268310603e-05
 0.04365541327124563 0.03900747643298299 0.03589948145193458 0.0242808128793877 0.01877167924913283 0.006972020976689199 0.003943420488641235 0.0009258961824733522 0.0004757715752699761 9.742637300104445e-05
 0.04072681704260652 0.03463434128147062 0.03081664098613251 0.02109835556934533 0.01566675882407152 0.006143383718604453 0.003908621420908629 0.0009160672469698212 0.0004684457847198841 9.74574349680459e-05
 0.07359705611775529 0.04554655870445344 0.03468208092485549 0.02143530823973249 0.01698513800424628 0.006671682257583716 0.003881057959884724 0.0008992822961929745 0.0004590623797403074 9.352429801059889e-05
 0.05988023952095808 0.04786324786324787 0.03923766816143497 0.02132532975278414 0.01484087286318914 0.006264355815410315 0.003673799279935341 0.0008894339037064792 0.0004564821928239057 9.3416743222019e-05
 0.06024096385542169 0.04836415362731152 0.0411790203727785 0.0239442751414889 0.01798395278059578 0.006181841237636317 0.003885727238138413 0.0009270277786711719 0.0004758422650868703 9.738921380668996e-05
 0.06224066390041493 0.04605641911341393 0.03875030273674013 0.02364252502167231 0.01871568790550657 0.006945675947271975 0.004045240650540741 0.0009374868464855722 0.0004785824582925154 9.75034539106148e-05
 0.06678809957498483 0.04984260230849948 0.04243913334822426 0.0267195969157951 0.01900492178743726 0.00671229078811049 0.003859287038668378 0.0008833599941621426 0.0004578647525971648 9.347448643724978e-05
 0.05875440658049354 0.04723534315087525 0.04051863857374392 0.02086023641601271 0.0134606755977181 0.007133533679385605 0.004032846245591756 0.000907176538484552 0.0004648914914203307 9.534963918107372e-05
 0.07125890736342043 0.04801920768307323 0.03825310806503029 0.02682163611980331 0.01905841145565056 0.006094347081301884 0.003341159472638613 0.000903844415683816 0.0004604804868944314 9.358331094966553e-05
 0.0574052812858783 0.04284490145672665 0.03368137420006737 0.02389380530973451 0.01708459630752273 0.006072421617820959 0.003512108207197252 0.0007910980247632977 0.0004022755057388035 9.532788124052556e-05
 0.03992015968063872 0.03598971722365039 0.03740939911152677 0.028388928317956 0.02094192107222636 0.007167202879622845 0.003960535464394786 0.0009341411430074769 0.0004778268823453693 9.747207176490692e-05
 0.06126616746085772 0.04836415362731152 0.04089979550102249 0.0197411713094977 0.01671105540759309 0.006499645473883243 0.003710575139146568 0.0009136348582152904 0.0004676821865701163 9.546647605193615e-05
 0.05902192242833053 0.04366812227074236 0.0378619153674833 0.02586206896551724 0.01933167633250484 0.006661062915325202 0.003823376976473487 0.0008666846423481376 0.0004400048498312337 8.956444808894347e-05
 0.0589622641509434 0.04334633723450369 0.03409478349812479 0.02269426289034132 0.01693480101608806 0.006042202460260899 0.003380047320662489 0.0007691257539835907 0.0003922410792121053 8.552970635662745e-05
 0.05537098560354375 0.04175365344467641 0.03305785123966942 0.02385211687537269 0.01734772552043177 0.006613756613756614 0.003875530866988551 0.0009136244242262744 0.0004677605767487911 9.547006476450518e-05
 0.06808896958692691 0.05497991118629732 0.04767030601260957 0.02938912602337135 0.02124216063119563 0.007135381980782038 0.003951527924130664 0.0008885420570134943 0.0004516543312668511 9.163224315532043e-05
 0.06734006734006734 0.05320197044334975 0.04915730337078652 0.02991591203104787 0.02075154234436343 0.006896767923759366 0.003874533979663002 0.0008692779777117127 0.0004683365466424173 9.738185891236786e-05
 0.07107709130672499 0.05211726384364821 0.04294013639808032 0.02659102995922709 0.01991535972118497 0.007347201175552188 0.003650024926999502 0.0009013414645839925 0.0004598303910710722 9.355643025288502e-05
 0.05668934240362811 0.04026170105686965 0.04054967334985357 0.02664796633941094 0.0192717314129222 0.007252617741716151 0.004105160528881515 0.0009258330568692956 0.0004709608484359684 9.562025372435908e-05
 0.06187161639597834 0.04155844155844156 0.047093451066961 0.02827665265571265 0.01992504388253712 0.006824963494381309 0.003780685095308433 0.000935110934691089 0.0004224159441389297 9.735674451762317e-05
 0.04580152671755725 0.03761418592154755 0.03117422930377555 0.02620316184819635 0.01777356478464364 0.006887579398484733 0.003876736993547386 0.0009348361938048978 0.0004784773094342055 9.741393826461245e-05
 0.06267409470752089 0.04413928396272682 0.03406510219530659 0.02573381584238038 0.01797483523067705 0.005543330365691824 0.003490074568422486 0.0007906022460816982 0.0004022502467461879 8.165934985614012e-05
 0.04552352048558422 0.02561912894961571 0.02320185614849188 0.02280405405405405 0.01813547691402803 0.006363144666093984 0.00375388185510016 0.0008481568010609671 0.0004315874965178736 8.762965953288214e-05
 0.05208333333333334 0.04497138184791497 0.0358656667753505 0.02481762803639919 0.01772217878550951 0.005723349631252759 0.003471928190363282 0.0008051622401913986 0.0004108190166166511 8.35977277341433e-05
 0.06843455945252352 0.05403579871664978 0.04458066313736417 0.02755490720479779 0.01931780549729551 0.00716276607340278 0.004049106181348266 0.0009079985008365178 0.0004615386126149305 9.745286065911546e-05
 0.06820566631689402 0.05247376311844078 0.0425273390036452 0.01792344130072974 0.01677561173135882 0.006528023873915881 0.003860161455448702 0.0009127627045158936 0.0004675719378908609 9.546034358564165e-05
 0.05277044854881267 0.04166666666666666 0.03168316831683168 0.02460872133083965 0.01633781575970843 0.00608447817593749 0.003359353589646118 0.0009206178112695127 0.0004696255030129411 9.745979982154911e-05
 0.05736137667304016 0.04761904761904762 0.03972758229284904 0.02767389678384443 0.01977930460129086 0.007203962179198559 0.004130002360001349 0.0009419798108735229 0.0004799766476667747 9.755990725835754e-05
 0.03992015968063872 0.02136752136752137 0.013531799729364 0.01578244506495083 0.01824007887601676 0.006948640483383686 0.003936502503102135 0.0009203247979599467 0.0004695395968611278 9.554246623768099e-05
 0.05594405594405594 0.04287245444801715 0.03237555645487657 0.02254329337022236 0.01454064771976206 0.006967316949581961 0.004101056876532557 0.000925613459962397 0.0004709132577779173 9.559928603266548e-05
 0.07053291536050157 0.04955401387512388 0.04063769928102532 0.0215916101172116 0.01460410184773636 0.006940374471760387 0.003896677433042093 0.0009049059379157514 0.0004607359816176147 9.359257281203466e-05
 0.07096774193548387 0.05345394736842105 0.04316990440949738 0.01814411612234318 0.0163121902252337 0.005150613919949491 0.00299027281842008 0.000786180104274327 0.0004471411157920521 9.144431120964124e-05
 0.07083825265643447 0.0548885077186964 0.04512126339537507 0.02597161673314164 0.0179563436395264 0.006707431209833406 0.003869303525365434 0.0009367556138425716 0.0004786137782162358 9.750436580772617e-05
 0.03968253968253968 0.03394433129667345 0.02424830261881668 0.008965929468021518 0.01426081445095864 0.00604173444253381 0.003385798744650004 0.0007547812489113732 0.0003833319408882489 9.537902531776615e-05
 0.06559766763848397 0.04643962848297213 0.03529411764705882 0.02677888293802601 0.01917913310318374 0.007052618667974979 0.003970514613220087 0.0009058337621588909 0.0004609890470964066 9.360304819322218e-05
 0.07407407407407407 0.05666792595391009 0.045662100456621 0.02913564260278408 0.02032061413411606 0.006487673420501048 0.003935088154529201 0.0008873268507033995 0.0004513640516007234 9.547927512929982e-05
 0.06740196078431374 0.04970628106642566 0.04506641366223909 0.0218064960403994 0.01755777072949706 0.006419412302803678 0.003708846893625096 0.0008651616698773778 0.0004408074024297304 9.742705099848808e-05
 0.06650041562759768 0.04566210045662101 0.04050769646232784 0.02668890742285238 0.01888993832990721 0.006692053982568793 0.004015240829019085 0.0008752224523733116 0.0004518930388824489 9.749425828457459e-05
 0.03992015968063872 0.02521008403361345 0.01701644923425978 0.02425004490749057 0.01797483523067705 0.005549576214180008 0.003403081970646236 0.0007556074793515726 0.0003835498423020072 9.758030709916649e-05
 0.06535947712418301 0.04620123203285421 0.03500583430571762 0.02534172938104746 0.01895412130637636 0.006428904353975474 0.00402347024308466 0.0009360290971330765 0.0004784123738919627 9.749561617925823e-05
 0.06568144499178982 0.04968944099378882 0.03927986906710311 0.02114164904862579 0.01749398644216051 0.00572494111489139 0.003528794099167721 0.0008072840082804274 0.0004762663825915889 9.740621173327396e-05
 0.0574052812858783 0.04298764105319721 0.04817883985353633 0.02725563909774436 0.02055962290642864 0.00706824785989162 0.004059387982484172 0.0009085707215984659 0.0004616818776110812 9.363197017801828e-05
 0.06793478260869566 0.04921259842519685 0.03779289493575207 0.0186312259346665 0.02048534509927514 0.00678513731825525 0.003978894559294179 0.0008895455195912732 0.0004519405442739624 9.164350675870862e-05
 0.05854800936768149 0.04336043360433604 0.03261312678353037 0.0237037037037037 0.01893454787370145 0.006550567183256111 0.003741310154611818 0.0008326217322017423 0.0004227477621404801 9.72639260603604e-05
 0.06907137375287797 0.04856988667026443 0.03655564581640942 0.01801338136901698 0.01069682151589242 0.006650985481385352 0.003652723952069135 0.0007980535279805353 0.000470301443629473 9.557495904214777e-05
 0.04815409309791333 0.0272975432211101 0.02702702702702703 0.0205486489263331 0.01441193057209098 0.006377856083677472 0.003529827038475115 0.0009157264572451133 0.0004683452289769096 9.549587726392374e-05
 0.04724409448818898 0.02695417789757413 0.0271370420624152 0.02288329519450801 0.01796945193171608 0.006302826575302616 0.003662939770804625 0.0008136791082076973 0.000413026461228616 9.539686287416438e-05
 0.07326007326007326 0.05642885933091495 0.04517586318167151 0.02369668246445498 0.01610720958701115 0.006249499238843041 0.003509757124806963 0.0008447826988503275 0.0004307180265283148 9.750929422772838e-05
 0.07518796992481204 0.04953560371517028 0.03626473254759746 0.02696671006137251 0.01900155467265504 0.006680897521549969 0.003661760503000858 0.0009013414645839925 0.0004598303910710722 9.355643025288502e-05
 0.05694760820045558 0.03597122302158273 0.02535496957403651 0.0294687210575061 0.02053622361665716 0.006144393241167435 0.003916892250646287 0.000871412443382397 0.0004697100616788025 9.746642977682972e-05
 0.04942339373970345 0.02764976958525346 0.01825928180158247 0.02619300974052549 0.01824401368301026 0.007066703536424248 0.004026972145347991 0.0009069332149817649 0.0004612654769288748 9.361481249251828e-05
 0.07411630558722919 0.05577689243027888 0.04472843450479233 0.01915708812260536 0.01706384230656075 0.007329922883103 0.004134972390444768 0.0009273606157674489 0.0004713724696873131 9.561907273802625e-05
 0.04830917874396135 0.0271985494106981 0.01808318264014467 0.0207922959072007 0.01314242235595213 0.005593393215543052 0.003052640084755654 0.0009089309231837336 0.0004617803104735704 9.74647237372351e-05
 0.05284015852047556 0.03177124702144559 0.03132341425215349 0.02807510089489384 0.01926444833625219 0.006402784390340004 0.003715255877448397 0.0008313339429782249 0.0004397597543599736 9.343960531110716e-05
 0.05931198102016608 0.03934426229508197 0.02844950213371266 0.02771321294475237 0.02036769041110575 0.006986566737590905 0.003874194343676258 0.00094149112980857 0.0004798793446219236 9.755747927401308e-05
 0.06128702757916241 0.05150554675118859 0.04134860050890585 0.01715265866209262 0.01870495681355559 0.006348069535777068 0.0034811793164392 0.0008846834371874759 0.0004506847959524586 9.159226786039268e-05
 0.0625 0.05136309758988542 0.04124365482233502 0.01712328767123288 0.01008064516129032 0.003973464169718748 0.004087332674818625 0.0009250052031542677 0.0004707613093048915 9.559374569952615e-05
 0.06840796019900497 0.0507185122569738 0.04021447721179625 0.02406159769008662 0.01967790378540728 0.006658950739619171 0.003695068842651652 0.0008315606265712628 0.0004224765378145976 8.7588561491251e-05
 0.0574052812858783 0.03594536304816679 0.03187250996015936 0.02414525787135407 0.01681479702137881 0.006805520384907572 0.003779322710213839 0.0009441360480777197 0.000480532547744341 9.75838050713706e-05
 0.03992015968063872 0.02622377622377622 0.01757469244288225 0.02156500308071473 0.0172590475163152 0.006125179322684119 0.003705746492467855 0.0008983609690830028 0.0004590363752143798 9.35229022663783e-05
 0.04709576138147566 0.04653130287648054 0.03685092127303183 0.01719690455717971 0.01810959224208436 0.005326185935432881 0.002849343272332877 0.0006075119836638068 0.0003066313480107539 9.363368629248653e-05
 0.04854368932038835 0.02724795640326975 0.01807228915662651 0.02791690614993021 0.01942413162705667 0.005803038061102577 0.003725298240446343 0.0008318695009556826 0.0004225562491155799 9.736535315506467e-05
 0.05714285714285714 0.04088785046728972 0.03023758099352052 0.02287239111788812 0.01599620830617927 0.004657822554211879 0.004132836244973868 0.0009273086604833211 0.0004713585830960992 9.561836796975911e-05
 0.05543237250554323 0.03990877993158495 0.02967359050445104 0.02628527251642829 0.01861789508268536 0.007083570735613423 0.00398154639799884 0.0008897072476326051 0.0004519858390871458 9.551710373038069e-05
 0.05807200929152149 0.05413533834586466 0.0453857791225416 0.02256572266726842 0.01762703622659859 0.006995616080589497 0.004132301101384743 0.0009421826719146882 0.0004800269598815019 9.756293755235296e-05
 0.06535947712418301 0.04930156121610518 0.04309252217997465 0.02427891618918131 0.01600409704884451 0.006749862648143787 0.003872533411357711 0.0009018724406970898 0.0004599559420925255 9.356123523125949e-05
 0.07053291536050157 0.04920721705850191 0.03691550451189499 0.01692047377326565 0.01048218029350105 0.006922532036834309 0.003815066852392402 0.0008362472335774657 0.0004236866452984084 8.571675754636379e-05
 0.06830601092896174 0.05069708491761724 0.04008016032064129 0.02651385562777968 0.01821707704060645 0.005981159348053632 0.003963091556030361 0.0008887858412551202 0.0004517514699108969 9.163565662924214e-05
 0.05376344086021505 0.03972758229284904 0.02953586497890295 0.02542764678687009 0.01802786124009833 0.006714867966956604 0.004164223372341059 0.0009438359805685359 0.0004804590442983239 9.758083177901009e-05
 0.05215123859191655 0.03147128245476003 0.02899751449875725 0.0268480400930732 0.01830528491290227 0.00696515906303469 0.003990253593350709 0.000920623108407207 0.0004696282598805383 9.348599530063804e-05
 0.06134969325153374 0.04580152671755725 0.03481624758220503 0.02101723413198823 0.0152077376969402 0.006841674722986539 0.00390445957186752 0.0008858009951781615 0.0004509786236132407 9.748291164347833e-05
 0.05208333333333334 0.03731343283582089 0.03236245954692556 0.02556890820761953 0.01777421019436959 0.005295253061851972 0.002840857022415278 0.0009277263320919471 0.0004762552728262349 9.740636663915433e-05
 0.05753739930955121 0.03591954022988506 0.02961082910321489 0.02070597515282982 0.01465759849906191 0.006684803731053245 0.003742221835429268 0.0008648474120882605 0.0004581405731241093 9.348586513609752e-05
 0.05128205128205128 0.03385240352064997 0.03253796095444685 0.0199203187250996 0.01291199456337071 0.004595901137059985 0.003977724741447892 0.0009206125141927763 0.0004696314762669777 9.744908136342004e-05
 0.0547645125958379 0.04151530877010898 0.03134796238244515 0.02219979818365288 0.01465808425211905 0.004977683386152085 0.002706433191696663 0.0009034986543637063 0.0004603844111879289 9.35788949726232e-05
 0.06340579710144927 0.04234724742891711 0.03091872791519434 0.02571833983682157 0.01911210615409818 0.006198818961860951 0.003396496245977833 0.0008863437549375128 0.0004511254599518277 9.160999791686832e-05
 0.04838709677419355 0.02700270027002701 0.01784651992861392 0.01675843907110366 0.01555887478217575 0.006415445949867872 0.003619192058458569 0.0008896022897589371 0.0004519627464793576 9.551586827008624e-05
 0.05994005994005994 0.04192872117400419 0.03155818540433925 0.01350986219940557 0.01505751972535084 0.005973433938536508 0.003327612175557813 0.0009155238513036679 0.0004683114153834446 9.740113883796863e-05
 0.07190265486725664 0.05564648117839607 0.04743423889607589 0.02429235318969159 0.01925722145804677 0.005902889042551397 0.003185437997724687 0.0007551276068844402 0.0003834220119627667 7.77081592371689e-05
 0.06560962274466922 0.05535055350553506 0.04793289394847214 0.02604427526795552 0.01922533220243144 0.006785685435010905 0.003733997155049787 0.0009176363980477286 0.0004688553092979869 8.552970635662745e-05
 0.05242463958060289 0.03142183817753338 0.02646669607410675 0.02643990281549235 0.0191362813550556 0.006812852525508587 0.003781782362822441 0.0009214466712739 0.0004782820888238165 9.749117406432349e-05
 0.04608294930875576 0.04058853373921867 0.03072196620583718 0.02295834699901607 0.01810095159288374 0.006758417301548292 0.003845167905665214 0.0008678563369905442 0.000441520596935847 8.962711534930076e-05
 0.0580046403712297 0.047230571060541 0.03761755485893417 0.02666437295716498 0.01827291482463896 0.005659215366434195 0.003665753137710126 0.0008636970841586439 0.0004404415377477973 8.958258100554655e-05
 0.06220839813374806 0.04303388918773534 0.036112934996717 0.02514741588622962 0.01917595231925369 0.006448388708871371 0.003551830080448951 0.0008842276847843638 0.0004505766401479459 9.158765406387363e-05
 0.05868544600938967 0.03853564547206166 0.02768804799261652 0.01805271392466001 0.01592551757932133 0.006064778389719381 0.003315531022617298 0.0007211449442866804 0.0004786446346866929 9.750549115107819e-05
 0.05399568034557236 0.04352030947775629 0.03328402366863906 0.02679967244844785 0.01916116670215031 0.007174272435197604 0.004057215369077113 0.00090852330168966 0.000461690040952889 9.352424218003019e-05
 0.05561735261401557 0.0411946446961895 0.03607937462417318 0.02957364659492319 0.02059560256053437 0.006620653127431021 0.003723833420518322 0.0008166963853406888 0.0004587061947783619 9.542870650563338e-05
 0.05543237250554323 0.04941757853865161 0.04013761467889908 0.02520205092552359 0.01798561151079137 0.005895743600661633 0.0032243618450515 0.0007015779657746882 0.0003550982241143259 9.34840986531726e-05
 0.05141388174807198 0.0308641975308642 0.02385496183206107 0.01613460873573816 0.009982174688057042 0.007017753423021218 0.00399789047481329 0.0008311989561687527 0.0004223951968754544 8.758531855078943e-05
 0.0635593220338983 0.0484368119771026 0.04357798165137615 0.02885564583491533 0.02051060614238679 0.006489082119334221 0.003757558810164634 0.0009167005654896614 0.0004686163711129248 9.550990049659179e-05
 0.05333333333333334 0.04728132387706856 0.0481111903064861 0.0265852697912564 0.01740475730032876 0.005273005613199524 0.00411141946757118 0.0009414820849408981 0.0004798600767188538 9.755633330738468e-05
 0.05208333333333334 0.03378378378378379 0.02399232245681382 0.02776015228426396 0.01947907390917186 0.006024197192054753 0.003658568454429046 0.0008135183506496525 0.0004129984374892448 9.74431319893075e-05
 0.06605019815059444 0.04842615012106537 0.03838771593090211 0.02786945361202787 0.02006895487058097 0.007072024642076975 0.003939799858167206 0.0008726054252787975 0.0004427508404886789 8.96775196393768e-05
 0.05056890012642225 0.0303951367781155 0.02976190476190476 0.02274881516587678 0.01944714543686623 0.006797451745996617 0.004070038580574045 0.0009241201125116237 0.0004705467164661942 9.558521750714947e-05
 0.06892590465249857 0.05261427162117724 0.04459308807134894 0.02466212883496103 0.01612903225806452 0.00561000561000561 0.003689758404682639 0.000844961150990717 0.0004307770630794686 8.760043688726978e-05
 0.05758157389635316 0.04516711833785005 0.04249608588682621 0.02222927913623372 0.01973103484085362 0.006471444750040446 0.003558623880145548 0.0008857071890541995 0.0004509649178704652 9.16034851541617e-05
 0.06493506493506493 0.03852080123266564 0.03012048192771084 0.02722790492309956 0.02023148583795991 0.00706126035651519 0.00402318036687981 0.0009067967309013173 0.0004696176920638523 9.745082561731617e-05
# name: avgRateB
# type: matrix
# rows: 100
# columns: 10
 0.07429829389102917 0.06260357208617197 0.06074551311550851 0.04346459991621282 0.03384025767521507 0.0129058453328693 0.00744841969362167 0.001726403422115228 0.000931297413709474 0.0001907637365290498
 0.06768558951965066 0.06590160209067152 0.06043113556417425 0.0416623804135377 0.03203926514196121 0.01330540142679198 0.007869446674562611 0.001877271925682787 0.0009629909916569963 0.0001968327816050819
 0.08936755270394134 0.07687210072895957 0.06973668390044487 0.0420032310177706 0.03126042014004669 0.01176419953230134 0.007428481112691639 0.001804246745777875 0.0009295435069933625 0.000190689278177519
 0.06868481302467565 0.06131834440470108 0.05478513953090224 0.03830103469959412 0.0288135593220339 0.01245282539359823 0.007576636128184313 0.001845873342951966 0.0009499787708825691 0.000194706912453017
 0.07568359375 0.06859473489061921 0.06471359860078706 0.04522141951138808 0.03419357160853759 0.01373785284590467 0.008030159588855829 0.001827699849359055 0.000930960005958144 0.0001891660425846613
 0.09202453987730061 0.07811201595479474 0.06881768953068593 0.04503549856946063 0.03445098746144293 0.01296176279974076 0.007494316809752604 0.00186126961148347 0.000927396450390086 0.0001905987560651602
 0.0705218617771509 0.04918032786885246 0.0442168955084943 0.04215713112510266 0.03221276947220616 0.01260212678589128 0.007339056147902597 0.001702352306591738 0.0008707009142359599 0.0001907514554236699
 0.07390300230946882 0.0676940803687167 0.062881618518181 0.04186779627622894 0.03205777147870689 0.01338518330656297 0.007811086809952146 0.001815881122864428 0.0009275142715156462 0.0001890990188149543
 0.07850467289719626 0.06292037318290301 0.05941880976696686 0.04147328922681939 0.03206663963731525 0.01301786265483875 0.007749956056950193 0.00184164510169868 0.0009437799066338971 0.0001929410622738164
 0.08674101610904585 0.06439742410303588 0.05828476269775187 0.03903746431276583 0.02951541850220264 0.01188303696473285 0.007407349035862602 0.001778787018639417 0.0009130335539831089 0.0001868363458706484
 0.06822057987492894 0.06296733569460843 0.05691329092735185 0.03860489882854101 0.03031451307313376 0.01314258333903758 0.007760648660883905 0.001827690655741138 0.0009373983874794822 0.0001910182046318333
 0.07838745800671894 0.06323228566114933 0.05756948817126922 0.03959631078275146 0.03128815628815629 0.01255219407229039 0.007628766190620718 0.001865235773338056 0.0009598278127075385 0.0001966963360240995
 0.06970069700697007 0.06119510439164867 0.05778382053025153 0.04103108708244835 0.03200465522257783 0.01301851369684678 0.007671870078899128 0.001808304495635324 0.0009381570726404383 0.0001944150507403444
 0.06523157208088715 0.06300707750733645 0.05961130164951822 0.04268529297632907 0.03260613802144609 0.0136494758319848 0.007957537921359836 0.001879410206905978 0.0009633489512633008 0.0001968483975049167
 0.07380073800738007 0.06331699346405228 0.05928475807993881 0.04076771563373185 0.03260431549254497 0.01298076221868938 0.007613601932922613 0.00185646349330173 0.000957416252672787 0.0001965992695244919
 0.07927829414980864 0.0659090909090909 0.05730092867022327 0.04044330059351856 0.03196796177896438 0.01305576677522561 0.007641793050167111 0.00186376983583611 0.0009547153194789203 0.0001964175424276772
 0.06699147381242387 0.06577216521967903 0.06139213143104193 0.04365506518359048 0.03294521166170232 0.01260649719470804 0.007545330933498911 0.001815379669638721 0.0009338930206088788 0.0001908723262962418
 0.07716421509524958 0.06812375816065852 0.06143838091796169 0.03936281444123255 0.02950532478908303 0.0120100131676048 0.007411160602875228 0.00183585920083925 0.0008997132652941476 0.0001869565208743917
 0.08114089009097615 0.06963494408102976 0.06144107242599144 0.04208340165054381 0.03247300944669366 0.01305163553307774 0.007725176834125969 0.001863851363559423 0.0009547339215013874 0.0001949045971829126
 0.0636574074074074 0.05964214711729623 0.05899705014749262 0.04248088360237893 0.03343297671491504 0.01359743190770568 0.007947822952001703 0.00186403925894929 0.0009547395022494831 0.0001949048297615697
 0.07434944237918216 0.06865322816243061 0.06279225116900468 0.04246655031995346 0.03228659885006634 0.012342273011079 0.007472136795161202 0.001796860223188954 0.0009228506565353855 0
 0.06954793840039741 0.05511328842620943 0.04623996106108542 0.04359154223870127 0.03428140892823507 0.01365459562483998 0.00793368759452245 0.001837106098618152 0.0009381623939558888 0.0001910990824855302
 0.07468259895444361 0.06009615384615384 0.05079117015042001 0.04144086707044947 0.03180542563143125 0.0131728045325779 0.007667004674399625 0.001867237525815973 0.0009603166134774132 0.0001967163471483184
 0.07955077211043519 0.07035647279549719 0.06392953544537576 0.04479399968748372 0.03495792853949026 0.01343432899814206 0.007791195948578107 0.001800090387517331 0.0009422617000732439 0.0001927994762214642
 0.08744038155802862 0.07484690405987753 0.06487311581759206 0.04365524157866793 0.03312888928683351 0.01165592956038244 0.006482698204117389 0.001867755373098285 0.0009604666121432085 0.0001967241650996627
 0.05302226935312832 0.03385240352064997 0.05984211866564808 0.04076568592697625 0.03091257401602229 0.0126626313226188 0.007427116320067905 0.001736435765233885 0.0008880102033348199 0.0001887208500781702
 0.05982053838484547 0.06398664626512728 0.0587409015451411 0.04021633615309943 0.03197158081705151 0.01301493888637392 0.007581501137225171 0.001759462369498572 0.0009149504856051034 0.0001887095287585376
 0.07751937984496124 0.06424965580541532 0.056 0.03915148063781321 0.03063615065777617 0.01304944140401337 0.007792744795559726 0.001858535132951638 0.0009533101750296937 0.000194843990603748
 0.07859454461396209 0.06567510141008305 0.06035087719298245 0.0456149877816997 0.03530895334174023 0.01307516013398366 0.007496946468432801 0.001710729155053571 0.0009343120251797091 0.0001908869382629885
 0.06044905008635579 0.06694970607446114 0.06236416895020316 0.04401962017356308 0.03289937491187668 0.01251359363594381 0.007370283018867924 0.001718734782035784 0.0008786016566522348 0.0001947055585059408
 0.06682867557715674 0.04930524428507396 0.04351373402230079 0.03821815675709542 0.02859151628779001 0.01229884908664863 0.00742878144524988 0.001794457205029013 0.0009451704682451657 0.0001945023320432668
 0.07806080525883319 0.06451612903225806 0.05519215044971382 0.03608479927830401 0.03138641365128612 0.01266970931655557 0.007682255573595216 0.001837876551537279 0.0009499594328548316 0.0001947052103511648
 0.07466973004020679 0.05651595744680851 0.04704652378463146 0.03952795600366636 0.03113809746224506 0.01224162433691202 0.007209162927082152 0.001768695963045544 0.0009427591288905649 0.0001944009356636054
 0.05773672055427252 0.06575619625695497 0.05882352941176471 0.04017632944590146 0.03114634738289783 0.01256168685509197 0.007617567042363001 0.001848477646623888 0.0009506496429243535 0.0001910115534133963
 0.08583690987124463 0.06904833383368357 0.05781799899446958 0.04101775299621867 0.03053143783990078 0.01068180430934505 0.006026326437494081 0.00183648878336366 0.0009474558393733644 0.0001945986561572802
 0.08244589488148402 0.07279344858962694 0.06622516556291391 0.04628290425224183 0.03527943897087295 0.0127940315072294 0.007185444342745696 0.001805606503224433 0.0009251513596316535 0.0001927183459123445
 0.07938007938007938 0.0708128078817734 0.06371049949031601 0.04394977168949771 0.03333720975307206 0.01319204462352486 0.00764392598685577 0.001762908031770669 0.0008996824707627644 0.0001967863399271334
 0.03831417624521073 0.06637674525062943 0.05800118976799525 0.04121212121212121 0.0310475161987041 0.01244864932154861 0.007322014041995818 0.001762921544242624 0.0008997167848033924 0.0001967891563211559
 0.06211180124223602 0.0614406779661017 0.05392339159538862 0.04280450801907239 0.03289340101522843 0.01343348259425105 0.007873176252532128 0.001833968535977305 0.0009373416405236225 0.0001910512015229965
 0.07389812615465823 0.06344890097439383 0.05481874447391689 0.04066157481180285 0.03141716905833404 0.01144341694244271 0.007772842639593909 0.001871289318340337 0.000961399331293354 0.000196764593821234
 0.04511278195488722 0.06002000666888963 0.05769067616866039 0.04231541257527261 0.03289989033369889 0.01277713034077028 0.007468811556139199 0.001738758259101731 0.000951315922310494 0.0001965643724493787
 0.0769704433497537 0.06647116324535679 0.05896374357044285 0.04117755515948621 0.03099555884529978 0.01186952536923239 0.007550928603560183 0.001800794245040707 0.0009246795012181436 0.0001889054816393814
 0.07849829351535836 0.0657030223390276 0.05920663114268798 0.04107220060527454 0.03172924378635642 0.01344786892444493 0.007936058046595997 0.001866652444552803 0.0009554199119258829 0.0001949330534253815
 0.07518796992481203 0.06535038932146829 0.05991077119184194 0.04034188034188034 0.03256829763592475 0.01335641175909394 0.007904245709123759 0.001864887031613641 0.0009549590634385153 0.0001949139395289447
 0.07092198581560284 0.06308610400682012 0.05639362752009024 0.04111991292253734 0.03101187311713628 0.01114861726177573 0.007438945252528449 0.001811365184429052 0.0009531429165595585 0.0001964166851013976
 0.07690032534753032 0.06522717049032838 0.05991840897501275 0.0422250780246007 0.03162160958446533 0.01286946683637392 0.00750131891321551 0.001799968547918005 0.0009236725609939883 0.000192654080065844
 0.07922535211267606 0.06289308176100629 0.0564516129032258 0.03922183871979919 0.02764193068254306 0.01218334447663621 0.006954633736758632 0.001851266621662811 0.0009560746472181126 0.0001965415438199298
 0.03992015968063872 0.07051449464612171 0.06499759268175254 0.04296384427258906 0.03175999218215577 0.01263358154605312 0.007210416931755524 0.00170039433864213 0.0008690387845174393 0.0001964173865496151
 0.08604954367666232 0.07237199203908087 0.06353084911423336 0.04106463878326996 0.03253563936812363 0.0129480313106939 0.007509490014853936 0.001784124706520976 0.0009147715163505678 0.0001869079714857971
 0.06161971830985916 0.05 0.04933586337760911 0.02693266832917706 0.03171325318976326 0.01267168679085891 0.007295230428657678 0.001670615977233537 0.0008940397672775615 0.0001906299047485909
 0.07270083605961468 0.05986231667165519 0.05097517730496454 0.02561532464639715 0.03325508607198748 0.01276456793421795 0.007289803599128615 0.001719217412233951 0.0008787260425108133 0.0001925390903976984
 0.08490824431662558 0.07209499575911789 0.06365268483760404 0.04130386246930118 0.03280743143615453 0.01310787783457858 0.007546473700539153 0.001856725229296093 0.0009528281982699362 0.0001948250490939244
 0.0662251655629139 0.06775921840529467 0.06221133000282778 0.04374510316009402 0.03256592337961916 0.01178252819390675 0.007137114636827512 0.001754276756964762 0.0009433662580992325 0.0001962435807039832
 0.06731488406881078 0.04756871035940804 0.05854956753160346 0.04186893203883495 0.03166616058647465 0.01138437066263275 0.007238043154821744 0.001828856719445838 0.0009407511073222441 0.0001927391773971389
 0.07778738115816768 0.06959033613445378 0.06419573643410853 0.04417119321912493 0.03325272067714631 0.01278568003835704 0.007368579706261618 0.001849241527926378 0.0009508553331826194 0.0001947432052505948
 0.07370054305663304 0.06698422149449242 0.06115792334873607 0.04104160769883951 0.02980932312278357 0.009670704322313102 0.007526424293988677 0.0017706933121104 0.000906501663869183 0.0001926132998093525
 0.07995735607675906 0.06869704602702084 0.05995203836930456 0.03977101536607412 0.0301108627218395 0.01211625768214531 0.007038871130691134 0.001653081000969048 0.0008471325051558238 0.0001965094756273664
 0.03929273084479371 0.02624671916010499 0.05592199598508747 0.03760707570165053 0.02911706774000171 0.0112394445348201 0.006429127330558657 0.001724231639275748 0.0008895128370238448 0.0001826887696248943
 0.08145849495733126 0.06599622878692646 0.06037952846463485 0.04289572631467457 0.0334907988436861 0.0136812696218209 0.007986829880523544 0.001872072498872936 0.0009568882774351097 0.0001968666387606549
 0.07125890736342043 0.06772356472217947 0.06169377453729669 0.04411845805989081 0.03394601755257493 0.01274859765425803 0.007301597958909628 0.001811269492372857 0.0008101584103715893 0.0001651376183295594
 0.08128245653646422 0.070183382386235 0.06511627906976744 0.04403545418619093 0.03385563609531664 0.01273009276872202 0.007757325015757066 0.001851474000015114 0.0009514387598675365 0.0001965709683741139
 0.07825370675453047 0.06270528515974919 0.05275056518462697 0.03707772589947816 0.02714932126696833 0.00885710536674977 0.004840401215478528 0.001797805541782893 0.0009231080172417144 0.0001888388300341202
 0.07452871547566857 0.06989819176416957 0.06335529650278762 0.04336909381419767 0.03326039387308534 0.01318623357215067 0.007572825336990727 0.001863105062188189 0.0009592270374127611 0.000196674687947795
 0.08169934640522876 0.06559527714004593 0.05901537505823886 0.04187802288545476 0.032361212774974 0.01308335581332614 0.007776548495197782 0.00184330396082314 0.0009445564820432023 0.0001944080700773645
 0.05257623554153523 0.07010834926704908 0.06230910201588271 0.0412052536698429 0.03067778736458633 0.01284869942609142 0.007601733842272109 0.001833208284589522 0.0009418975448518016 0.000192786984294817
 0.0791295746785361 0.06673436819962281 0.06104033970276009 0.04197761194029851 0.03097649719736454 0.0111441874666056 0.006287737189812143 0.001410409984929866 0.0007168895243781719 0.0001964952784566348
 0.08588114050154586 0.07065354529396921 0.05960264900662252 0.03414544112218531 0.03038651648974962 0.01229179902218048 0.007235772357723577 0.001757545634766898 0.0009030388714538731 0.0001848364545188041
 0.07683863885839737 0.07093204709887928 0.06456419170598461 0.04550986929142192 0.03544628379652325 0.0139045026921484 0.00796532150552961 0.00182429889313065 0.0009300449554361617 0.0001927942263495646
 0.06983240223463687 0.06715088392490064 0.06150818058801821 0.04068775429846436 0.03204394598306248 0.01279881682048948 0.00744324525493115 0.00172282435997075 0.0009425601878124053 0.0001928148059507817
 0.07942511346444782 0.06495193556767992 0.05721354569352095 0.03927375740406902 0.03241491085899514 0.01324312652943717 0.007662643778682859 0.001763959244872055 0.0009249297783576168 0.0001965890411339733
 0.07665873645255088 0.06557377049180328 0.05736491487786825 0.04092387038905707 0.0313337456194599 0.01258413813286509 0.007230901172078632 0.001652495556516309 0.000842209173420662 0.000196647146292367
 0.07817811012916384 0.0654837346852556 0.05715218811234488 0.04058638236006785 0.03073496659242762 0.01148272503960813 0.006616803330178486 0.001791148333477882 0.0009213604323217119 0.0001887656238326337
 0.0722543352601156 0.06621004566210045 0.05989654233596515 0.04188272836059035 0.0329208763764332 0.01350837941660686 0.007890778474613886 0.00187529479065838 0.0009624582934739494 0.0001968040219585579
 0.07026789635485288 0.05603985056039851 0.05053239487457137 0.03504505793162638 0.0318645926128966 0.01323334803705337 0.007694153270842468 0.001852523969391767 0.0009517270446835848 0.0001948111842293588
 0.05870841487279843 0.06063545961678389 0.05933791380387258 0.04190962099125364 0.03166735508742943 0.01302700142112743 0.007449104837685698 0.001870098076254666 0.0009610876016786996 0.0001967524321780454
 0.06830601092896174 0.06335797254487856 0.05815602836879433 0.04114939322081183 0.02994893951296151 0.01182561543675459 0.006838062993570553 0.001840035834233216 0.000953085107611973 0.0001964148145973109
 0.0380952380952381 0.02557544757033248 0.0171919770773639 0.0462204540135736 0.03500189769324843 0.01309574608966907 0.007508014172431247 0.001863697802342612 0.0009593934307715267 0.0001967145100199218
 0.08012820512820513 0.06514657980456026 0.06046680372475511 0.03931236673773987 0.03063236960261844 0.01163883790679977 0.006632878669342495 0.001834716621397714 0.0009423166222709248 0.0001928049179962918
 0.07385524372230429 0.06006006006006006 0.05699481865284974 0.04030507843988342 0.03062381852551985 0.0120241656402135 0.007560841143577223 0.001816606050055066 0.0009328140668361279 0.0001908261140766461
 0.03992015968063872 0.01984126984126984 0.01276324186343331 0.04119729642742195 0.03053717669920881 0.01257609969417212 0.007367869539590018 0.001718747911243858 0.000878628246531371 0.0001925351158247589
 0.07786613651424784 0.06939854593522803 0.0641025641025641 0.04415152290760174 0.03301307825792526 0.01260734785897569 0.007203267741224724 0.00163624533670079 0.0008331952843107367 0.0001968303944302168
 0.07068607068607069 0.06802721088435375 0.06288648988575621 0.04309354171454838 0.03305043251183287 0.01239981853924089 0.007467034274507873 0.001786426956042494 0.0009153968781071151 0.0001869351426533892
 0.07784625364904314 0.06770145310435931 0.06047214792417723 0.04151530877010898 0.03064158770565219 0.01049968978189281 0.006413393866770181 0.001584066202516184 0.0008100287413812454 0.0001651327229391237
 0.03861003861003861 0.06974941875484371 0.0641558750148509 0.04124408384043272 0.03189668585654271 0.01260741663889171 0.007557964713244317 0.001801487459750978 0.0009240984446936809 0.0001926596666987766
 0.07459207459207459 0.06164247365281368 0.06028263662417235 0.04188207578038087 0.0319926873857404 0.01281816517121406 0.007583580740931973 0.001801081027791628 0.0009567426681136997 0.0001966064925024412
 0.08029057541579047 0.07157464212678938 0.06359525155455059 0.04354221829949986 0.03313333930330438 0.01295242530525519 0.007460184409052808 0.001708958591357278 0.0008712916262021866 0.0001907356894091823
 0.07820383451059536 0.06742061765985211 0.05884586180713744 0.04151125015040308 0.031336735607485 0.01306553617346584 0.007671528021480278 0.00180596348151739 0.0009252757078115671 0.0001889299761868681
 0.0827300930713547 0.06796941376380629 0.05649717514124294 0.04084197298146403 0.03220957698088898 0.01336265694162189 0.007841215388385199 0.001859148623755746 0.0009601312761308455 0.0001967132983157169
 0.07303906001905368 0.06070203219846926 0.06009190526687876 0.04289390906491278 0.03249219343404507 0.0123547580526548 0.007084004486536175 0.001615219987193613 0.0009305301113728227 0.0001907309904282845
 0.08438818565400844 0.06901840490797545 0.06114130434782609 0.04309404320314204 0.03320158102766799 0.01297209647996757 0.007705087765765332 0.001824852205980193 0.000934985400592547 0.0001909174598193324
 0.0390625 0.06942590120160214 0.06351222610352493 0.04389657245941071 0.0332089891729597 0.01253761283851555 0.007554934014884827 0.001787408656762395 0.0009164437303549563 0.0001869794660741672
 0.07874015748031496 0.06767765384133351 0.0611193573736139 0.0432608573515366 0.03306318293617193 0.01273696682464455 0.007281471195854642 0.001655160733428666 0.0008429199137869354 0.000194491060555784
 0.07606787595084845 0.06663249615581754 0.05949724825226833 0.04333082140165787 0.03234302083814628 0.01306929567860897 0.007615220719881396 0.001818050973604172 0.0009474778237014478 0.0001946374212686666
 0.08822232024702251 0.07727975270479134 0.06566122909613215 0.04493065051767924 0.0338382210763777 0.01273421866472622 0.007368394611024123 0.00183057206320569 0.0009412312663441898 0.0001927599750803084
 0.07550731477111845 0.06850655705617538 0.06212445259191364 0.04246432300730944 0.03080898429735639 0.01295544201347948 0.007748628176542214 0.001859473161920267 0.0009535884604119697 0.0001947047074631308
 0.07682458386683738 0.06036217303822938 0.05146150679291889 0.03894790085988872 0.03063701110094298 0.01231806082573484 0.007177033492822967 0.001762942939413528 0.0009044897705124664 0.0001944403164456628
 0.08461705359080061 0.07086524174191336 0.06506506506506507 0.04467609828741623 0.03251566011571749 0.01218701528916464 0.007177708778579781 0.001800793881898573 0.0009424887532914234 0.0001928117781360587
 0.0782122905027933 0.06408613176108689 0.05424577508867098 0.04359472661379274 0.03401081789870513 0.01301078036087044 0.007549674368440702 0.001746295837866986 0.0008906070318807957 0.000190821448569346
 0.07465618860510806 0.05986465382613222 0.05063291139240506 0.03704739270236265 0.02992987857020694 0.01226468910439247 0.007124277217224183 0.001840894637604085 0.0009533365817394637 0.000196425999183344
 0.08199643493761141 0.07131280388978931 0.0664451827242525 0.04591458899037275 0.03629834901057726 0.01306353504701512 0.007737754600336914 0.001583679325925022 0.0008099338879266181 0.0001651283206211053
