# Created by Octave 3.0.1, Sat Sep 05 13:45:07 2009 PDT <jwawerla@daneel>
# name: prt
# type: matrix
# rows: 200
# columns: 10
 246.4 340.4 434.6 525.6 714.2 1062.2 1907.3 2054.4 2121.6 2280.6
 92.09999999999999 108 144.4 838.3 917 1463.6 1512.9 1661.1 1728.5 3259.4
 77 170.6 186.2 881.5 1163.8 1316 1368.8 1923.3 1990.7 2143.4
 178.9 221.1 264.7 692.1 725.3 1563.2 1617.4 1764.1 1831.6 1986
 146.6 264.9 284.1 890 923.3 1200.4 1565.2 1712.5 1780 1935.5
 204.5 230 248.6 697.3 731.2 1419 1888.6 2277.7 2619.6 2775.7
 117.5 272 291.4 778.5 812.6 1277.1 1698 0 0 0
 137.6 159.8 176.5 586.5 917.8 1726.1 1779.8 1927 1994.2 2637.6
 183.1 227.7 246.9 288.6 606.9 1019.6 1361.5 2148.8 2869 3025.2
 178.8 298 339.8 463.7 792.8 1081.7 1136.1 1953 2019.2 2633.5
 158 180.8 198.5 648.7 842.4 1371.8 2086.1 2436.8 2503.1 2659.7
 124.8 145.5 243.5 324.8 1118.5 1220.4 1274.4 1429 1495.4 1652.3
 101 245.7 265.1 662.4 838.4 1098.1 1152.6 1307 1373.6 2747.7
 86.3 138.1 317.7 813.9 1077.1 1502.6 1557.3 1711.4 1778.1 2525.6
 56.3 125 165.5 585.6 613.8 1284.5 1339.5 2426.2 2492.9 2648.3
 145.6 458.8 640.9 721 750 1129.8 1378 1688.8 1755.6 2559.2
 128.7 433.9 474 522.4 551.9 867.8 923.3 2033.8 2100.6 2256.1
 58.1 139.7 196.3 637.8 667.9 1497.5 1553.1 2353.6 2420.5 0
 59.9 157.6 172.5 908.2 938.5 1504.5 1694 1843.7 1910.6 2065.8
 128.7 203.3 316.6 783.5 853.3 1006.5 1062.4 2008 2074.9 2236.6
 179.7 358.5 376.7 752.9 821.9 925.4 981.5 1641.3 1708.3 1869.9
 75.90000000000001 145.4 331.3 1029.5 1060.4 1215.1 1271.4 1420.2 1792.7 2588.5
 104.5 177.8 192.9 685 753.7 858.1 914.7 2818.2 2885.1 3046.1
 290.3 414.5 544.2 829.6 929.1 1236.5 1293.2 1670.1 1737 1898
 181.9 395.4 458 503.7 771.3 1184.3 1241 2300.2 2367.1 0
 40.1 75.5 129 811.2 842.4 947.6 1456.3 1603.5 1670.4 0
 128.1 416.8 434.5 675.5 1004.4 1373.1 1580.3 1727.6 1794.6 1946.8
 86.09999999999999 184.8 200 572.2 640 1196.8 1253.4 1733.6 1800.6 3414.9
 137.9 295.6 333.8 544.6 576.1 1380.1 1627 2118.7 2185.7 2353
 82.09999999999999 175.9 316.4 457.5 489.1 1490.2 1546.8 1694.1 1761.1 0
 134.6 152.4 166.3 499.6 576.1 1026.2 1082.9 2015.7 2082.8 2235.6
 108.2 124.1 136.7 805.9 838.1 1129.6 1186.4 1894.3 1961.4 2131.5
 83.8 135 148.4 524.7 714.8 1434.7 1491.5 2030.2 2584.9 2754.6
 85.90000000000001 232 554.6 739.9 772.3 1021.6 1502.1 1648.1 2194.8 2746.9
 217.5 239.1 254.8 450.5 482.8 1028.2 2149.6 2295.6 2802.9 2971.8
 98.8 113.9 125.5 337 990.4 1094.2 1150.2 1296.3 0 0
 196.9 218.1 233.7 804.2 836.2 1158.2 1214.3 2003.7 2066.7 2225.8
 74.7 215.6 453.2 548 887.9 1434.6 1490.7 0 0 0
 183 258.9 565.2 611.7 643.6 1485 1541.1 0 0 0
 71.40000000000001 201.4 216 827.2 906.5 1089.3 1769.8 2120.2 2187.4 2346.4
 83.09999999999999 194.3 230.7 668.7 700.8 1003.1 1449.7 2096.2 2165.2 2333.5
 74.3 175.1 368.3 448.3 480.3 877 1815 2140.6 2209.6 2835
 158.8 296.7 357.6 467.1 869.6 1212.3 1267.3 2399.6 2468.5 2986.5
 117 133.7 146.1 566.2 704.4 808.6 1620.8 1771.4 1840.3 2007.7
 58 68.09999999999999 387.4 433.3 510.4 1095.4 1149.6 0 0 0
 57.8 67.90000000000001 123.7 735.7 768.1 872.4 1550.8 1699.2 1766.7 3259.1
 130.6 148.7 251.7 294.7 325.8 1178.8 1232.9 1385.3 2069.8 2236.5
 114.6 151.1 206.7 248.2 855 1361 1415.2 2442.3 2510.8 3098.9
 59.3 124.8 426.5 777.2 911.7 1204.8 1477.4 1629.2 1697.7 3173.3
 131.1 149.5 184.6 487.5 519.6 1311.4 1690.1 1841.8 1910.3 2076.1
 73.2 128.4 140.2 860.7 1123 1358 1662.4 1814.1 2194.8 2806.6
 164.2 278.5 319 752.1 950 1321 1375.4 1722.5 1790.9 2361.8
 155.8 229.5 307.5 724.4 756.8 1445.4 1722.7 2155.1 2223.5 2388.8
 99 114.9 126.1 638.5 885.4 1313.1 1367.6 2056.6 2124.9 2290.1
 151.6 209.2 291.1 867 942.7 1350.6 1405.1 1556.4 1624.7 1789.8
 148.2 351.5 367.8 684.5 764.3 1027.8 1612.8 1764 1832.3 1997.2
 60 203.1 261.7 697.2 729.6 833 887.4 1038.6 1106.9 0
 57.1 67.5 75.2 582.2 614.7 1546.5 1601 0 0 0
 125.7 144.1 583.1 722 823.5 1250.4 1305 1982.4 2049.6 0
 62 73.3 125.8 691.8 1112.3 1215.7 1965.9 2329.1 2397.4 2543.5
 60.3 71.3 123.8 459.6 1026.6 1258.7 1313.2 1829.5 1897.8 2065.7
 130.6 190.9 391.5 565.2 1015.8 1445.9 1500.4 1652.8 1721.1 3795.5
 145.7 222.9 237.2 548.1 580.1 1479.2 1533.8 1923.8 1992.1 2159.5
 74.2 144.8 586.6 631.6 707 1611.1 1782.6 2145.6 2213.9 0
 75.09999999999999 109.5 119.6 374 1192.1 1688.6 1743.3 0 0 0
 139.4 423.9 439.2 559.7 835 1523.5 1578.2 1867.9 1935.3 2094.5
 73.8 107.1 117.1 764.9 796.8 964 1463.9 1617.6 1685.9 2856
 169.6 335.5 483.7 822.2 854.2 1049.2 1429.9 2353.8 2422 2590.5
 57.1 67.59999999999999 120.7 741.2 820.7 1525.1 1681.5 1834.9 1903.1 2071.4
 72 140.7 152.4 812 844.1 1410.5 1770.6 1923.9 1992.1 2160.3
 235.5 259.1 273.6 735.7 805.6 1402.4 1574.4 1727.7 1795.9 2767.9
 138.8 158.4 218.6 813.5 1065.6 1222.3 1923.4 2343.2 2411.4 2579.2
 235.4 317.9 393.4 591.1 790.3 1409.4 1619.5 2299.2 2367.3 2535
 158.6 265.9 280.7 834.5 906.7 1478.6 1533.2 2000.6 2068.8 2704.1
 142.2 162 390.6 739.8 772 926 980.6 1857 1925.1 2092.4
 161.9 343.8 402.3 446.2 923 1165.7 1220.3 1920 1988.2 2155.4
 88.59999999999999 233.5 625 724.8 800.5 1034.8 1267.7 1420.2 1488.3 2994.3
 148.9 298.6 337.9 381.7 413.2 971.9 1749.7 1902.1 1970.2 2665.5
 166.5 325.5 340.2 743.2 775.4 1232.8 1588.2 2009.2 2077.3 2932
 183.8 205.4 218.7 504 836.7 1113 1611.4 2019 2874.3 3040.6
 178.2 199.6 343.1 776.3 1125.3 1228.6 1283.1 1814.3 1882.1 0
 214.1 301.5 357.5 628.4 785.6 1442.1 1862.4 2014.5 2082.4 2226.1
 129.1 203.1 216.4 659 933.2 1196.7 1251.2 2015.4 2083.2 2250.7
 85.8 173.4 253.1 686.4 1000.1 1103.4 1158 0 0 0
 41.1 48.6 53.8 332.4 1032 1612.6 1667.2 2123.4 2190.6 2349.6
 209.6 232.3 268.7 748.6 780.1 1011.9 1682.4 1835.2 1903.1 2718.1
 181.1 221.2 235 276.6 306.4 1696.7 1751.3 1904 1971.9 2138.9
 175.8 254 468.6 845.2 922.8 1653.2 1843.3 1995.9 2063.8 2230.7
 86.09999999999999 155.5 480.4 649.9 762.6 1329 1383.6 1909.6 1977.5 2144.3
 155.4 176 188.5 570.1 601.9 1382.1 1436.8 1589.2 1973.5 2759.2
 238 313.1 327.9 480.7 512.4 1416.2 1584.4 1919.6 1987.4 2632.3
 71.40000000000001 184.9 197.9 361.1 392.4 1421.1 1475.9 1628.2 1696.1 2966.3
 73.09999999999999 517.8 612.9 659 811.1 1104.7 1583 1735.3 2337.4 3012.5
 72 365.7 423.8 523.1 592.3 1233.9 1288.7 2114.7 2182.5 2743
 132.1 308.5 345.7 907.5 939.6 1041.7 1619.6 1771.7 1839.5 2005.5
 150 169.7 182.2 850.3 973.2 1403.4 1571.7 1723.8 1791.6 0
 194.7 276.1 404 541 614.5 1354.6 1624.4 2098 2165.8 0
 73.09999999999999 126.2 137.1 906.9 939.2 1306.6 1361.4 2086.4 2443.5 2588
 108.9 125.7 136.7 629.7 758.2 1155.2 1209.9 2154 2221.8 2389.8
 129.9 148.5 160.4 632 664.3 1659.2 1714 2167.6 2235.3 2403.2
 328 352.7 390.4 1405.5 1437.9 1733.2 2033.1 2184.7 0 0
 687.7 841.7 857.6 1167.5 1200.1 1769.8 1824.9 2580.3 2570.4 2729
 261.2 639.5 883.9 929.8 962.5 1113.1 2230.9 2529 2597.8 3611.4
 599.6 624.7 683.4 1299.3 1332.2 1487.2 1541.9 2606.6 2675.4 3315.2
 493.7 719.5 735.5 1317.7 1704.8 1808.5 2124.6 2693.7 2762.5 2930
 315 1024.1 1102.2 1250.6 1370.2 1789.8 1844.6 1996.1 3157.9 3325.4
 528.4 552.7 1095.4 1218.6 1395 1557.1 1612.1 2072.9 3168.6 0
 58.9 738.3 1127.8 1487.2 1557.9 2120.8 2175.9 2326.5 0 0
 221.2 494.5 1004 1416.7 1450 1872.9 2052.6 3092 3082 3240.3
 324.6 676.3 691.1 1664.5 1811.1 2055 2110.4 2261.1 2709.6 2879
 387 468.5 703.5 1132.6 1166.3 1655.8 2442.6 2747.3 2816.7 2986.1
 271.1 484.5 1007.7 1324 1573.7 1679.2 2790.8 0 0 0
 520.6 597.3 611.8 1198.2 1232.3 1862.9 1918.1 1999.1 2066.3 3225.3
 44.9 71.40000000000001 78.40000000000001 1213.7 1377 1797.8 1853.1 3122.3 3191.7 3360.9
 481.7 597.9 762.5 1039.1 1073.5 1277.5 1838.9 2389.2 2458.6 2627.8
 122.9 428.6 443 1347.3 1463 1919.3 2183.1 2335 2404.4 2573.6
 492.6 630.6 993.1 1040.3 1221.7 2140.1 2195.4 3019 3887.8 4486.9
 160.3 261.4 274.9 1098.1 1132.5 2718 2773.3 2925.5 3667.7 3836.7
 207.3 869.1 883.8 931.1 1005.9 1855.4 2629.6 2781.9 2851.1 0
 598.7 860.8 914.4 1059 1359.8 1733.8 1789.3 1941.6 2010.8 0
 155 703.5 1049.4 1147.7 1182.4 2169.6 2225.1 2805.5 2874.7 2954
 160.5 178.2 606.5 1126.3 1203.9 1973.5 2029.1 2740 2809.1 2978.7
 192.6 673.1 871.5 965.4 1613.4 2337.9 2393.4 2545.7 2614.9 2784.4
 342.4 394.4 640.2 1509.8 1648.9 2110.3 2165.9 2795 2864.2 0
 290.7 430 518.2 1155.4 1251.8 1884.1 1939.8 3042.4 3111.5 3192.6
 291 502.1 931.5 980.2 1684.5 1791.2 1846.9 2937.3 3309.2 3478.6
 299.7 320.8 726.6 998 1381.3 1695.8 1751.7 2864.6 2933.7 3102.1
 336.2 537.7 571.2 1086.8 1158 2026 2327.4 2791.4 2860.6 4077.1
 210.2 470 614.1 1338.4 1373.1 1794.5 1850.6 2002.6 2724.7 2893.1
 400.8 1028.3 1042.1 1250.2 1586.5 1845.3 1901.4 2053.6 2122.6 2290.9
 283.3 303.8 370.8 1084.3 1787.4 2172.3 2228.5 2701.4 2770.4 3267.6
 258.4 628.9 642.8 1200.3 1234.8 1850.6 1906.8 2815.5 2884.5 0
 369.7 390.8 404.5 1163.9 1198.5 2023.7 2080 2634 2703 2793.7
 313.5 385.2 399 898 1719.6 2310.3 2549 2701.4 2770.4 2938.5
 218.7 238 696.6 777.2 884.1 1733.4 1789.8 3477.5 3546.5 3714.5
 256.7 276.9 343.8 454.3 1647.8 2025.4 2082.1 2968.3 3037.4 3205.3
 323.7 389 573 1148.7 1219.4 2223.3 2280 0 0 0
 357.8 425.3 516.3 1296.6 1720 1875.5 1932.3 2710.6 2777.3 2935.8
 93.7 364.3 861.4 1145.9 1556.5 1755.2 1812.1 2940.1 3008.6 3176.2
 237.9 512.9 615 1199.4 1642.1 2419.9 2476.8 2628.1 2696.6 0
 162.4 384.5 666.5 1125.4 1220.2 1386.6 1443.5 2992.1 3060.6 3142
 333.2 403.1 416.6 1498 1532 2174.8 2442.2 2593.2 2661.6 2830
 230.3 813.8 846.8 1070.9 1264.1 1599.3 2172.3 2607.3 2675.8 2844
 235 286.3 299.4 958.6 992.8 1101.6 1158.9 2846.1 2914.5 3082.7
 415.6 584.6 598.5 1406 1440.2 1969.2 2026.8 2177.5 2245.9 3067.4
 124.9 140.1 652.4 1149.7 1308.9 1418.1 2437.8 3040.6 3109.1 3277
 366.7 387.8 401.2 1313 1347.3 1456.5 2593.9 2888.5 2956.9 3124.9
 248.7 268.6 596 1388.9 1838.9 1948.5 2272.9 2423 2796.9 2964.8
 205.8 680.2 712.1 1022.4 1621.5 2033.1 2090.5 2240.8 2909.9 3077.8
 134.7 258.9 950.4 1079.3 1452.9 2013.2 2070.7 2676.6 2745 2912.9
 443.2 464.5 477.7 1024.3 1058.4 1579.6 1924.7 2973 3041.4 3209.3
 233.5 252.9 378.4 1106.6 1564.5 1804.4 2277.3 2427.6 2496 3430.1
 202.6 394.7 461.7 1015.4 1394.4 2084.2 2379.1 2731.8 3461.6 3629.3
 105.3 119.1 954.5 1081.9 1116.1 1698.9 2190.8 2341.1 2409.5 3300.3
 138.1 185.2 319.1 1303.7 1338 2006.5 2064.1 2214.5 2282.9 3355
 279.5 554.7 567.6 1344.2 1452 2281.8 2339.4 2489.8 2558.2 2725.6
 296.5 466.6 479.5 1319.6 1516 2221.7 2440.8 2591.3 2659.7 2827
 135.7 327 600.5 927.1 1031.7 1304.7 1987.1 3800 3868.4 4035.2
 76.3 540.4 553.3 1127.5 1462.5 2463.7 2847.4 2997.2 3065.5 0
 40.1 708.4 721.5 800.7 1029.8 1447.5 1942 2722.4 3190.1 3276.5
 103.1 209.6 425.4 502.5 1713.4 1872.4 1930 2079.8 2904.4 3596.5
 218.3 606.6 686.9 1251.2 1285.4 1828.8 1886.4 3139.3 3207.6 3374.8
 163.6 180.2 278.1 1238.1 1516 2095.8 2328.5 3127.8 3929 4096.2
 211.9 341.1 544.7 1148.2 1252.1 1455.2 2630.3 2991.2 3855.8 4022.9
 364.8 385 417.2 1181.6 1215.9 1327.3 1384.8 2482.4 3039.7 3206.1
 102 424 503.5 1476.5 1510.9 2096.4 2154 2516.4 2584.5 2750.8
 280.1 343.2 479.4 579 1465 2240.5 2298.1 2913.8 2981.9 4336.2
 40.1 573.3 586.6 818.7 1082.4 2003.8 2362.9 2911.1 2979.2 3145.5
 40.1 712.5 726 1009.8 1044.1 1730.5 1788.2 2338.1 2406.2 0
 40.6 63.1 593.9 933.5 1335 1765.9 1823.7 3357.3 3425.4 3517.2
 232.7 333.2 384 822.5 1608.2 1935.8 2611.1 2760 3141.3 3308
 398.3 589.5 653.2 977.3 1128.5 1861.6 1919.4 3306.8 3375 0
 140.4 553.4 645.7 1262.7 1553.2 2031.5 2089.5 2238.4 2640.6 2725
 323.3 388.4 676.5 1128.5 1198.1 2069.3 2127.3 2772.6 2840.7 3487.5
 54.7 371.6 384.6 1329.3 1402.4 1913 1971.1 2653.3 0 0
 431.1 569.6 842.1 1113.8 1301.7 1836 2375.9 2930.1 2925.5 3084
 261.6 650.1 699.5 1307.4 1648.3 1760.1 1925.1 2074.3 2143.1 3129.9
 222.8 373.6 752.5 1263.5 1297.9 1732.6 1790.7 1939.8 2008.6 3869.5
 244.6 277.9 290.4 1050.6 1085 1542.6 1600.8 3346 3414.8 3581.9
 504.4 565.3 876 926 1537.1 1923.8 0 0 0 0
 251.2 329.3 486.7 1045.8 1790.6 1944.7 1939.8 2086.3 2153.4 3505.7
 218.6 236.4 248.5 915.9 1489.2 2035.9 2094.9 2726.9 2795.7 2962.1
 246.7 280 292.6 395.4 1555.5 1743.9 1803 0 0 0
 237.9 256.2 333.3 907.1 940.9 1982.7 2041.8 2131.3 2198.3 3901.8
 184 201 275.1 772.4 1622.5 1892.5 2052.6 2201.9 2270.7 3062.2
 40.1 40.1 51.9 1038.8 1146.6 1983.8 2202.7 2352.1 2420.9 3798.9
 40.2 714.3 727.9 896.8 1554 1883.7 2288.8 2719.3 2788.1 3469.2
 315.1 400.5 413.9 1145.9 1217.2 2177.8 2237 2588.2 2657 2822.9
 255.4 274 286.8 1098.6 1401.8 1807.1 2685.9 2835.3 2904.1 3070
 289.1 308.1 645.9 993.7 1027.5 1548.5 1607.6 1757.2 1826 3829.8
 242.2 705.1 718.7 1169.5 1311.2 1884.3 1943.5 2993.5 3062.3 3227.8
 247.6 592.8 676.3 726.2 1484 1965.2 2024.4 2173.9 2242.7 3067
 146.5 231.4 343.5 889.8 1911.3 2024.5 2083.7 2897.9 2966.7 3132.1
 154.7 241.9 606.4 678 1411.3 1669.2 1916.9 3002.7 0 0
 200.7 408.4 421.8 1243.5 1337.7 1673.9 2378.2 0 0 0
 443.6 601.6 824.4 954.7 988 1179.1 2371.9 2674.7 3789.5 0
 187.5 382.8 431.8 853.9 1308.8 1831.2 1890.3 2040.4 2109.7 3357.8
 161.4 408.7 660 1066.9 1100.2 2205.6 2264.8 2415 2484.3 2649.6
 208.8 505.2 836.1 1146.1 1532.7 2033.4 2092.5 2242.8 2312.1 3201.1
 79.90000000000001 90.3 98 1175.9 1275.1 2164.1 2223.3 2373.7 2442.9 3354.1
# name: collected
# type: matrix
# rows: 200
# columns: 10
 16 20 24 25 29 34 44 44 44 44
 5 5 6 26 27 39 39 39 39 48
 4 8 8 36 42 43 43 48 48 48
 13 14 15 29 29 48 48 48 48 48
 10 15 15 39 39 42 46 46 46 46
 14 14 14 29 29 42 46 47 48 48
 8 15 15 34 34 42 47 0 0 0
 9 9 9 24 33 46 46 46 46 49
 13 14 14 14 26 31 34 41 46 46
 12 18 19 22 35 39 39 46 46 47
 10 10 10 27 32 39 47 48 48 48
 9 9 13 14 43 43 43 43 43 43
 6 14 14 29 33 36 36 36 36 47
 5 7 15 34 40 46 46 46 46 48
 3 6 7 23 23 40 40 48 48 48
 10 27 36 37 37 42 44 45 45 48
 8 26 27 27 27 31 31 49 49 49
 3 7 9 30 30 45 45 49 49 0
 3 8 8 35 35 44 45 45 45 45
 9 12 17 35 36 37 37 47 47 47
 13 22 22 34 35 35 35 39 39 39
 4 7 16 44 44 45 45 45 46 49
 6 9 9 30 31 31 31 49 49 49
 20 26 31 40 42 45 45 46 46 46
 12 24 26 26 34 42 42 48 48 0
 2 3 5 33 33 33 39 39 39 0
 8 25 25 32 41 45 47 47 47 47
 5 10 10 26 27 38 38 41 41 48
 9 17 18 25 25 43 45 47 47 47
 5 10 17 21 21 47 47 47 47 0
 8 8 8 22 23 30 30 47 47 47
 7 7 7 35 35 38 38 46 46 46
 5 7 7 21 25 43 43 45 47 47
 5 13 31 36 36 38 45 45 48 49
 14 14 14 19 19 29 45 45 47 47
 6 6 6 15 37 37 37 37 0 0
 13 13 13 34 34 39 39 46 46 46
 4 11 22 24 35 44 44 0 0 0
 13 16 30 30 30 48 48 0 0 0
 4 11 11 33 34 35 41 42 42 42
 5 11 12 31 31 34 42 45 45 45
 4 9 18 19 19 27 47 48 48 49
 10 17 19 21 33 39 39 48 48 49
 7 7 7 24 27 27 48 48 48 48
 3 3 19 19 20 34 34 0 0 0
 3 3 5 34 34 34 43 43 43 49
 9 9 14 14 14 41 41 41 48 48
 7 8 10 10 30 38 38 48 48 49
 3 6 20 31 34 39 42 42 42 48
 8 8 9 22 22 44 48 48 48 48
 5 7 7 37 43 45 47 47 48 49
 11 16 17 33 38 42 42 43 43 44
 10 13 16 30 30 45 47 49 49 49
 6 6 6 31 38 44 44 49 49 49
 10 12 15 38 39 45 45 45 45 45
 10 20 20 31 32 36 46 46 46 46
 3 11 13 31 31 31 31 31 31 0
 3 3 3 25 25 42 42 0 0 0
 8 8 32 35 37 43 43 48 48 0
 3 3 5 28 38 38 46 47 47 47
 3 3 5 20 37 40 40 44 44 44
 8 10 20 25 38 43 43 43 43 49
 10 13 13 23 23 45 45 47 47 47
 4 7 30 30 31 46 47 48 48 0
 4 5 5 14 39 47 47 0 0 0
 9 25 25 28 35 46 46 47 47 47
 4 5 5 35 35 36 42 42 42 49
 11 19 26 38 38 39 43 48 48 48
 3 3 5 32 33 46 47 47 47 47
 4 7 7 33 33 43 49 49 49 49
 16 16 16 34 35 46 47 47 47 49
 9 9 11 33 39 40 48 49 49 49
 16 19 22 28 32 43 45 49 49 49
 10 15 15 33 34 44 44 46 46 48
 9 9 20 32 32 33 33 41 41 41
 10 19 21 21 38 40 40 46 46 46
 5 12 34 36 37 40 42 42 42 48
 9 17 18 18 18 32 44 44 44 48
 11 19 19 31 31 40 43 45 45 49
 12 12 12 21 32 35 41 42 49 49
 11 11 17 33 42 42 42 45 45 0
 14 18 20 29 33 45 49 49 49 49
 8 11 11 29 37 40 40 46 46 46
 5 9 12 26 34 34 34 0 0 0
 2 2 2 13 37 46 46 48 48 48
 15 15 16 36 36 39 46 46 46 48
 12 13 13 13 13 48 48 48 48 48
 11 14 24 37 38 48 49 49 49 49
 5 8 24 28 30 43 43 49 49 49
 10 10 10 25 25 39 39 39 40 43
 17 20 20 24 24 46 47 48 48 49
 4 10 10 15 15 46 46 46 46 49
 4 28 32 32 35 39 43 43 45 47
 4 21 23 25 26 38 38 48 48 49
 8 17 18 38 38 38 48 48 48 48
 9 9 9 36 38 46 47 47 47 0
 14 17 22 25 26 40 42 44 44 0
 4 6 6 37 37 43 43 48 49 49
 8 8 8 30 33 41 41 47 47 47
 9 9 9 25 25 45 45 47 47 47
 25 25 26 83 83 87 91 91 0 0
 52 60 60 73 73 85 85 94 94 94
 19 45 58 58 58 59 92 93 93 97
 48 48 50 82 82 83 83 95 95 97
 40 52 52 76 88 88 91 94 94 94
 23 68 71 75 77 84 84 84 96 96
 47 47 77 80 85 86 86 90 99 0
 3 48 70 83 84 91 91 91 0 0
 17 34 66 83 83 89 90 96 96 96
 23 46 46 87 90 92 92 92 94 94
 30 34 47 67 67 79 94 95 95 95
 21 34 64 74 82 82 98 0 0 0
 42 45 45 74 74 89 89 89 89 96
 2 3 3 79 83 89 89 99 99 99
 37 43 52 64 64 66 76 83 83 83
 8 29 29 79 81 93 96 96 96 96
 38 45 67 67 72 87 87 93 98 99
 11 16 16 61 61 95 95 95 98 98
 16 61 61 61 62 89 98 98 98 0
 47 63 65 69 78 85 85 85 85 0
 11 50 71 73 73 91 91 96 96 96
 14 14 42 66 67 84 84 94 94 94
 15 47 57 59 85 98 98 98 98 98
 27 29 44 84 87 96 96 99 99 0
 23 31 35 67 69 79 79 95 95 95
 22 35 62 62 89 89 89 98 99 99
 24 24 50 59 73 78 78 97 97 97
 26 39 40 69 70 92 94 96 96 99
 17 34 43 84 84 89 89 89 96 96
 31 74 74 81 92 95 95 95 95 95
 24 24 27 65 90 96 96 98 98 99
 20 47 47 73 73 85 85 95 95 0
 30 30 30 66 66 85 85 87 87 87
 25 28 28 55 84 96 98 98 98 98
 18 18 49 50 52 82 82 99 99 99
 20 20 23 26 85 93 93 99 99 99
 26 29 39 68 69 90 90 0 0 0
 31 34 39 74 89 90 90 98 98 98
 6 25 57 69 86 88 88 99 99 99
 20 37 42 71 85 97 97 97 97 0
 12 27 45 65 67 68 68 98 98 98
 26 29 29 84 84 95 97 97 97 97
 17 59 60 69 75 82 91 94 94 94
 19 21 21 54 54 54 54 95 95 95
 34 45 45 86 86 94 94 94 94 97
 9 9 44 69 73 73 90 97 97 97
 28 28 28 74 74 74 98 99 99 99
 21 21 42 81 95 95 98 98 99 99
 15 49 50 62 84 90 90 90 97 97
 10 18 64 68 81 94 94 99 99 99
 40 40 40 69 69 84 88 97 97 97
 17 17 24 68 85 88 95 95 95 97
 16 28 31 64 77 91 94 95 99 99
 7 7 66 70 70 84 90 90 90 98
 10 12 19 77 77 89 89 89 89 96
 23 40 40 76 78 98 98 98 98 98
 26 36 36 79 84 94 96 96 96 96
 10 24 41 59 61 65 82 99 99 99
 5 39 39 66 77 93 98 98 98 0
 2 58 58 59 65 75 82 94 96 96
 7 13 26 27 86 87 87 87 92 96
 17 46 50 76 76 90 90 99 99 99
 13 13 18 69 79 87 89 94 98 98
 16 23 37 68 70 72 94 96 99 99
 33 33 34 74 74 74 74 95 99 99
 7 29 33 85 85 97 97 98 98 98
 25 28 35 37 75 89 89 93 93 99
 2 44 44 53 64 90 94 97 97 97
 2 54 54 65 65 85 85 89 89 0
 2 3 39 54 68 76 76 92 92 92
 19 25 27 48 83 88 97 97 98 98
 32 45 48 60 64 83 83 98 98 0
 10 40 45 77 88 97 97 97 99 99
 26 29 47 69 70 91 91 95 95 97
 3 29 29 76 77 91 91 98 0 0
 36 45 62 72 78 87 96 98 98 98
 21 50 52 83 94 94 95 95 95 97
 19 29 54 77 77 86 86 86 86 98
 22 23 23 64 64 70 70 98 98 98
 43 46 66 66 93 98 0 0 0 0
 21 25 34 61 91 92 92 92 92 99
 18 18 18 54 77 87 87 93 93 93
 19 20 20 23 85 86 86 0 0 0
 19 19 23 53 53 86 86 86 86 99
 14 14 18 47 91 95 96 96 96 99
 2 2 2 64 66 88 90 90 90 97
 2 54 54 59 82 87 93 95 95 97
 26 31 31 69 70 94 94 95 95 95
 20 20 20 65 74 82 96 96 96 96
 24 24 46 63 63 73 73 73 73 99
 20 53 53 74 77 88 88 98 98 98
 20 46 50 50 84 92 92 92 92 99
 11 16 22 49 93 93 93 98 98 98
 12 17 44 45 82 85 87 96 0 0
 17 33 33 75 77 81 96 0 0 0
 39 49 62 66 66 68 89 91 99 0
 15 29 31 54 73 86 86 86 86 99
 12 30 46 63 63 96 96 96 96 96
 16 38 60 74 85 95 95 95 95 97
 5 5 5 69 71 91 91 91 91 95
# name: avgRate
# type: matrix
# rows: 200
# columns: 10
 0.062402496099844 0.05122950819672131 0.04489337822671156 0.02437597503900156 0.01691751254229378 0.005608524957936063 0.003695212180763061 0.0008452695641482757 0.0004308588976279259 8.760043688726978e-05
 0.04897159647404506 0.03164556962025317 0.02454991816693944 0.01942763207053725 0.01408450704225352 0.006033789219629927 0.003387504451528286 0.0007549200462243352 0.0003833733909376428 9.537824827514398e-05
 0.04597701149425287 0.03626473254759746 0.02795248078266946 0.02605863192182411 0.01941029670024956 0.006808106396453451 0.003782281331363029 0.0009244404727742651 0.0004706311457809389 9.559022382849202e-05
 0.06881948120698782 0.05164146071560309 0.04112969564025226 0.02432681821994799 0.01680867095577581 0.007313505607020965 0.004131733434331262 0.0009272835807055469 0.0004713664520639958 9.562019657918747e-05
 0.06385696040868455 0.0476341695776437 0.03905233012236396 0.02805755395683453 0.02027764779285603 0.006773756531836656 0.003977449590149759 0.0008895334783659656 0.0004519551974847711 9.16452412710398e-05
 0.06526806526806526 0.05 0.04016064257028112 0.02422116428631087 0.01675138632162662 0.006543075245365322 0.003869252897733964 0.0008990449082495979 0.0004677469021512459 9.547000779870625e-05
 0.06274509803921569 0.04658385093167702 0.03832396525293817 0.02659366445052796 0.0187575857883703 0.006690987876567204 0.004017780817233715 0 0 0
 0.06097560975609757 0.0428979980934223 0.0325497287522604 0.02208927749654855 0.01720721660235687 0.006839030047129837 0.003904989897960916 0.0008858589943574633 0.0004510060375982164 9.748574320743215e-05
 0.0673226307612636 0.05041411595246669 0.0403574517151917 0.01775297996449404 0.01618022278922148 0.005149843843444747 0.002992562601769133 0.0007862117632620501 0.0004471706733807075 9.144671082084953e-05
 0.0635593220338983 0.05172413793103448 0.04320145520691223 0.02282868112483138 0.01952253458277555 0.006412680664945657 0.003502123723745297 0.000885415664157989 0.0004508955177064709 9.350749601847072e-05
 0.05952380952380952 0.04332755632582322 0.03350083752093802 0.02350483154870723 0.01736864958749457 0.006120719419944128 0.003888764779374653 0.0009153876666768376 0.0004682785203569453 9.549203964431603e-05
 0.06676557863501482 0.04603580562659847 0.03784570596797671 0.01697381183317168 0.02029738022185509 0.006912738730628256 0.003813950188036614 0.0008361041435765813 0.0004236645207566057 8.571674045947762e-05
 0.05405405405405406 0.04734528238079135 0.03834565872363736 0.02494838265657261 0.01795039164490862 0.005903478132533084 0.003227946846475261 0.0007016586430701464 0.000355122043608987 9.348625563080646e-05
 0.05192107995846314 0.03721424774056353 0.0359109408666507 0.0258771596011873 0.01925761879543594 0.007074093439547258 0.003980168378427487 0.0008895524004378145 0.0004519636346129471 9.5517521893412e-05
 0.04524886877828054 0.03428571428571429 0.02636534839924671 0.0211864406779661 0.01425207584582972 0.006364865940011138 0.003527492393844526 0.0009155727479771565 0.0004683251230085206 9.54942053917222e-05
 0.06426735218508997 0.05306603773584906 0.0485895532460521 0.0303030303030303 0.02114285714285714 0.006851773304186107 0.003867111970469327 0.0008705947903607745 0.0004422361029761506 9.551113580250844e-05
 0.05767844268204759 0.05373010952676173 0.04703832752613241 0.02640845070422535 0.01739802822346801 0.005283070315961689 0.002837970210467533 0.0009416955901740791 0.000479918825158716 9.755979071234775e-05
 0.04405286343612335 0.03690036900369004 0.03037462031724603 0.02636667252592723 0.01798668984951136 0.006925740669488265 0.003895058469155465 0.0009359432780171755 0.0004784198475891057 0
 0.04291845493562232 0.03853564547206166 0.02935779816513762 0.02485442408748757 0.01805519731751354 0.006764547620877854 0.003848127244740893 0.000867993603851577 0.0004415634879983044 8.962968598936634e-05
 0.06488824801730354 0.0473746545598105 0.04080652904464714 0.02726918582002337 0.01942480979873739 0.00615999334054774 0.003344663002603413 0.0009037071219812336 0.0004604462017596883 9.358139171856452e-05
 0.06852925672113865 0.05385556915544676 0.04615061883784351 0.02713704206241519 0.01921071408968659 0.005906774226212577 0.003187178436461321 0.0007552094931769726 0.0003834495316508092 7.770938245150785e-05
 0.04656577415599534 0.03582395087001024 0.03709714815673545 0.02876757110166721 0.021355076684139 0.007240430564270889 0.003992405557428536 0.0008751424537438595 0.0004518988100325466 9.749526700272688e-05
 0.05240174672489083 0.03950834064969271 0.0307272106520997 0.02531645569620253 0.01767691167246393 0.005291818166299653 0.002840206327246741 0.000927710524023916 0.0004762594389275026 9.740657963554434e-05
 0.06660006660006659 0.05597416576964478 0.04812170133498913 0.03008423586040915 0.0217718106889223 0.007215585665036479 0.003984698756773987 0.0008902634212049135 0.0004521462201558922 9.165208867140336e-05
 0.06253256904637831 0.05388414907947912 0.04659498207885305 0.02590415462787685 0.01919494156833964 0.006791391103277655 0.00373632239124633 0.000917778517099361 0.0004689006526510959 0
 0.03992015968063872 0.02390438247011952 0.02183406113537118 0.02516778523489933 0.01791141988710378 0.005548456520277086 0.003404240461580092 0.0007557626905151782 0.0003835924713584288 0
 0.05792903692976104 0.05355612682090831 0.04677268475210477 0.02722245852828584 0.02045499900219517 0.007060927962843828 0.004058616788856938 0.0009086058506483966 0.0004617140791358284 9.363542112431038e-05
 0.05202913631633715 0.04258943781942078 0.03333333333333333 0.0242492072374557 0.01646341463414634 0.006132197263103537 0.003376757246698776 0.0007925216880325359 0.0004027481173981293 9.534878685553407e-05
 0.06085192697768763 0.04918981481481481 0.04149377593360996 0.02393260578211756 0.01586193769430874 0.006739706274196329 0.003870301883546917 0.0009017876501140666 0.0004599469397381434 9.355970801408572e-05
 0.05428881650380022 0.04426737494466578 0.04082612872238232 0.02193211488250653 0.01410247800684978 0.007241687467258329 0.004070391796861469 0.0009091946663158852 0.0004618660765262954 0
 0.05532503457814662 0.03952569169960474 0.03004130679684566 0.02200880352140856 0.01459298267876404 0.004978261591052404 0.002706872749912027 0.0009035733442018468 0.0004604105686756241 9.358157804823075e-05
 0.05922165820642978 0.0402067777139575 0.02957329953527672 0.02680143962018531 0.01904140144714651 0.006199425737405377 0.003396982049631696 0.000886417198035237 0.0004511511218951486 9.160946883435912e-05
 0.05330490405117271 0.03783783783783784 0.02818035426731079 0.02049380306431151 0.0145789596454397 0.006682518221517709 0.003741896184136101 0.0008648823183458838 0.0004581570971946164 9.348497258901261e-05
 0.05213764337851929 0.04609929078014184 0.04735716468072105 0.029034599564481 0.02031258816227501 0.006310615118905274 0.003912329052955547 0.0008712808409215441 0.0004696912171656483 9.746454925927936e-05
 0.06153846153846154 0.04842615012106537 0.03945885005636979 0.01998947922146239 0.01281359589964931 0.004810722935536312 0.0037038256403503 0.0008604930433917958 0.0004571855463221369 9.344460265963221e-05
 0.05514705882352941 0.03660768761439902 0.02660753880266075 0.01792114695340502 0.01858922829581993 0.006071346526205244 0.003318326128679306 0.0007212995869097771 0 0
 0.06283228612856452 0.0484893696381947 0.03895714713814804 0.02606962122373869 0.01851650147042806 0.006333019388782436 0.003477702576175063 0.0008845524453067763 0.000450685679070647 9.159226786039268e-05
 0.04722550177095632 0.0414156626506024 0.03976861894432393 0.02290076335877863 0.01853911753800519 0.006838031890094178 0.003829183600650961 0 0 0
 0.06735751295336788 0.05179669796050502 0.04509921828021647 0.02698569758028245 0.01825261620832319 0.007401696222050887 0.004159048964136867 0 0 0
 0.04914004914004914 0.04375497215592681 0.03481012658227848 0.02486437613019891 0.01783372672436402 0.005747787101965743 0.003483491648116366 0.0008058296015748213 0.000411009576523133 8.360764603866973e-05
 0.05370569280343717 0.04502660663119116 0.03628666465074085 0.02652519893899204 0.01822671683913453 0.005663740400792924 0.003668218381267631 0.0008637866101558272 0.0004404630931080251 8.95819211738815e-05
 0.04744958481613286 0.03998223011994669 0.03843689942344651 0.02003585363281662 0.01283523610079038 0.004594180704441042 0.003977994075327973 0.0009205877953073038 0.0004696232056480017 9.744747282905924e-05
 0.05924170616113743 0.0490337467551197 0.04152097902097902 0.02171440388791231 0.01765083440308087 0.006277868100381501 0.003461343888952988 0.000916037527004023 0.0004684366415044624 9.741812155992258e-05
 0.05511811023622047 0.03810560696788242 0.02844372206420154 0.0225098480585256 0.0158413517953532 0.00464828013634955 0.004130524576621231 0.0009271528295545417 0.0004713261842315861 9.561606325958746e-05
 0.04411764705882353 0.02540220152413209 0.0389823553549446 0.02035786992392586 0.01324152542372881 0.005577976834990321 0.003049436751094209 0 0 0
 0.04424778761061947 0.02544529262086514 0.02235136343316942 0.02751476895686655 0.01922968157909621 0.005789796335399496 0.003722685874571459 0.0008317343401832137 0.0004225350728676473 9.736535315506467e-05
 0.06401137980085349 0.04529441368897836 0.0398066533977822 0.01761671070844344 0.01055966209081309 0.006635592671716191 0.003649992432942517 0.0007978935609989627 0.000470266425524494 9.557250418876365e-05
 0.05617977528089888 0.03978120338140229 0.032605151613955 0.01336541031809677 0.01617250673854448 0.005973903474296494 0.003328894806924101 0.0009152916634091182 0.000468243346066951 9.739635685945646e-05
 0.0432900432900433 0.03432494279176201 0.03798670465337132 0.02427184466019417 0.01778521734581786 0.006285456420835482 0.003659365361493021 0.0008134931395411899 0.0004129886909930117 9.53945688294669e-05
 0.05669737774627924 0.04010025062656641 0.03162333099086437 0.02227848101265823 0.01447749407738879 0.00697151186741452 0.00410603844278492 0.0009258937768364524 0.0004710024403813942 9.560303706948011e-05
 0.06009615384615384 0.03923766816143497 0.02914238134887594 0.02719188652899243 0.02025435704192181 0.007077697389116074 0.004030045273700096 0.0009070889970104663 0.0004696912171656483 9.745297694978548e-05
 0.06314580941446614 0.0487062404870624 0.0405727923627685 0.02635572238639087 0.01948717948717949 0.006644518272425249 0.003692177857481935 0.0008313596597225579 0.0004224346184187388 8.758627745979094e-05
 0.06031363088057901 0.04651162790697674 0.0392638036809816 0.02450179679843188 0.01707650273224044 0.006981723399633848 0.004009315260136316 0.0009395054366687055 0.0004793418343140276 9.753402145907711e-05
 0.05504587155963303 0.03638568829593693 0.02653693056169837 0.02722880983750549 0.02015487429723136 0.006969634569387464 0.003870649917308842 0.0009412831418110287 0.000479804631387644 9.755318689339089e-05
 0.06188118811881188 0.0462962962962963 0.0383533623114293 0.02779809802487198 0.02007515313738611 0.007085944635152584 0.003945603282741931 0.0008728305312240575 0.0004428057352198826 8.967898510491843e-05
 0.06321112515802782 0.049813200498132 0.04275331338178709 0.02617138032925285 0.01813750495947401 0.005972328212614884 0.003961146321300634 0.0008886484815702032 0.0004517230780410538 9.163397724130732e-05
 0.04285714285714286 0.04346108257605689 0.03594138789051701 0.02589375208820581 0.01792321924144311 0.005314589405108864 0.00284732810404688 0.0006073834313637129 0.000306606176235252 0
 0.04470938897168406 0.02553191489361702 0.01712328767123288 0.02310109037146553 0.01548275221403357 0.006415641946078057 0.003620377553659167 0 0 0
 0.05895357406042742 0.04121586810922205 0.04684526423656858 0.02864157119476268 0.02029064984919112 0.006879559708178677 0.003803626713843432 0.0009233894548924251 0.0004703595114532541 0
 0.04166666666666666 0.024330900243309 0.02214348981399468 0.02349387481120993 0.01798986886332434 0.006113551168814454 0.003844257431534611 0.0008981618258292231 0.0004589960291960538 9.352424218003019e-05
 0.04267425320056899 0.0247320692497939 0.02234137622877569 0.02084201750729471 0.01825717951248396 0.006391103583811335 0.003535692819007885 0.0008489373812211193 0.0004318052008973697 8.763793264507016e-05
 0.05689900426742532 0.04151100041511 0.04069175991861648 0.02346977093503567 0.0188510764956841 0.006670907088226625 0.003739000382595388 0.0008324814918068333 0.0004227244888228696 9.726168653749389e-05
 0.06422607578676943 0.04763649688530597 0.03855278766310795 0.02194447094742868 0.01455604075691412 0.006945301889122114 0.003901576236799667 0.0009051725798188884 0.0004608200046866375 9.359575991293603e-05
 0.04750593824228028 0.03593429158110883 0.04369356248179435 0.02651113467656416 0.01816051552431166 0.006957994887386365 0.003988932833160762 0.000920499524408579 0.0004696034492373347 0
 0.04700352526439483 0.03134796238244514 0.02276867030965392 0.01601830663615561 0.01779115916244697 0.007026881559668689 0.004002282152376249 0 0 0
 0.06024096385542169 0.05275374551593164 0.04636498516320475 0.02642257242615835 0.01907356948228883 0.00705142944738254 0.003972983710766786 0.0009061481185858691 0.000461076781056219 9.360787660490207e-05
 0.0477326968973747 0.03182686187141948 0.02303086135421465 0.02767017155506364 0.01947907390917186 0.006036217303822937 0.003663674665689687 0.0008136759554880506 0.0004130366156959815 9.7443403280462e-05
 0.06124721603563475 0.04928664072632944 0.044543429844098 0.0287399788231735 0.02049401359076691 0.006447133505256893 0.00376206266021575 0.0009168388923058116 0.0004686493136240261 9.550518762292562e-05
 0.04470938897168406 0.02551020408163265 0.02265518803806072 0.02578150177247825 0.01812489701763058 0.007049700387733521 0.004023455891794718 0.0009067250057393764 0.0004612224750768131 9.361218344641817e-05
 0.04878048780487805 0.03670686942842161 0.0277337559429477 0.02515243902439025 0.01789490808524484 0.006707745105685984 0.004162914379895672 0.0009436887444895318 0.0004804293665881965 9.75784027530651e-05
 0.06517311608961303 0.0517631834357813 0.04282655246252676 0.02751476895686655 0.01938413823659725 0.007184805697863302 0.004060685651092065 0.0009086040941313842 0.0004617081827460635 9.746047828431369e-05
 0.06048387096774193 0.04318618042226487 0.03452605147520402 0.02512371526456033 0.01888071262587142 0.006428491072433023 0.004025697368200346 0.0009361292393281267 0.0004784623586827248 9.749707110839446e-05
 0.06519967400162999 0.05164446860559935 0.04458856911228213 0.02566217578590414 0.01787409931296431 0.006708896308546822 0.003872800034424889 0.0009369168170832441 0.0004786684810481472 9.750564637288945e-05
 0.05931198102016608 0.04748338081671415 0.03940110323089047 0.02472836268265268 0.01783185608643206 0.006791590775784891 0.003815073006624354 0.0008846051776325658 0.0004506764065022808 9.548360556438669e-05
 0.05913272010512484 0.04245283018867924 0.04076640847941296 0.02581061461526053 0.01805869074492099 0.005568680391495107 0.003005300256816567 0.0007906357868754459 0.0004022561665379774 8.165827644473407e-05
 0.05817335660267597 0.04824784154393093 0.0418076846506072 0.02219403931515536 0.01976079043161726 0.006487503446486206 0.003564967068616704 0.0008859784283513097 0.0004510325704346189 9.160510869742713e-05
 0.05070993914807303 0.04232804232804233 0.04689655172413793 0.02939255388634879 0.02054984726464871 0.006628222973420825 0.003727468782448947 0.0008167996234942688 0.000413840807265468 9.542851678438503e-05
 0.05663939584644431 0.04876649454962707 0.04110527517698105 0.02041510717931269 0.01273705066515709 0.005358428640801085 0.003744776462377763 0.0008477498983663474 0.0004314986143010409 9.549093781053205e-05
 0.06232294617563739 0.05059920106524634 0.04316219900045434 0.02493564993564993 0.01746085389208066 0.006417661404184315 0.003710671200013807 0.0008652315359590227 0.0004408423812150204 9.742867823085427e-05
 0.06191950464396284 0.04698512137823022 0.03765296517100722 0.02091633466135458 0.01742255131485817 0.005725503026337314 0.003531012625523193 0.0008073972971414291 0.0004763094378284955 9.740764463146713e-05
 0.05844845908607865 0.04407051282051282 0.03836605732340329 0.02585598997100995 0.01976191596480497 0.006743088334457181 0.003722381260469197 0.0008684861129070546 0.0004416870088072389 0
 0.06247211066488175 0.05120910384068279 0.04371584699453552 0.02570010634526763 0.01848118279569893 0.00698529982459136 0.004130698678176423 0.0009420450066808294 0.0004800043886115531 9.756561835396449e-05
 0.05751258087706686 0.04346108257605689 0.0347661188369153 0.02502157031924072 0.0191392509828264 0.006455048654929236 0.003555176336746302 0.0008843534799309435 0.0004506128334534968 9.158772700565674e-05
 0.05219206680584551 0.04028648164726947 0.03398470688190314 0.02191503708698584 0.01699915004249787 0.005570665530687814 0.003047141064706937 0 0 0
 0.03913894324853229 0.02028397565922921 0.0130039011703511 0.01561749159058145 0.01820866141732283 0.006956416538124187 0.003942676906198574 0.0009208915765280085 0.0004697105213199648 9.555098680281621e-05
 0.06830601092896176 0.05313496280552604 0.04339571467317602 0.0288322921672273 0.02022358294477838 0.00648713385119513 0.003937547079367254 0.0008874278482575548 0.0004514092309262426 9.548094647875221e-05
 0.06279434850863422 0.04793510324483776 0.03880597014925373 0.01673963430337368 0.009951010410287814 0.007167709468842863 0.004084654463761456 0.0009247842170160296 0.0004707179134643956 9.559108047594003e-05
 0.05920344456404736 0.04605263157894737 0.04220893422441083 0.02750520368718406 0.01976284584980237 0.007214573438345458 0.004137360364087712 0.0009423819955034915 0.0004800918641085282 9.756472473705809e-05
 0.05202913631633715 0.0389294403892944 0.04135079255685734 0.02434994347334551 0.01702031090434585 0.006794122294201296 0.003777363927052953 0.0009439487108357607 0.0004804981491015175 9.758151192794581e-05
 0.06045949214026602 0.04424778761061947 0.03466204506065858 0.02336230258854313 0.01560646732005743 0.006110841259146675 0.003410044767767208 0.0007559721802237678 0.0003922587731126224 8.552802216249847e-05
 0.06854838709677419 0.0550812448361333 0.04673989249824725 0.02447231569287244 0.01586881777307591 0.007169352576291263 0.004057180345982529 0.0009245063521290611 0.0004706463739638426 9.748677114463198e-05
 0.04914004914004914 0.04257130693912303 0.03356831151393085 0.0174195796074788 0.01077276644642344 0.007163881577922786 0.004008400212619489 0.0008909859340437978 0.0004523280637113911 9.742203404084926e-05
 0.04813477737665463 0.04931313842902431 0.04488708093701781 0.0276100086281277 0.01932527193418365 0.006388520320408865 0.003712337045670379 0.0008311539703065411 0.0004397219393887279 9.343704182301633e-05
 0.04878048780487805 0.05051719990377676 0.04390988927071401 0.0244355390479914 0.01632858129749419 0.00609570252971655 0.003366198056463543 0.0009210453096727027 0.0004697477552418467 9.746530533493257e-05
 0.05629838142153414 0.04741980474198047 0.04038590980480144 0.02699822380106572 0.01959166838523407 0.00628962047105947 0.004130951151502633 0.0009271474570083656 0.0004713298867335366 9.561648228953666e-05
 0.05625 0.04096495220755576 0.03189227498228207 0.0266607420573206 0.01925805797689033 0.007183683668051348 0.004061633122186023 0.0009086726033276751 0.0004617276867639373 0
 0.06839276990718124 0.05213124808340999 0.04365079365079365 0.02401536983669549 0.01610405698358625 0.006294652692537689 0.003613089707855889 0.000844562171292564 0.0004306724951011004 0
 0.04813477737665463 0.0340522133938706 0.02530577815267819 0.02629895514961973 0.01908003300330033 0.00681825389274728 0.003784744837784076 0.0009215457393868648 0.0004783124356352526 9.749536399595693e-05
 0.06728343145500421 0.04553215708594195 0.03379805661174483 0.0265557227582544 0.0187691957683995 0.006661034572394074 0.00365748133346417 0.000901177282662883 0.0004597845078055757 9.355285477531591e-05
 0.06433166547533953 0.04534005037783375 0.03456221198156682 0.02208480565371025 0.01502133028901039 0.006757568476693897 0.003841557111149052 0.0009009423473573636 0.0004597237940320026 9.355035955184999e-05
 0.07396449704142012 0.06208095356344673 0.05301794453507341 0.04355812122802414 0.03404569506542516 0.0129210479415434 0.007562473510566686 0.001743806134748308 0 0
 0.07453060054464669 0.0672872042166648 0.06265664160401002 0.04377811094452774 0.03318030998590973 0.01255576235634731 0.007188221464874967 0.001787741796832654 0.0009164437303549563 0.0001869794660741672
 0.0700589970501475 0.06526468455402465 0.05894908019107633 0.04056511400195831 0.02955414012738853 0.009651404361126105 0.007521932155442363 0.001770450608235451 0.000906452185134574 0.0001926088249789421
 0.07874015748031496 0.07114273010226767 0.06382435537401072 0.04557327849719335 0.03515993482548667 0.01279442594647922 0.007191190358606469 0.001805857059760563 0.0009252459693363747 0.0001927221748915988
 0.07941234862021045 0.06757634827810266 0.06223818073010173 0.04181107993618309 0.03253475303164744 0.01292502019534406 0.007505402240073899 0.001783894469357817 0.0009147305680574139 0.0001869047382339491
 0.07076923076923076 0.06330881668373523 0.05905839294626518 0.04284245401576602 0.03248670998227998 0.01237149842410675 0.007091839319183425 0.001615505778317989 0.0009306121974177451 0.0001907314830525143
 0.08729569093610699 0.07798241247718599 0.06441358541074117 0.04654951704876062 0.03549060542797495 0.01311555413216208 0.007406067808578982 0.001728346222315254 0.0009595942951634509 0
 0.04354136429608128 0.06089052391221617 0.05701254275940707 0.04176731078904992 0.03283943860197818 0.01277946298168745 0.007473780172307591 0.001739080580585363 0 0
 0.07352941176470588 0.06244260789715335 0.05978260869565218 0.04330359472009182 0.03387755102040816 0.01294941000160049 0.007467268473192506 0.001808182023657048 0.000931297413709474 0.0001907637365290498
 0.06873879258816497 0.06333471017485888 0.05814688408545064 0.04019404019404019 0.03201593682188467 0.01304039688164422 0.007596776324481438 0.001760391572316695 0.0009152016948756494 0.0001869236933735551
 0.07556675062972293 0.06557377049180328 0.05849408836341008 0.04103883376209727 0.03092831094492914 0.01186934703566814 0.007554691141722791 0.001801040053234952 0.0009239744127170003 0.0001888720185309296
 0.07470651013874066 0.06361085126286249 0.0577773765459962 0.04057017543859649 0.03186074523060186 0.0122769193915439 0.007661756887763081 0 0 0
 0.07915567282321899 0.0695195427158968 0.06322000561955606 0.0435755505829702 0.03314966626349505 0.0129682787159947 0.00746763326369136 0.001711568084832237 0.0008719822311575907 0.0001907694227615344
 0.03642987249544627 0.02471169686985173 0.01681614349775785 0.04609908385365 0.0349179638199411 0.0130924710935891 0.007508584252220938 0.001863624127720373 0.0009593794849779585 0.0001966779700211121
 0.07524913565182022 0.06636826670782528 0.06028985507246377 0.04158274316158794 0.03086568603809983 0.01051373954599761 0.006419515326592843 0.001584295999938919 0.0008100832921784993 0.0001651321315693243
 0.06019563581640331 0.0605933974091099 0.05340699815837938 0.04276511665674227 0.03288672350791717 0.01344066596331999 0.007879767875171344 0.001834336486099169 0.0009374597185277196 0.000191016798335607
 0.07560684440907282 0.06611813106082867 0.06129356874942823 0.04349801986625982 0.03240761578971058 0.01218470329547205 0.007133837348508454 0.001754088157075765 0.0009433253952822179 0.0001962389905466326
 0.06459189665296534 0.05138086062941555 0.04267804747932782 0.03817032726362556 0.02860492379835873 0.01230888831303447 0.007437388928467977 0.001794975956769421 0.0009453281976932063 0.0001945074664072705
 0.07363092498849516 0.06636927429006637 0.06200447245375076 0.04262455453846692 0.03090881898399721 0.01298246637687079 0.007759548996009375 0.001856697087448538 0.0009528337567609875 0
 0.07721373418761295 0.0691699604743083 0.06407728706624606 0.04425914047466325 0.03305364861428935 0.01262288752264694 0.007209927646255504 0.001636453247493339 0.0008332451073807871 0
 0.06666666666666667 0.06635700066357 0.06177135896989733 0.04430418158645384 0.03344941348973607 0.01269247935728632 0.007443701892009063 0.001817992443968905 0.0009331740457080313 0.0001908723262962418
 0.08211143695014662 0.06134969325153374 0.059447983014862 0.04058291828076001 0.03040065338717728 0.01204560120456012 0.006983066064792877 0.001782328403488813 0.0009143159506308293 0.000186886641521798
 0.07403751233958539 0.06499792559811921 0.05867215645908389 0.0402620444929712 0.03252468049284457 0.01335531964185939 0.007907434602288314 0.001865043190974714 0.0009550269990030688 0.0001949145597993892
 0.07661748013620887 0.06525652565256526 0.05944339367738449 0.0417952035028361 0.03284382196383404 0.01350154001940846 0.007890908194214978 0.001875177573633867 0.0009624339663361986 0
 0.07648819421350184 0.06458333333333334 0.05661598188288579 0.04047360154645403 0.03064215294431121 0.01147571941139728 0.006616526239970519 0.001791020014177337 0.0009213327320424977 0.0001887945092992226
 0.07308970099667775 0.06339431262452454 0.06010664081434804 0.04188623159032563 0.03315328739057553 0.01310519495818118 0.00751251382218133 0.001851246663505694 0.0009582883228212008 0.0001966319919059122
 0.07749434937035841 0.06472491909385113 0.06048874909266876 0.03938584779706275 0.03065552429345315 0.01164909346157293 0.006637337576691032 0.001834876268807482 0.0009423541561218532 0.0001928038066229499
 0.07510109763142693 0.06636038795303725 0.05959475566150178 0.04348374086211243 0.03243744207599629 0.01309422146313692 0.007625290004380486 0.001818478009675818 0.0009333019640173205 0.0001963985271300759
 0.07720254314259764 0.06538461538461539 0.06021565607057835 0.04569190600522193 0.03539673844338629 0.01309882993597763 0.007510168261522623 0.001711452888894017 0.0009345366791044413 0.0001908954408004405
 0.07546251217137293 0.06862654177872578 0.06479292531301988 0.04628042509427494 0.03556930214575681 0.01387813536294976 0.007982254188582855 0.001825041879908402 0.0009302544196877087 0.0001891334284574934
 0.08182748039549949 0.06783493499152063 0.05734919286321155 0.0410275831597551 0.03228815383511516 0.01338482774005549 0.00785051314552071 0.001859533143332056 0.0009535819652351261 0.0001967144318450065
 0.0745156482861401 0.06922963617616733 0.06327409800753904 0.04293359995294948 0.0326651154465724 0.01240767232067264 0.007138777841233581 0.001798714392555216 0.000923365521531426 0
 0.07900974453515934 0.06805807622504537 0.05946481665014866 0.03966584530320331 0.03002046850125085 0.01210188362259208 0.007036423841059603 0.001652923965497587 0.0008471028110181786 0.0001730331943300006
 0.07727975270479134 0.06433823529411765 0.0561122244488978 0.03934191702432046 0.03088689513163701 0.01313215599906981 0.007809387202167503 0.001859533143332056 0.0009535819652351261 0.00019485483811639
 0.07870572802798426 0.0625 0.06151142355008787 0.03914813654870028 0.02759938432142668 0.01217809724656192 0.006955164633836029 0.001851245851058856 0.0009560921904651534 0.0001965399050454176
 0.07499062617172854 0.0611807892321811 0.05182514646237044 0.0272451011212407 0.0321021225168064 0.01323768041677342 0.007697337383401892 0.001869042427263099 0.0009608161696626663 0.0001967387863363124
 0.07791429427629608 0.06605922551252848 0.05794947994056464 0.04124461697094681 0.03108948364422817 0.01245967909404289 0.007328990228013029 0 0 0
 0.08428493746601413 0.07153376814643383 0.06328086970631186 0.04118891239007014 0.03272058823529412 0.01308995709402952 0.007542552567401088 0.001859208584231635 0.000953517946083425 0.0001948558841903877
 0.05785920925747348 0.06034274680183442 0.05928853754940712 0.0419223525123033 0.03363974183453941 0.01302700142112743 0.007449987724452044 0.00187003802410649 0.00096108480262813 0.0001967501642565765
 0.08067769261799113 0.06573103570794102 0.05874125874125874 0.04177945157114275 0.03217137882744787 0.01307295246566665 0.00777442934085663 0.001843121830352986 0.0009445298091660288 0
 0.06960556844547564 0.06214039125431531 0.05870841487279843 0.03999015626922604 0.03017746148995586 0.01064729276923559 0.005942237951675624 0.001849332258959354 0.0009508968509789386 0.0001947760274435448
 0.07575757575757576 0.0640035312293092 0.05613627564847077 0.04204204204204205 0.03317535545023697 0.01324078719964319 0.007796048930253491 0.001844344896298381 0.0009448518238562421 0.0001929081399280075
 0.07074490220557636 0.06830284788145405 0.06337135614702155 0.04392386530014641 0.03312574532926991 0.01242556028669707 0.00747599056875036 0.001786824262032075 0.0009155029714889 0.0001869367040274916
 0.07755102040816327 0.06244424620874219 0.05257886830245368 0.03702180172768408 0.02709755118426335 0.008850137668808182 0.004839186658183154 0.001797672865168858 0.0009230963566844322 0.0001888357520542845
 0.07988721804511278 0.07091080995902931 0.06442376521116679 0.04512067156348373 0.03524301286779773 0.01348791826895483 0.007815877872750857 0.001801542810598438 0.0009193522674258821 0.0001928171056204397
 0.06671608598962193 0.04734350341925302 0.05847953216374269 0.04182578650663757 0.03161678721469097 0.011374082672442 0.007236006367685604 0.001828787758811175 0.0009407511073222441 0.0001927368029931827
 0.07432970533581099 0.0639561443581544 0.0558659217877095 0.04081632653061224 0.03152558258424572 0.01146131805157593 0.007781545033706795 0.001871862503190675 0.0009615674131602642 0.0001967702254450137
 0.08117510630073445 0.06591337099811675 0.0603448275862069 0.04288210069352533 0.0334636655042446 0.01367201554292293 0.007985072802679074 0.001869408465749766 0.0009630640612703302 0.0001968328598740906
 0.06950880444856349 0.06710490276636538 0.06156877231867997 0.04072517078297425 0.03204272363150868 0.01279663306365614 0.007443860882511063 0.001722791381448982 0.0009425720946186907 0.0001928131195612289
 0.0691085003455425 0.05827128520556815 0.06092916984006092 0.04305705059203445 0.03302213706225284 0.01340329664062054 0.007787452260432286 0.001879392367768611 0.0009635505377390628 0.0001968531727859834
 0.08826125330979701 0.07774538386783285 0.06924009001211701 0.04526667978744342 0.03352118150019433 0.01276673354003283 0.007379640577960032 0.001831121514733921 0.0009413691972352861 0.0001927627331211883
 0.06981519507186858 0.05612413337735227 0.05016722408026756 0.04232540769326528 0.03314486254630532 0.01293280818294045 0.00773785767228951 0.001812022675079538 0.0009268654386512644 0.0001926781890872238
 0.07525870178739417 0.06296379581740499 0.05518960299092041 0.04223307377590075 0.03215836952890077 0.01284548714039694 0.007593443788320637 0.001801569451450548 0.0009568767542740494 0.0001965731541036234
 0.06071118820468344 0.04139562389118865 0.06258890469416785 0.04425058473986977 0.0330797221303341 0.01253937213572378 0.007382616399251895 0.001719490037465777 0.0008788247184099131 0.0001947147657174057
 0.06752194463200541 0.05102040816326531 0.04533524218563589 0.04269002605754837 0.03293413173652695 0.0127024905444944 0.007377259803880936 0.00170450736864281 0.0008701356727273083 0.0001907202670083738
 0.07944732297063903 0.06614850339011079 0.05991611743559017 0.04121028088059863 0.03181076672104405 0.0134582108819248 0.007942039321198762 0.001867029403807978 0.0009555549921898005 0.0001949373574769218
 0.08482871125611746 0.06968641114982578 0.06212251941328732 0.04341613541437679 0.03338632750397456 0.01301632579586524 0.007716545559771076 0.001825396976305967 0.000935128390205699 0.0001909205352934508
 0.06863417982155114 0.0636604774535809 0.05852962169878658 0.04134258286034616 0.03002411773391741 0.01030976890256475 0.006840687071935664 0.001840148698884758 0.0009531291518883511 0.0001964148535657827
 0.05793742757821553 0.06605691056910569 0.05969692331241391 0.04055299539170507 0.03126903553299493 0.01246030789018851 0.007628002553045752 0.001849154294943884 0.0009508516428872901 0
 0.03992015968063872 0.07647679324894514 0.07060255629945222 0.04536019066656415 0.03202285939501429 0.01163241566498643 0.006866521520683302 0.001782923387402698 0.0009303218041265586 0.0001907500151507174
 0.0618921308576481 0.05007704160246533 0.04948610582413399 0.02693266832917706 0.03169455295938674 0.01265933298411035 0.007292539815590947 0.001670513327624146 0.0008940336856344336 0.0001906288069913115
 0.0744634253175646 0.07005787389582699 0.06354047528275511 0.04339881224303335 0.03325457250371926 0.01317947516401125 0.007571678557006327 0.00186302792848231 0.0009592316844883516 0.0001966725390305593
 0.07488479262672812 0.05647263249348393 0.04760645331922771 0.03969852137391405 0.03139904610492845 0.01226077397897348 0.007219045301537089 0.001769318511212585 0.0009429514380009429 0.0001944073373296605
 0.07210455159981974 0.05880848887752493 0.05739103458973165 0.04125712898920034 0.03108210115003774 0.01115379848804065 0.007442420211713103 0.001811621552257733 0.0009532447874841848 0.0001964196468057305
 0.08804695837780149 0.07586206896551724 0.06573859242072698 0.04400570884871551 0.0333950088000361 0.01169535188785106 0.006499894596303844 0.001810130634269774 0.0009607947228107225 0.0001967384735598396
 0.0625 0.06118143459915612 0.05468102734051367 0.04300531242094612 0.03385240352064996 0.01366890254213404 0.007980911634029949 0.001866083737651477 0.00095531001272122 0.0001949275863907129
 0.08617718028266115 0.07121057985757884 0.06040731791508457 0.03429101019462465 0.03042596348884381 0.012291968786686 0.007236890251339638 0.001757575528501071 0.0009030713164157974 0.0001962976284470557
 0.03992015968063872 0.07059201026792877 0.06408389163996504 0.04019109729278835 0.03073376872839032 0.01285016705217168 0.007603394025673589 0.001833263719710987 0.0009419377893788261 0.0001927871758765606
 0.03992015968063872 0.07081967213114754 0.06537530266343826 0.0430520598754802 0.0317988356734015 0.01262907659163509 0.007210600430939414 0.001700482058003634 0.0008690880044372314 0
 0.03952569169960474 0.02652519893899204 0.05620406398616516 0.03767003836763167 0.0291220556745182 0.01123279977534401 0.006427767957576731 0.001724225176311395 0.0008895300380757532 0.0001827147116324924
 0.07828594973217964 0.0652400835073069 0.05578512396694215 0.03629489603024574 0.03182271298213327 0.01268779376567952 0.007691636732719588 0.001838514025777104 0.0009501528485679354 0.0001947117868184094
 0.07837374479549351 0.07036747458952307 0.06372809346787042 0.04061463480674203 0.03006812309137891 0.0120963040690218 0.006963437756934074 0.001838414611269106 0.0009480048367593712 0
 0.06648936170212766 0.06629101756711966 0.06034598363953332 0.04368298632779259 0.03446655177816074 0.01379506506435327 0.008023491459530997 0.001856871573401942 0.0009645306048483738 0.0001969267492167686
 0.078007800780078 0.06614963503649636 0.06052801030264005 0.04237027939821922 0.03184568490969474 0.01287256163976631 0.007503731250979196 0.001800176606799741 0.0009237587842167547 0.0001926562228456516
 0.0463678516228748 0.06878557874762808 0.05984316962443252 0.04154594653692669 0.03205128205128205 0.01316360480254593 0.007601640617821252 0.001861231869607413 0 0
 0.08161414645205169 0.07262750161394448 0.06581042352191911 0.0446151939521626 0.03388799582916974 0.01272674078408426 0.007757011611276756 0.001851498485738739 0.0009521449980811363 0.0001947984829571205
 0.07731958762886597 0.0714183688044565 0.06504065040650407 0.04592231935376784 0.03549446814937884 0.01390511974674931 0.007966390218949945 0.001824316409438053 0.0009300677187201093 0.0001927931534182325
 0.08161512027491409 0.06846081208687441 0.06334310850439882 0.04366316983271903 0.03350885591191958 0.0127736684193328 0.007293884162941979 0.001655763017955402 0.0008430661728520928 0.0001944948047063774
 0.08641005498821681 0.07014333638304361 0.05891393442622951 0.04127434541467819 0.03069544364508393 0.01069911044538868 0.006034066616095442 0.001837063697371874 0.0009476399896339788 0.0001946058823798075
 0.08359253499222395 0.07476027953843654 0.06762295081967214 0.04628330995792426 0.03665602459501005 0.01415407724082151 0 0 0 0
 0.08039816232771822 0.06591088847877669 0.05795125276972899 0.03946176736964679 0.0326094746649466 0.01324751249154031 0.007705321697180858 0.001766299391586655 0.0009006063430096307 0.0001966214086553538
 0.07874015748031496 0.06284916201117319 0.05164992826398852 0.03813828660216117 0.03093363329583802 0.0123651558436021 0.007193114453199282 0.001763805571729042 0.0009047071035072479 0.0001849045882383583
 0.07401636151149202 0.06060606060606061 0.05094243504839531 0.02568684386866205 0.03326159264331834 0.01275226500986076 0.007286283148352114 0 0 0
 0.07664380798709157 0.06205094709340301 0.05308100623124856 0.03766612181081658 0.02730691947034881 0.01231615277757887 0.007141789433473401 0.001649680710053269 0.0008415012774185089 0.0001964668512793564
 0.07216494845360824 0.05577689243027888 0.04798720341242335 0.03693806978937441 0.03469971401334605 0.01378309756982227 0.00796508637140534 0.001839013522496308 0.0009386852734947546 0.0001967947502316811
 0.03992015968063872 0.02219755826859046 0.01316655694535879 0.04159085001299714 0.03074629646883444 0.01260058993671067 0.007375416915928442 0.001719128745551754 0.000878726900466604 0.0001925371413077718
 0.0398406374501992 0.07065288499280388 0.06522526875226477 0.04223940435280642 0.03210649960845732 0.01263855194154307 0.007567866675346657 0.001801996612246369 0.0009242315015064973 0.0001926632254763549
 0.07997539218701938 0.06881243063263041 0.06032302004280989 0.0419223525123033 0.03157135125383367 0.01309593468750871 0.007681621312413173 0.001806488908158104 0.0009254118082546734 0.0001889333202604734
 0.07535795026375283 0.06172839506172839 0.05170630816959669 0.04066057800575504 0.03081022566408527 0.01204624583155823 0.00756745678272728 0.001816967065579262 0.0009329074351750804 0.0001908283141511122
 0.0802407221664995 0.06702038536721586 0.06167046520981365 0.04217714400482024 0.03107274969173859 0.01114759105138581 0.006288983080051001 0.001410431785336147 0.0007169092373264195 0.0001964949274536758
 0.07930214115781127 0.07018937889021322 0.06473677781849273 0.04432464809823301 0.03331602630668051 0.01278270848161759 0.00736802444844476 0.001849283402681461 0.0009508811660519899 0.0001947428182624251
 0.07763975155279502 0.07156191661481021 0.0644080896560608 0.04077638231936063 0.03381642512077294 0.01320852236834549 0.007651109410864576 0.001763333774166777 0.0008998197426319923 0.0001967928725199626
 0.07028753993610223 0.05685856432125089 0.0496054114994363 0.03525687149230105 0.03194449215127262 0.01323937646807602 0.007696318180689689 0.001852625529557884 0.0009517640169103215 0.0001947798600009818
 0.07285974499089254 0.05823912298732443 0.0622876557191393 0.03820033955857385 0.03400655248206361 0.01274515684040065 0.007300556352742744 0.001811228484586634 0 0
 0.08068343616516374 0.07198952879581152 0.06324262169413569 0.04301691998852882 0.03293835821533986 0.01213683153778151 0.007755570276776914 0 0 0
 0.08597883597883597 0.07519950890116636 0.06707053223712679 0.04537017941843679 0.03319919517102616 0.01100483889239533 0.007193721255425602 0.001727584589945458 0.0009538537135259347 0
 0.0759493670886076 0.06700554528650647 0.05829259119969914 0.03988477730999335 0.03161815661815662 0.01258929617051177 0.007232786388905243 0.001652562240105764 0.0008422314432419251 0.000196679181290128
 0.07001166861143523 0.06540222367560497 0.06052631578947369 0.0402067777139575 0.02999714312922579 0.01332297102253802 0.007827278064053226 0.001831536773824287 0.0009367288452963039 0.0001909879168311285
 0.07312614259597806 0.06844380403458213 0.06409571626962932 0.04495474151023632 0.03356102183440597 0.01350698097648364 0.007856109158569361 0.001818432396425919 0.0009285314249243246 0.0001927658743194321
 0.05561735261401557 0.03563791874554526 0.02525252525252525 0.04117190763172027 0.03120741945408993 0.01270222358705211 0.007444798049626534 0.001737513293886054 0.0008882997259937 0.0001887339350171182
