# Created by Octave 3.0.1, Wed Sep 09 20:53:23 2009 PDT <jwawerla@marvin2>
# name: prtA
# type: matrix
# rows: 100
# columns: 10
 263.4 586 677 761.6 812.6 952.9 1018.6 1699.2 1766.7 3259.1
 259.9 581.5 717.4 847 1285.1 1628.5 1694 1715.4 1782.9 2742.3
 254.5 637.1 665.5 1144.7 1197.8 1341.5 2007.2 2164.6 2233.4 3046.6
 489.8 544.6 728.8 1416.1 1471.4 1618.1 2557.7 2716 2784.9 2945.4
 368.9 815.4 1062.6 1224.1 1916.2 2063.1 2395.1 2553.9 2622.9 2783.6
 464.8 570.3 612.5 1062.7 1123.4 2018.6 2086 2245.1 2314.1 2474.8
 527.4 882.9 1163.9 1328.5 1789.2 1939.5 2007.2 2166.7 2235.8 2396.5
 140.5 623.9 819.6 1106.4 1159.5 1860.2 1927 2085.6 2154.6 2315.2
 428.2 567.6 989.8 1093.2 1556.5 1703.3 1770.5 1929.5 1998.6 2786
 371.4 451.5 813.6 923.2 978.3 1635 1702.5 1650.8 1718.4 1877.8
 169.1 409.2 439.8 1018.9 1159.2 1844.3 1910.7 1911 1978.3 2137.5
 92.5 208.3 233.4 819.3 1184.7 1323.2 1721.2 1935.8 3446.2 3606.8
 165.7 192.7 216.3 863.4 1099 2136.9 2397.8 2589.7 2658.6 2819.2
 58.6 71.7 287.5 626.5 674.6 1631.5 2047.2 0 0 0
 296.1 424.6 561.4 938.5 984.8 1317.7 1381.3 1664.1 1731.8 1891.1
 177.3 223.5 637.8 705.9 751.9 1469.3 1532.8 2204.5 2271.6 2431.5
 194.8 434 486.3 711.6 758 1930.1 1993.6 2170.7 2237.8 2397.7
 76.40000000000001 149.1 597.6 706.6 750.9 1790 1852.6 2234.4 2353.6 2513.8
 209.7 229.9 248.3 716.5 758.7 1885.1 1947.2 2642.4 2697.7 2882.9
 62.6 72.7 128.1 858.3 1141.2 1601.9 2018.9 2406.1 2462.1 2645.8
 129.4 430.2 466 524.6 564 895.4 1692.9 2079.7 2140.6 2314.6
 70.59999999999999 148.3 415.5 564.5 604 1261.4 1321.7 2158.3 2219.4 2787.1
 129.3 144.9 337.5 909.9 949.3 1590.6 1649.6 1812 1873.6 2046.1
 69.7 177.1 189.2 362.1 1161.8 1443.2 1502.2 1663.5 2070.1 3008.1
 80.2 108.9 118.5 337.1 996.1 1113.6 1172.7 1333.5 2630.9 2803.9
 40.1 45.3 49.9 332.4 1037.4 1631.8 1690.8 2167.9 2190.6 2349.6
 183.1 219.9 233.3 286.1 610 1329 1388.4 2177.6 2896.4 2674
 203.4 221.2 233.8 743 779.2 1022.1 1696.8 1851.9 1917 2745.1
 78.59999999999999 106.9 115.8 629.3 879.5 1318 1376.8 2068.9 2133.8 2312.1
 135.6 150.1 160.2 453.4 647.6 1728.9 1787.4 1941 2007.9 2679.2
 54 61.7 67.3 730.3 765.4 1526 1686.2 1836.6 1906.8 2083.1
 188.2 205.6 277 530.3 606.7 1356.2 1629.7 2101.7 2171.8 2847.5
 56.2 115.3 123.9 597.6 898.2 1197.8 1474.2 1627.9 1695.5 3151.3
 40.1 69.90000000000001 76 152.4 832.9 943.1 1453.2 1602.7 1674.1 2156.4
 55.3 62.6 68.2 419.8 454.3 1090.4 1148.4 1654.8 1724.5 1898.4
 159.8 290.3 323.6 371.6 765.3 1229.7 1588.5 2002.7 2070 2908.9
 131.7 195 294.9 527.8 561.4 1372.5 1620.2 2115.1 2184.7 2351
 87.7 294.7 307.5 351.4 492.5 1403.4 1574 1906.4 1975.9 2619.1
 40.1 80.09999999999999 142.3 406.2 1039.4 1199.4 1256.3 1415.4 1786.7 2574.5
 76.5 162.6 173.1 435.4 467.5 1473.5 1530.3 1681 1750.3 0
 116.5 129.1 138.5 634.2 799.3 1230.9 1287.7 1977.2 2046.4 0
 145.3 159.3 222.7 424.2 731 1424.1 1480.8 2135 2204 2366.3
 148.8 163 291.3 379.2 474.9 1191.3 1248.1 2379.9 2448.9 2965.4
 68.5 77.2 104.2 134 382 1669.4 1726.2 1811.9 2194.2 2815.2
 167.6 200.5 211.9 278.4 694.6 1543.5 1600 1757.3 1824.7 1983.9
 54 61.1 136.1 581 643.2 1476.4 1532.7 2336.9 2405.8 1967.2
 40.9 186.8 198.2 237.6 512.2 1092.4 1148.8 1746.1 2857.6 3017.9
 61.6 133.3 143.1 461.2 492.3 1285 1665.9 1819.3 1887.9 2053
 40.6 95.3 103.4 160.1 279.9 1430.1 1486.5 1640.2 1708.8 3255.6
 83.7 111 120 572 733.2 1132.4 1188.9 2134.7 2203.3 2368
 156 201.6 213.7 254.5 813.2 1136 1192.6 1989.6 2058.1 2223
 54.3 61.5 67.40000000000001 435.9 687.1 1235.4 1292.2 1809.5 1878 2041.5
 73.8 158.1 169.3 237.7 579.2 924 1418.5 1572.1 1957.1 2739.7
 137.3 151.6 291.1 360.9 392.1 952.6 1732.5 1886.3 1954.9 2646.9
 64.90000000000001 73.5 134.8 504.7 823 1391.9 1754.1 1907.7 1976.3 2139.9
 66.59999999999999 75.5 82.8 839.4 871.6 1339.2 1507.1 1800 2181 2790.8
 120.4 133.8 200.1 762.3 833.9 989.9 1046.7 1997.3 2065.9 2229.5
 172.9 189.1 393.8 485.8 518.1 1168.6 1225.5 2291.1 2359.7 2697.2
 78.3 88.5 168.5 304.7 699.5 1087 1143.9 1998.5 2046.9 2210.3
 84.59999999999999 173.5 205 667.1 836.1 942.1 1417 2341.2 2406.9 2565.7
 79.40000000000001 90.3 230.6 690 756.3 862.9 1489.5 1643.4 2190.9 2736.6
 83.09999999999999 154.5 166.2 205.9 865.3 1391.4 1561.9 1715.9 1783.5 0
 66.7 76.3 123.8 828.3 923 1295.9 1353 2078.6 2435.5 2588
 108.1 183.2 196 459.3 791.5 1216.5 1273.7 1803.9 1871.5 2340.3
 55 125.5 154.9 371.9 920.6 1120.4 1550.2 1836.2 1903.8 2065.4
 93.59999999999999 197.8 248.8 496 860.2 1642.8 1699.8 1986 2053.6 2215.1
 77.90000000000001 88.59999999999999 150.7 534.5 664.8 1318.5 1375.6 1899.7 1967.3 2121
 76.5 218.4 296.2 385 644.6 1432.4 1855.3 2006.2 2073.8 2236.2
 75.8 223.2 236.9 282.3 467.7 1019 2141.6 2292.4 2800.5 2956.5
 102.7 133.4 144.3 290.3 647.7 1650.3 1707.2 2159.9 2227.4 2390.6
 65.90000000000001 75.59999999999999 156.3 641.6 716.2 1096.9 1577.4 1728.2 2330.1 3002.1
 64.90000000000001 74.40000000000001 199 268.3 844.9 1081.5 1762.9 2112.8 2187.4 2346.4
 79.59999999999999 107.2 242.9 528.7 823.3 1091.3 1148.3 1298.8 1368.5 2749.1
 88.90000000000001 118.3 147.9 232.3 263.8 1353.3 1410.4 2436.1 2505.8 3074.2
 86 156 205.3 714.1 929.3 1345.4 1402.5 1553 1622.8 1785.2
 171.1 188.9 257.1 596.7 631.6 1480.6 1537.8 1620 1688.9 2957
 110.3 124.8 270.1 698.3 798.8 1275.8 1700.6 1690.9 1759.8 0
 67.5 77.2 172.5 398.8 468 872.3 1812.5 2136.3 2206 2827
 127.5 142.6 154.3 544.5 823 1520.7 1577.9 1876 1945.8 2109.3
 80.5 125.3 136.5 796.1 831.3 1502 1559.2 1708.5 1778.3 2534.3
 155.8 281.9 296.8 446 779.8 1080.1 1137.8 1947.9 2017.5 2638.9
 101.3 146.2 158.3 421.4 762.2 925.4 1558.1 1856 1925.7 2089.1
 66.09999999999999 76.2 104.2 751.5 787 964.2 1467.2 1616.4 1684.8 2849.5
 137.1 153.1 165.6 568.1 911.4 1203.4 1572 1721.2 1789.6 1953
 75.59999999999999 134.8 187.8 518.4 1007.3 1447.6 1505.4 1654.7 1723.1 3793.3
 120.6 136 147.9 283.7 317.9 1180.7 1238.5 1387.9 2072.3 2235.7
 52.5 113.5 124.4 481.5 606.8 1289.9 1348.1 2431.5 2499.8 2663.3
 160.9 241.8 315.5 581.1 784.4 1569.8 1628 2304.1 2372.4 2535.8
 131.9 164.5 264.4 314.1 901.9 1484.8 1543 2007 2075.3 2706.7
 118.5 151.8 221.9 474.5 575.7 1485.5 1543.7 1930.9 1999.2 2162.7
 68.8 79.8 217.9 541 885.6 1442.5 1813 1729.1 1798 2362.5
 67.7 112.1 180.3 679.2 753.5 867.6 925.9 2807.9 2874.4 3032.8
 138.2 189.6 352.7 677.3 714.1 1036 1624.8 1773.5 1841.4 2004.9
 81.2 145.1 233.5 718.8 799.5 1045.2 1281.5 1430.4 2466.1 2999.2
 104.6 207.6 222.2 271.5 306.5 1708.2 1766.4 1915.2 1983.1 2145
 119.7 136.5 148.8 278.6 1118.5 1233.2 1291.4 1440.1 1508 1670
 53.1 62.3 69.5 731.6 769 883.8 1566.5 1713.9 1781.7 3289.6
 154 191.2 281.2 747.8 950.8 1333.5 1392.1 1735.3 1803.2 2370.6
 138.6 307.8 602 714.8 752.4 1145.6 1397.4 1682 1749.6 2550.9
 79.2 125.4 137.6 563.5 707.2 1580.7 1639.5 1788 1855.8 2017.8
# name: prtB
# type: matrix
# rows: 100
# columns: 10
 274.8 390.6 535.7 918.1 1102.2 1756.8 1812.8 2765.8 2832.3 2990.8
 367.3 396.3 471.3 1306.6 1344.3 1466.8 2585.2 2880 2947.8 3107.5
 333.1 671.1 898.4 1463.8 1944.1 2083 2148.8 3851.3 3919.9 4080.2
 489.1 927.7 954.8 1700.1 1752.3 2645.6 2891.6 3351 3419.8 3580.2
 582.1 894.1 925.5 1260.2 1925.7 3264.7 3783.1 3940.7 4009.5 4170
 784.5 1023.7 1082 1963.3 2019.7 2618.8 2686 2845 2914 3074.6
 674.1 1002.5 1184 1342 2159 2300.7 2367 2525.3 3337.4 3498
 815.3 1044.4 1073.5 1550.9 1604.7 2542.1 2608.7 2767.3 2836.2 2996.8
 817.4 939.2 970.7 1152 2107 2690.8 3808.1 2515.9 3328.5 3489
 866 910 942.5 1816 1870.9 2731.6 2798.7 2978.1 3046.9 2981.9
 399.4 985.3 1406.8 1564.3 2146.9 2493.4 2559 2759 2828 2988.6
 242.5 866.5 918.5 1537.2 2020.8 2159 2705.9 2907 2975.9 4163.4
 565.5 896.6 924.3 1630.7 1907.1 2181.2 2868 3021 3089.9 0
 511.3 1072 1146.6 1970.3 2022.5 1971.6 2026.4 2172.7 2239.8 2398.8
 502.9 747.9 893.7 1465.4 1824.5 2350.9 2413.6 2584.7 2652.1 4013.7
 545.3 1122.7 1289 1554.7 1655.1 2177.2 2239.3 3482.4 2321 4198.6
 284.1 305.7 853.3 996.3 1038.7 1160.2 1222.2 2774.2 2988.1 2999.2
 767.3 910.6 930.9 1355.9 1665.6 1787.4 1849.5 2029.7 2084 3208.4
 713.7 735.9 844.5 1558.7 1650 2283.7 2345.6 2803.3 2859.4 2875.7
 207.7 432.7 453 1716.6 1806.6 1927.6 1989.6 2921.2 3502.3 3684.5
 587.3 681.9 806.9 1135.5 1178 1919.6 3219.1 3394.6 2084.1 0
 168 270.8 1034 1127.2 1977.2 2767 2829 3675.9 2916.5 3744.9
 367.3 482.1 1103.9 1510.6 1604.7 2424.5 2485.9 2655.7 2715.2 2891.9
 217.5 710.4 727.3 1047.4 1650.7 2069.2 2130.4 2899 2959.2 2875.1
 316.2 336.8 1099.1 1258.7 1384.4 1816.9 1878.1 3134.8 3195.6 3236.5
 151.2 647.1 1117.1 1540.2 1890 2063.1 2122 2617.9 2679.7 2851.7
 587.7 677.2 691.9 1470.9 1593.3 1993.3 2052.2 2212.6 2933.5 3110.5
 167.6 502.3 1019.6 1496.7 1534.2 2125.3 2184.5 2558.2 2623 2800.1
 381.6 676.5 691.6 1185.9 1265.9 2100.6 2159.9 2816.5 2881.3 3537.9
 272.7 292.2 418.8 1074.8 1113 1577 1636.4 3391.9 3456.7 3633.8
 171.9 275.3 289 1255.3 1578.7 2120.6 2354.7 3163 3960.7 4013.7
 550.5 718.9 733.5 1189.9 1334.8 1910.6 1969.7 3025.7 3090.7 3273.1
 319.1 390 854.2 1400.5 1778.9 2514.9 2574 2730 2795.1 2977.5
 195.4 275.6 310.1 1489.5 1643.2 2016.2 2075.1 2230.6 2295.8 3101.8
 373.5 602.5 958.1 1345.4 1381.6 1810.7 1869.7 2024.9 2742.8 2922.6
 243.6 517.4 640.7 1205.1 1649 2431 2489.6 2643.5 2710.3 3082.1
 59.2 257.9 604.1 1274.7 1575.2 1778 1836.5 3374.4 3441.3 3517.2
 122.9 426 439.2 1346.5 1463 1924.7 2191.7 2342.2 2412.4 2589
 301.6 645.2 658.3 1005.5 1040.5 1560 1618.4 1768.3 1838.4 1939.6
 339.4 538.8 571.7 1087.2 1158.5 2030.4 2334.2 2796.1 2866 4088.9
 400.9 420.4 433.5 1253.6 1349.4 1682.4 2385.2 2588.5 2657.5 2826.5
 40.1 714.3 727.4 806 1035.4 1452.2 1947 2727.1 3197.8 3367.5
 322.3 669.6 682.8 1657.8 1805.9 2054.9 2113 2263.7 2714.1 2881.8
 264.6 538.4 609.4 1154.7 1258.9 1460.8 2635.9 2997.4 3864.9 4032
 254 430.1 598 1390.1 1840.2 2048.6 2276.9 2427.4 2802.4 2969.3
 284.8 302 368.5 1080.9 1783.4 2172.3 2229.8 2701 2770.6 3267.1
 378.5 505.4 719.9 816.1 1337.1 1802.6 2121.1 2689 2758.7 2924.9
 40.1 49.9 54.6 1043.2 1150.5 1985.5 2202.4 2352.1 2421.7 3799.3
 370.5 388.7 401.9 1158.5 1191.5 2019 2076.1 2627.4 2696.9 3793.9
 163.2 382.6 664.3 1088.4 1213.1 1380.5 1437.6 2984.2 3053.6 3218.3
 264.6 346.1 486.7 1122.8 1558.3 1668 2781.4 2032.2 2100.8 3433.2
 359.3 618.6 757 1263.2 1295.7 1723.6 1780 1933.2 2002 3861.2
 266.7 283.9 350.7 394.8 1552.5 1733.1 1789.4 2070 2894.8 3585.9
 356.3 420.3 510.7 1286.7 1707.5 1859.3 1915.7 2710.6 2777.3 2935.8
 203.7 393.2 460.5 1010.5 1387.1 2070.9 2127.4 2720.8 3450.6 3615.5
 85.7 574.1 587.9 760 1077.2 1991.4 2349.4 2902 2970.5 3135.4
 512.5 531.1 598.8 1150.6 1214.7 1844.4 1901 2054.4 2122.9 3295
 369.7 405.4 437.4 854.7 1308.1 1821.3 1877.9 2031.2 2099.7 3429.5
 220.3 607.5 689.1 1251 1283.1 1821.2 1877.9 3134.7 3203.3 3366.9
 93.40000000000001 361.7 859.5 1142 1174.4 1747.4 1804.2 2934 3002.6 3164.6
 235.6 366.9 381.5 1108.4 1565.1 1802 2274.3 2428.3 2495.9 3425.1
 554.2 834 869.2 1272 1304.9 1834.5 2373.3 2932.3 2999.9 3634.4
 220.1 338.2 455.5 897.5 1918 2025.4 2082.5 2899.4 2967 3130.5
 368 388.4 422.6 1185.6 1218 1325.5 1382.6 2482.5 3039.2 3202.7
 249.8 622.8 638.1 914.4 946.9 1102.8 2222.8 2520.5 2588 3520.8
 166.6 416.1 669 1073.9 1106.5 2206.5 2263.3 2414.5 2482 2646.1
 42.5 385.7 570.9 1145.7 1215.1 2219.3 2276.1 2189.9 2198.3 3901.8
 118.8 594.2 1037.9 1213.6 1312.4 1839.6 1896.5 1977.9 2045.2 2204.3
 255.5 334.1 545.8 1050.7 1794 1944.4 2001.3 2153.5 2705.6 3584.6
 285.4 422.8 511.5 1148.5 1243 1877.4 1934.4 3036.7 3104.2 3266.6
 155.7 172 559.3 1119.8 1152.7 1967.7 2024.7 2733.8 2801.4 2962.9
 385.6 406.1 420.7 1151.5 1222.3 2179.4 2236.4 2588.7 2656.3 2817.9
 76.8 540.9 612.4 1129.6 1463.5 2463.1 2846.4 2996.9 3064.5 2954
 487.1 538.8 554 1206.3 1383.1 1550.5 1607.7 2067.9 3162.7 0
 124.2 139 652.3 1149.8 1308.5 1418.1 2437.2 3040.6 3108.1 3272
 211.9 425.6 496.4 1343.2 1438.4 1865.9 2047.1 3086.6 3154 3317.9
 442.8 464.2 479.5 1026.3 1060.7 1582 1926.6 2975.5 3043 3206.2
 55.4 375 390.1 1334.6 1407.9 1916.8 1973.9 2658 2983.4 3147.7
 158.5 247.8 614.6 1315.8 1420.3 1675.2 1920.8 3007.7 3211.9 3291
 337.4 583 598.3 1406.1 1440.6 1971.2 2028.3 2179.2 2172.6 2981.9
 310.2 456.1 691.5 1122.4 1157 1651.9 2440.5 2744.7 2814.5 2976.1
 128.6 387.4 634.2 1188.7 1644 2110 2167.1 2794.2 2863.9 3077.8
 264.8 655.7 707.5 1393.2 1657.7 1769.2 1933.4 2004.7 2072 2587.4
 40.5 625.2 640.9 1200 1235.1 1854.5 1911.7 2817.4 2887.1 3838
 40.1 715.5 731.4 1016.5 1626.5 1738.1 1795.4 2345.5 2415.2 3312.9
 150.1 271.6 711.2 1143.5 1178.7 2171.2 2228.5 2805.7 2875.5 2954
 281.8 345 503.9 585.3 1472 2247.6 2304.9 2920.8 2990.6 4342.3
 216 235.1 395.8 778.3 886 1739.3 1796.5 3481.1 3550.8 3714.4
 138.4 185.5 322.4 1309.5 1344.7 2014.6 2072.1 2221.3 2291 3359.1
 126.5 584.7 962.4 1036.1 1218.3 2142.1 2199.6 3020.4 3889.6 4483
 281.5 608.7 624.7 1229.2 1324.8 1489.2 1546.9 2609.4 2677.8 3313.1
 41 695.3 711.3 1156.4 1192.3 1773 1830.8 2583.9 2652.2 2815.5
 256.1 277.6 347.3 1336.9 1658.4 2042.2 2100.5 2983.2 3051.7 3215.1
 107.1 564.1 962.8 1095.1 1132 1718.9 2211.4 2360.2 2428.1 3313.2
 237.4 341.9 396.4 1591.1 1782.4 1958.9 2634.5 2783.4 3164.4 3326.3
 240.9 320 728.8 1005.6 1391.7 1713.9 1772.1 2881.6 2949.5 3111.5
 189.4 671.6 895.1 1373.2 1898.7 2357.1 2415.6 2563.2 2631 2792.9
 259.6 339 355.8 1403.4 1440.9 1994.4 2053.1 2440.2 2507 2569.9
 43.1 69.2 77.40000000000001 1254.5 1386.7 1817.2 1875.9 3141.7 3209.5 3371.5
 299.3 556.9 761.3 1046 1129.6 1803.3 1862.1 2409.6 2477.5 2639.4
# name: collectedA
# type: matrix
# rows: 100
# columns: 10
 13 28 31 31 31 31 31 43 43 49
 16 30 34 35 45 47 47 47 47 49
 12 29 29 40 40 40 46 46 46 48
 21 21 25 43 43 43 47 47 47 47
 16 33 39 40 48 48 49 49 49 49
 22 23 23 30 30 47 47 47 47 47
 24 36 42 43 48 48 48 48 48 48
 7 29 35 38 38 46 46 46 46 46
 25 29 41 41 47 47 47 47 47 49
 22 23 35 35 35 39 39 39 39 39
 10 21 21 39 40 46 46 46 46 46
 5 10 10 31 38 38 41 41 48 48
 10 10 10 32 36 47 48 48 48 48
 3 3 13 25 25 42 45 0 0 0
 20 26 31 42 42 45 45 46 46 46
 11 12 31 31 31 42 42 45 45 45
 13 24 25 29 29 44 44 44 44 44
 4 7 30 31 31 47 47 48 47 47
 14 14 14 29 29 46 46 48 48 48
 3 3 5 32 38 43 46 47 47 47
 8 26 27 27 27 31 48 49 49 49
 4 8 23 26 26 38 38 48 48 49
 8 8 18 38 38 48 48 48 48 48
 4 10 10 15 43 46 46 46 47 49
 5 6 6 15 37 37 37 37 47 47
 2 2 2 13 37 46 46 48 48 48
 13 14 14 14 26 34 34 41 46 47
 15 15 15 36 36 39 46 46 46 48
 5 6 6 31 38 44 44 49 49 49
 9 9 9 20 25 46 46 46 46 49
 3 3 3 32 32 46 47 47 47 47
 14 14 17 25 26 40 42 44 44 49
 3 6 6 25 34 39 42 42 42 48
 2 3 3 5 33 33 39 39 39 48
 3 3 3 19 19 34 34 39 39 39
 11 18 19 19 31 40 43 45 45 49
 9 12 17 25 25 43 45 47 47 47
 7 20 20 20 24 46 47 48 48 49
 2 4 7 18 44 45 45 45 46 49
 5 10 10 21 21 47 47 47 47 0
 8 8 8 33 37 43 43 48 48 0
 10 10 13 20 30 45 45 49 49 49
 10 10 17 19 21 39 39 48 48 49
 4 4 5 5 14 47 47 47 48 49
 13 14 14 15 29 48 48 48 48 48
 3 3 7 29 30 45 45 49 49 46
 2 12 12 12 21 35 35 41 49 49
 4 8 8 22 22 44 48 48 48 48
 2 5 5 6 9 39 39 39 39 48
 7 8 8 29 33 41 41 47 47 47
 11 13 13 13 34 39 39 46 46 46
 3 3 3 20 27 40 40 44 44 44
 5 10 10 11 25 32 39 39 40 43
 9 9 17 18 18 32 44 44 44 48
 4 4 7 23 33 43 49 49 49 49
 5 5 5 37 37 45 46 47 48 49
 9 9 12 35 36 37 37 47 47 47
 12 12 24 26 26 42 42 48 48 48
 5 5 9 13 26 34 34 43 49 49
 6 11 12 33 38 38 43 48 48 48
 5 5 13 35 36 36 45 45 48 49
 5 9 9 9 36 46 47 47 47 0
 4 4 6 35 37 43 43 48 49 49
 7 11 11 21 33 42 42 45 45 47
 3 7 8 15 35 37 44 45 45 45
 6 12 14 24 37 48 48 49 49 49
 5 5 8 25 28 43 43 49 49 49
 5 14 18 20 29 45 49 49 49 49
 5 14 14 14 19 29 45 45 47 47
 8 9 9 13 25 45 45 47 47 47
 4 4 8 32 33 39 43 43 45 47
 4 4 11 12 33 35 41 42 42 42
 5 6 14 25 33 36 36 36 36 47
 6 7 8 10 10 38 38 48 48 49
 6 10 12 34 39 45 45 45 45 45
 13 13 16 30 30 48 48 46 46 49
 8 8 15 32 34 42 47 47 47 0
 4 4 9 18 19 27 47 48 48 49
 9 9 9 28 35 46 46 47 47 47
 5 7 7 34 34 46 46 46 46 48
 11 18 18 22 35 39 39 46 46 47
 7 9 9 20 32 33 40 41 41 41
 4 4 5 35 35 36 42 42 42 49
 10 10 10 26 39 42 46 46 46 46
 5 8 10 24 38 43 43 43 43 49
 9 9 9 14 14 41 41 41 48 48
 3 6 6 20 23 40 40 48 48 48
 12 16 19 28 32 45 45 49 49 49
 9 10 15 15 34 44 44 46 46 48
 9 10 13 21 23 45 45 47 47 47
 4 4 11 24 35 44 48 43 43 44
 4 6 9 30 31 31 31 49 49 49
 10 12 20 31 31 36 46 46 46 46
 5 8 12 36 37 40 42 42 47 48
 7 13 13 13 13 48 48 48 48 48
 9 9 9 13 43 43 43 43 43 43
 3 3 3 34 34 34 43 43 43 49
 11 12 16 33 38 42 42 43 43 44
 10 19 35 37 37 42 44 45 45 48
 5 7 7 24 27 48 48 48 48 48
# name: collectedB
# type: matrix
# rows: 100
# columns: 10
 20 27 37 58 65 82 82 96 96 96
 28 28 31 74 74 74 98 99 99 99
 23 42 53 73 86 86 86 99 99 99
 35 62 62 89 89 97 98 99 99 99
 41 59 59 65 82 97 99 99 99 99
 56 67 68 94 94 99 99 99 99 99
 47 62 69 71 91 91 91 91 95 95
 59 69 69 82 82 94 94 94 94 94
 62 66 66 68 87 91 99 91 95 95
 61 61 61 89 89 98 98 97 97 97
 29 64 81 84 95 97 97 97 97 97
 18 53 54 77 87 87 93 93 93 98
 46 66 66 94 98 90 97 97 97 0
 38 72 74 95 95 95 95 95 95 95
 37 50 56 78 86 98 98 98 98 98
 36 70 77 84 85 91 91 98 91 99
 21 21 51 54 54 54 54 95 95 95
 58 65 65 78 85 85 85 85 85 99
 54 54 58 82 83 93 93 95 95 95
 13 26 26 86 87 87 87 92 96 96
 45 49 54 64 64 83 98 98 85 0
 11 16 60 61 82 95 95 98 95 98
 30 36 71 84 85 96 96 96 96 96
 15 50 50 62 84 90 90 97 97 97
 23 23 71 75 77 84 84 96 96 96
 10 45 73 88 96 97 97 99 99 99
 46 50 50 84 86 92 92 92 99 99
 11 33 66 85 85 97 97 98 98 98
 29 47 47 70 71 91 91 95 95 97
 23 23 29 64 64 70 70 98 98 98
 13 18 18 69 80 87 89 94 98 98
 42 53 53 74 77 88 88 98 98 98
 25 28 55 74 85 98 98 98 98 98
 14 18 19 87 91 96 96 96 96 99
 29 43 65 84 84 89 89 89 96 96
 20 37 43 71 85 97 97 97 97 99
 3 17 39 67 75 76 76 92 92 92
 8 29 29 79 81 93 96 96 96 96
 24 46 46 63 63 73 73 73 73 73
 26 39 40 69 70 92 94 96 96 99
 33 33 33 75 77 81 96 96 96 96
 2 58 58 59 65 75 82 94 96 96
 23 46 46 87 90 92 92 92 94 94
 19 37 40 68 70 72 94 96 99 99
 21 32 42 81 95 96 98 98 99 99
 24 24 27 65 90 96 96 98 98 99
 33 40 52 54 76 88 91 94 94 94
 2 2 2 64 66 88 90 90 90 97
 30 30 30 66 66 85 85 87 87 99
 12 27 45 64 67 68 68 98 98 98
 21 25 34 67 82 82 98 86 86 99
 29 46 54 77 77 86 86 86 86 98
 20 20 23 23 85 86 86 87 92 96
 31 34 39 74 89 90 90 98 98 98
 16 28 31 64 77 91 91 95 99 99
 5 44 44 51 64 90 94 97 97 97
 42 42 45 73 74 89 89 89 89 96
 29 30 31 54 73 86 86 86 86 99
 17 46 50 76 76 90 90 99 99 99
 6 25 57 69 69 88 88 99 99 99
 17 24 24 68 85 88 95 95 95 97
 45 62 63 78 78 87 96 98 98 99
 16 22 28 49 93 93 93 98 98 98
 33 33 34 74 74 74 74 95 99 99
 19 45 45 58 58 59 92 93 93 97
 12 30 46 63 63 96 96 96 96 96
 2 29 39 68 69 90 90 86 86 99
 8 43 74 80 82 95 95 95 95 95
 21 25 37 61 91 92 92 92 95 99
 23 31 35 67 69 79 79 95 95 95
 14 14 40 66 66 84 84 94 94 94
 31 31 31 69 70 94 94 95 95 95
 5 39 42 66 77 93 98 98 98 96
 45 47 47 80 85 86 86 90 99 0
 9 9 44 69 73 73 90 97 97 97
 17 31 34 81 83 89 90 96 96 96
 40 40 40 69 69 84 88 97 97 97
 3 29 29 76 77 91 91 98 97 97
 12 17 44 80 82 85 87 96 99 99
 28 45 45 86 86 94 94 94 94 97
 25 34 47 67 67 79 94 95 95 95
 10 29 44 71 87 96 96 99 99 96
 21 50 52 86 94 94 95 95 95 96
 2 47 47 73 73 85 85 95 95 99
 2 54 54 65 85 85 85 89 89 97
 11 18 50 73 73 91 91 96 96 96
 25 28 36 37 75 89 89 93 93 99
 18 18 28 50 52 82 82 99 99 99
 10 12 19 77 77 89 89 89 89 96
 9 43 66 67 72 87 87 93 98 99
 24 48 48 80 82 83 83 95 95 97
 2 52 52 73 73 85 85 94 94 94
 20 20 23 77 85 93 93 99 99 99
 7 41 66 70 70 84 90 90 90 98
 19 25 27 83 87 88 97 97 98 98
 20 24 50 59 73 78 78 97 97 97
 15 47 58 78 93 98 98 98 98 98
 21 25 25 83 83 91 91 96 96 96
 2 3 3 80 83 89 89 99 99 99
 24 41 52 64 65 76 76 83 83 83
# name: avgRateA
# type: matrix
# rows: 100
# columns: 10
 0.04754937820043892 0.0440251572327044 0.0398970398970399 0.02457197209892201 0.01710250468939645 0.005207545901997346 0.002813424572994754 0.0008317343401832137 0.0004225350728676473 9.736535315506467e-05
 0.05928121526491294 0.04750593824228028 0.04159530217763641 0.02598366740905717 0.0196927924379677 0.007090593648638456 0.004019155122284932 0.0009088201966918945 0.0004617671534216455 9.746544104206072e-05
 0.04536862003780719 0.04220637461795954 0.03788373612018289 0.02432054478020308 0.0182000182000182 0.006307655917369708 0.00383103471250583 0.0008818240722635657 0.0004499507988582988 9.541859541442085e-05
 0.04201680672268907 0.03531786074672048 0.03016409266409267 0.02244141746255415 0.01739904507566561 0.006497333071425334 0.003742723587918169 0.0008915699218453601 0.0004572656100263755 9.344950764039197e-05
 0.0422275006598047 0.03813265541945921 0.03354550146223981 0.02320051041122905 0.01645977642137028 0.00679588282765358 0.00395317504497745 0.0009323760938769529 0.0004774762747885706 9.74574349680459e-05
 0.04633529907329402 0.03707883282282767 0.03228070175438597 0.01919754271453254 0.0141282848262221 0.006696492177927222 0.003888796955154724 0.0008996058960553238 0.0004593697251893923 9.353702912066436e-05
 0.0446594715295869 0.03858934505306035 0.03323047709470685 0.02351654361498496 0.01720923562311774 0.006916924850493551 0.003997601439136518 0.0009201272075864489 0.0004695028551642379 9.554206687347543e-05
 0.04651162790697674 0.0430330909630509 0.03806002609830361 0.02365537848605578 0.01759666589488307 0.006705343867525728 0.003856795505994802 0.0008831615648086995 0.0004502978818379201 9.157596664405139e-05
 0.05705157462345961 0.0469559585492228 0.03762158194164067 0.02573437107707758 0.01838451007236456 0.007011471961571166 0.003993033431035215 0.0009050732242752193 0.0004607906383028786 9.745696976447236e-05
 0.05768222338751967 0.04586241276171486 0.03830998248686514 0.02459246767847105 0.01769195774149522 0.00587792012057272 0.003332621234778893 0.0007550705894197185 0.0003834114575140781 7.77081592371689e-05
 0.05583472920156338 0.04573170731707317 0.03890329751759911 0.02567647639739285 0.01852537977028529 0.00672092105839896 0.003862073597689472 0.0008861320336730173 0.0004510763564405368 9.160837420029374e-05
 0.04878048780487805 0.03871467286101432 0.02999400119976005 0.02349730917911013 0.01739369249782579 0.006009615384615385 0.003497935364979695 0.0007894361885250636 0.0004640093111201765 9.531245408123957e-05
 0.05691519635742744 0.04120313143798929 0.03161555485298767 0.02347073492738741 0.01715102429728442 0.006585492300578683 0.003871654648405362 0.0009127262562821238 0.0004675692051128692 9.546174847738511e-05
 0.04373177842565598 0.02465078060805259 0.03354838709677419 0.02219263204616068 0.01492893825391138 0.006333408731056322 0.003735307789361843 0 0 0
 0.06533812479581835 0.05478297513695744 0.04687027517387361 0.0291970802919708 0.02116082224909311 0.007122845339284867 0.003953854129141662 0.0008903668117706493 0.0004521693315167922 9.165334870452973e-05
 0.0587293112653497 0.04387568555758684 0.04201680672268908 0.02570694087403599 0.01769507391974428 0.006492201629233457 0.003641786903440622 0.0008619946556331351 0.0004400048498312337 8.956444808894347e-05
 0.0634765625 0.04958677685950413 0.04264028654272557 0.02393529217563552 0.01649601820250285 0.006349114731389157 0.003668623265741729 0.0008433852718096556 0.0004303691980852483 8.75800187779522e-05
 0.04629629629629629 0.03515821195379207 0.0430045871559633 0.02569202718382231 0.01770518019304358 0.006921944035346097 0.003965374685722963 0.000918934648430919 0.0004591924465773553 9.352976972970693e-05
 0.06372325898953118 0.05001786352268668 0.0401952339936836 0.02383888203863543 0.01648945243645875 0.006681093956514793 0.00385027454131512 0.0009118125313435558 0.0004673911879233907 9.544965637129438e-05
 0.04132231404958678 0.02444987775061125 0.02192021043402017 0.02355886034013105 0.01774705772464039 0.006513276481013042 0.003827305327442611 0.0008968421615040997 0.0004587061947783619 9.350520784218231e-05
 0.05738880918220947 0.05414410662224074 0.04770318021201413 0.02635174702322858 0.01726342710997442 0.005258337008515114 0.004105055204440301 0.0009408656347866828 0.0004797308807663162 9.754842881333731e-05
 0.04962779156327544 0.04034291477559254 0.0446168768186227 0.0244246124941287 0.01620947630922693 0.006068930271185358 0.003356386408401565 0.000920275392411179 0.0004695781818324115 9.745675654765208e-05
 0.05743000717875089 0.04104669061056952 0.04114285714285714 0.02695226611816441 0.01949417739701431 0.007283100172973628 0.004120313143798929 0.0009264263105072184 0.0004711721191751347 9.560874987376658e-05
 0.05018820577164367 0.04403346543372964 0.03457814661134163 0.01739937362254959 0.01989083171431215 0.007139309659796375 0.00399923492897011 0.0008903771521480349 0.0004604678549349907 9.741393826461245e-05
 0.05543237250554323 0.03775959723096287 0.02745995423340961 0.01791900609246207 0.0185361454836932 0.006052080607170897 0.003311643559748315 0.0007207768805945435 0.0004579517474756628 9.347580637302137e-05
 0.03992015968063872 0.02098635886673662 0.0133422281521014 0.01561749159058145 0.0181604005104545 0.006936276727283693 0.003934717897834195 0.000920106042221366 0.0004697105213199648 9.555098680281621e-05
 0.0673226307612636 0.05187106335679882 0.042004200420042 0.01780943900267141 0.01614906832298137 0.00537209669774056 0.002985494011450248 0.0007857778050351108 0.0004470515975291653 9.349996220214293e-05
 0.07029053420805997 0.05530973451327434 0.04493708807669263 0.02896218825422365 0.02023381294964029 0.006476146194848972 0.00393269954175501 0.0008871420333681118 0.0004513476652570229 9.547581866039073e-05
 0.05643340857787811 0.03824091778202677 0.02780352177942539 0.02745063313557071 0.02021814312317106 0.006964229186451409 0.003867519864988398 0.0009410607867652283 0.0004797628209270584 9.754891431044564e-05
 0.06181318681318682 0.04497751124437781 0.03458877786318217 0.02097755401720159 0.01517358582180141 0.006836184220303468 0.003902472131258802 0.0008856202229452648 0.0004509454659884185 9.747767562294202e-05
 0.046875 0.02685765443151298 0.01793185893604304 0.02600991628058197 0.018126203693214 0.007048728164266013 0.004021837723126423 0.0009066952693656605 0.0004612057291564449 9.36100020096275e-05
 0.07063572149344097 0.05477308294209703 0.04509283819628647 0.02426477724934485 0.01618223688305222 0.006293068185393789 0.003611443115471594 0.0008445021947460448 0.0004306472040230279 9.744505043775697e-05
 0.04531722054380664 0.03629764065335753 0.02679767753461366 0.02277696793002916 0.01791170582657254 0.006292555422891994 0.00366038590925729 0.000813513623447787 0.0004129976252636547 9.539873990189432e-05
 0.03992015968063872 0.0250208507089241 0.01704545454545454 0.007664009809932557 0.01800425555131213 0.005552657703891908 0.003405161876156882 0.0007557744071531141 0.0003835785121284575 9.55877491554424e-05
 0.04594180704441041 0.02664298401420959 0.0178359096313912 0.02065666449228093 0.01306470466891288 0.005582556153947196 0.00304976498869793 0.0007550121189124728 0.0003833884659054603 7.770496977077432e-05
 0.06478209658421673 0.05289450484866294 0.04485363550519358 0.02179899036255163 0.01756075454596952 0.00642085493683484 0.003710575139146568 0.0008653396842856237 0.0004408739100617224 9.743315340014861e-05
 0.06351446718419196 0.04897959183673469 0.0430488731324386 0.02432379840435882 0.01601127193544255 0.006747744213417026 0.003872566737233438 0.0009018499436823493 0.0004599514408712851 9.356008050148203e-05
 0.07164790174002048 0.05802146794313896 0.049079754601227 0.02349072116513977 0.01608040201005025 0.007183683668051348 0.004060825989286331 0.0009247414577007845 0.0004706994495758312 9.748933138434253e-05
 0.03992015968063872 0.0307455803228286 0.02888980602558811 0.01986316486426837 0.02157497303128371 0.007258766977449431 0.00399776125369793 0.0008752241546307137 0.0004519254480202227 9.749798288611937e-05
 0.05780346820809248 0.04703668861712135 0.03661662394727206 0.02245028864656832 0.01431005110732538 0.00726036919749749 0.004076216577192268 0.0009094251272227705 0.0004619151000046191 0
 0.06324110671936758 0.0446677833612507 0.03354297693920336 0.02909539763710104 0.02056355249263602 0.006901089730215539 0.003809456310851635 0.0009234818343427504 0.0004703742611204315 0
 0.06439150032195749 0.04777830864787386 0.04028509451502944 0.02164033758926639 0.01733102253032929 0.0070048722778288 0.003919587485192669 0.0009398676512899204 0.0004794332902821808 9.753838981635513e-05
 0.06297229219143577 0.04694835680751173 0.0434449271658574 0.0216105550500455 0.01423825344091125 0.006299161726939415 0.003467252247046167 0.0009163820473120414 0.0004685262604088477 9.742220836661925e-05
 0.05095541401273886 0.03144654088050314 0.02448579823702253 0.007886435331230283 0.01013024602026049 0.007047110684619306 0.004008118572086439 0.0009071275131774747 0.0004696939748048324 9.745131014336878e-05
 0.0731981981981982 0.05588822355289421 0.04488618146841937 0.01927029804727647 0.01711318305204768 0.007335523802246505 0.004137931034482759 0.0009274054094784696 0.0004713983935135581 9.562059659682311e-05
 0.046875 0.02700270027002701 0.02964845404489623 0.02682701202590194 0.0182570593962999 0.006948304613674264 0.003901948372887528 0.0009362419249133976 0.0004784885231109957 9.163945373323197e-05
 0.03929273084479371 0.05067567567567567 0.04024144869215292 0.01626898047722343 0.01388705197725169 0.005744862451579017 0.00313935132032147 0.0007923302432453847 0.0004763867716143483 9.741204040651435e-05
 0.0558659217877095 0.0436442989634479 0.03290826820238585 0.02288805659592176 0.0147423440327012 0.007000795544948289 0.004114556099400818 0.0009262958009853471 0.000471105990014516 9.560743586832466e-05
 0.03952569169960474 0.03441156228492773 0.02458210422812193 0.009089531889107711 0.007031799359324947 0.006065224491065458 0.00339529012318809 0.0007552255800713398 0.0003834476466146488 9.537896846055961e-05
 0.07470651013874066 0.04968944099378882 0.03636363636363636 0.02705223880597015 0.01903992614816524 0.006685800013045464 0.003664345914254306 0.0009015108938960041 0.0004598677342121047 9.355691445314988e-05
 0.06626506024096386 0.05166931637519873 0.04144086707044948 0.01722995361166335 0.01875137877785131 0.006355932203389831 0.003484445079784858 0.0008847923430840014 0.0004507236564270744 9.159277850675895e-05
 0.04665629860031104 0.02690582959641256 0.01792114695340502 0.02136980446628913 0.01600379349179065 0.006414985405908202 0.003542268114273569 0.0008492650961696214 0.0004318891222835156 8.764215707267228e-05
 0.05966587112171838 0.04805382027871216 0.03713330857779428 0.01491121051918124 0.01583080040526849 0.005401755570560433 0.003415509918115339 0.0007562228414200702 0.000392321868707525 8.553133957791676e-05
 0.06109979633401222 0.04464285714285714 0.04346714395295321 0.02090835172493902 0.01293010559586237 0.005375802170480126 0.003750266354144471 0.0008480080483672953 0.0004315633677243566 9.549447136747486e-05
 0.05340453938584779 0.03238866396761134 0.02981260647359455 0.02289240569324176 0.01810202962150302 0.006727264193745209 0.004168758135459116 0.0009439832625988052 0.0004805038033346964 9.758236698577428e-05
 0.06527415143603134 0.0398406374501992 0.02735229759299781 0.02762430939226519 0.01976918144902757 0.007098687531549723 0.003997531958529951 0.0009073359073359074 0.0004697546510603733 9.745603937064879e-05
 0.06901840490797545 0.04896626768226333 0.03998667110963012 0.02772716469935832 0.01963029609029936 0.006177064725621463 0.00334941656784379 0.0009038930867564277 0.0004604868031340536 9.358271467526301e-05
 0.06560962274466922 0.05018820577164367 0.04860267314702309 0.02637451815784135 0.01712667149726632 0.006808676198813345 0.003741481448487818 0.0009179382342310642 0.0004689345513908306 9.548491616822213e-05
 0.05662514156285391 0.03610108303249097 0.0335195530726257 0.01615508885298869 0.01529861724036481 0.005585674388040086 0.003050996509301053 0.0008269469311614758 0.0004801713721827905 9.756868785845292e-05
 0.06342494714587739 0.04921700223713647 0.03934426229508197 0.02827521206409048 0.02069604052066881 0.00639504552262668 0.003766313392309714 0.0009170596012319168 0.0004687184164348301 9.550990049659179e-05
 0.05592841163310962 0.03563791874554526 0.03932244404113732 0.02941176470588235 0.02049763707794796 0.006140305991915264 0.003916619522172419 0.0008713601350801845 0.0004697091423991764 9.74665460998861e-05
 0.05370569280343717 0.04400977995110025 0.033809166040571 0.01274968125796855 0.01929984452903018 0.007197171198798385 0.004065075809339296 0.0009088114100305708 0.0004617644313665771 0
 0.05215123859191655 0.03167062549485353 0.02680965147453083 0.02634946924640518 0.01924076963078523 0.006829841642973999 0.003787545142253149 0.0009216837626203469 0.0004783497908439945 9.749536399595693e-05
 0.05927180355630822 0.04716981132075472 0.03716216216216216 0.02189096215990827 0.01842031816913201 0.006756213303305719 0.003725484978312355 0.0008686604676481887 0.0004417329675129943 9.356207335943384e-05
 0.04615384615384616 0.03988603988603989 0.03138485680659082 0.01720380777612112 0.01822347183171925 0.006045356512646233 0.003809457844885802 0.000868119190835748 0.0004415929533540456 8.962975739813976e-05
 0.05791505791505792 0.04842615012106537 0.04013761467889908 0.02409638554216868 0.0198903343726481 0.007225868609622448 0.004102634233063813 0.0009425614588543069 0.0004801398480798325 9.756775533033555e-05
 0.05688282138794084 0.03607503607503608 0.03191065017949741 0.02416626389560174 0.01681883709754926 0.006805412677059429 0.00378002039452864 0.0009441287714572531 0.000480546214325573 9.758604001824261e-05
 0.05780346820809248 0.05216095380029807 0.04543160020191823 0.02259887005649718 0.01763346710446309 0.006995833592438282 0.004133172505124291 0.0009421953536309132 0.0004800448303090509 9.756365630354801e-05
 0.05827505827505828 0.05124450951683748 0.04155535767289997 0.01789594784609485 0.01294542481433535 0.004818076092374148 0.003706266060486262 0.0008605457007136792 0.0004571962198627438 9.344744525620009e-05
 0.0709849157054126 0.04907306434023991 0.03683995088006549 0.01644944957611034 0.01517266492686776 0.006766612032539885 0.003843788437884378 0.0009010753471536563 0.0004597593208865725 9.355270580301463e-05
 0.05270092226613966 0.03184713375796178 0.03121342177136168 0.02803083391730904 0.01922852814357301 0.00639669340156473 0.003714132706825367 0.0008312680510823883 0.0004397533081664143 9.343897371402625e-05
 0.05340453938584779 0.03215434083601286 0.03678929765886288 0.01561889886762983 0.01788714835492438 0.005755159089040533 0.003485535029627048 0.0008059440291060929 0.000411009576523133 8.360764603866973e-05
 0.05580357142857143 0.03816793893129771 0.04082822980460776 0.02430251774083795 0.01809905117095377 0.005910068458292975 0.003229191894728345 0.000701770801656179 0.0003551399103271727 9.348599530063804e-05
 0.06066734074823053 0.041592394533571 0.03227107704719645 0.01365560562610952 0.007912644405760406 0.005981143657626745 0.003330295169319218 0.000915399886719264 0.0004682661859133825 9.740113883796863e-05
 0.0625 0.04854368932038835 0.03930560104814936 0.02800428300798946 0.02021458560099518 0.007091751505027264 0.00394650295987722 0.0008728880957461254 0.0004428140141779207 8.967980721631486e-05
 0.07178354500276091 0.05441607367099205 0.04480537664519742 0.02735479164767028 0.01838685952439324 0.007406721599851865 0.004160238520341833 0.0008911274699728788 0.0004523600904326825 9.742383543722426e-05
 0.06650041562759768 0.04576659038901602 0.0405295865982167 0.02670449803888843 0.01890148988214365 0.006692373880620797 0.004016888022836436 0.00090925095132799 0.0004618719769496402 0
 0.05161290322580645 0.03144654088050314 0.03302752293577982 0.02002670226969292 0.01294277929155313 0.004597857738875739 0.003978835978835978 0.0009206637218214564 0.0004696397471772694 9.744902322269886e-05
 0.06545454545454546 0.04672897196261682 0.03539127015336217 0.02680708472953566 0.01919912232583653 0.007054457343536737 0.003973086656474836 0.0009060066311974709 0.0004610292920355718 9.360511745151902e-05
 0.05524861878453038 0.03993154592127781 0.02959830866807611 0.02623254378520176 0.0185660459782668 0.007074746231928638 0.003979514153228597 0.0008896022897589371 0.0004519627464793576 9.551586827008624e-05
 0.06634499396863691 0.05423320277191926 0.04536290322580645 0.02325581395348837 0.0196651309135858 0.006414368184733803 0.003501589182782956 0.000885502590095076 0.0004509030313426618 9.35064914394807e-05
 0.06289308176100629 0.04587155963302753 0.03484320557491289 0.02170609941393532 0.01815911928271479 0.005569244270429001 0.003460776425190991 0.0007906510336315952 0.000402253798600353 8.165881314690958e-05
 0.05256241787122208 0.03169572107765452 0.02448579823702253 0.02796644027167399 0.0195858981533296 0.006036014888836726 0.003662620343239849 0.0008136948721724103 0.0004130410838198039 9.744466286632482e-05
 0.06798096532970768 0.04923682914820286 0.03765060240963855 0.02434229004774834 0.02040389243486449 0.006770480704129994 0.003975112340131351 0.0008893838503360325 0.0004519125726007372 9.164204616766908e-05
 0.05841121495327103 0.04329004329004329 0.03474635163307853 0.02356637863315004 0.01893090220694465 0.006669148210186736 0.003737375493246649 0.0008324508708791263 0.0004227161775447268 9.726211126666433e-05
 0.06891271056661562 0.04838709677419355 0.03630496167809601 0.01786397856322572 0.01062296077092344 0.006633552833821412 0.003648173688659519 0.0007978531911208669 0.0004702549075508242 9.557265642406543e-05
 0.048 0.03669724770642202 0.0267379679144385 0.02037697401935813 0.01431416479960169 0.006359401580311293 0.003524819132718252 0.0009154801979725928 0.0004682935966704325 9.54913557444914e-05
 0.07021650087770626 0.05483207676490747 0.0457280385078219 0.02589954675793174 0.01793319883434208 0.00684952357758227 0.003869969040247678 0.0009368290439946391 0.0004786446346866929 9.750549115107819e-05
 0.06342494714587738 0.04662004662004662 0.04116355653128431 0.01842525488269254 0.01787685998212314 0.006785097458672588 0.003811834011955297 0.0008844963178033726 0.0004506477081135201 9.548311172299871e-05
 0.07003891050583658 0.04955401387512388 0.04038521279900591 0.021549512570549 0.0145966871866472 0.006938555238609205 0.003898230203487616 0.0009050488244956278 0.0004607879277484529 9.35951634798841e-05
 0.05076142131979695 0.03081664098613251 0.03460207612456748 0.02305475504322766 0.01856173101400085 0.00682964687621265 0.004063320071108102 0.0008312535884057523 0.0004224051553075699 8.7586155415661e-05
 0.05148005148005148 0.03701418877236274 0.03210845522654299 0.02544097693351425 0.01767892785856858 0.005283250391983093 0.002837294868157314 0.0009278914707837275 0.0004763089748275567 9.740915502925456e-05
 0.06747638326585695 0.05008347245409015 0.04417936823503424 0.02633143633738215 0.01808529257336211 0.005964214711729622 0.003957057325717432 0.0008884854220788627 0.0004516827144952839 9.163257171394144e-05
 0.05482456140350877 0.04100461301896464 0.03598200899550225 0.02953724975385625 0.02056126701861628 0.006616819956328989 0.003722909187608031 0.0008166376306620209 0.0004586882881265121 9.542758716117242e-05
 0.06108202443280977 0.05046583850931677 0.04034761018001241 0.01685029163966299 0.009950248756218905 0.00715542172266778 0.004079412564590699 0.0009245847073689402 0.0004706662182263532 9.558991924643281e-05
 0.06939090208172707 0.04825737265415549 0.03617363344051447 0.01669663498587208 0.02029738022185509 0.006898543284348329 0.00380820801672069 0.000835923724876118 0.0004236119320644678 8.571371618793231e-05
 0.04754358161648178 0.02671415850400713 0.01769911504424779 0.02760636570315038 0.01921989824759751 0.005778578469696455 0.003717632818916699 0.0008314979144872075 0.0004224728020852471 9.73594526888694e-05
 0.06707317073170732 0.04975124378109453 0.04197271773347325 0.02644654592082064 0.01947918802542547 0.006631404436725349 0.003686765390051 0.0008311539703065411 0.0004223835792980967 8.758474321546684e-05
 0.06729475100942127 0.05310229178311906 0.04985754985754986 0.03045768850839645 0.02111390093585939 0.006834157771413694 0.003860529594468914 0.0008707093378739213 0.0004422621808832663 9.551271323959423e-05
 0.05605381165919282 0.03990877993158495 0.02946127946127946 0.02256699576868829 0.01581537019681349 0.00729405686325163 0.004123888483182268 0.0009268556422337221 0.0004712544597362153 9.561413957831775e-05
# name: avgRateB
# type: matrix
# rows: 100
# columns: 10
 0.07022471910112359 0.06128007262823422 0.05820355513607047 0.0408997955010225 0.03091998858338883 0.01213592233009709 0.006941622646620615 0.001819360267445959 0.0009335588137190358 0.0001908583616241092
 0.07421150278293136 0.06273806856374636 0.05426220899702434 0.04096092106719806 0.03156592586273087 0.01144306302962825 0.007786924323808918 0.001872163388804841 0.0009616524102506319 0.0001967770307538647
 0.06703584960652871 0.05824434891138538 0.0530849358974359 0.03717282819024341 0.02921096430148433 0.0121417478469575 0.007078888449888055 0.001838395730465188 0.0009526568058668264 0.0001963973193154581
 0.07012622720897616 0.06341413521530122 0.05877891543420554 0.04045270669515022 0.0323365912146205 0.01268703568065292 0.007601849266188836 0.001855635320799985 0.0009572635027335191 0.0001965923203493704
 0.0692450599560885 0.06249337993856583 0.05753291077523159 0.03692762186115214 0.02802748060293263 0.01173666315776737 0.007182709259890735 0.001835348818239289 0.0009518361303534773 0.000196362338100244
 0.07048458149779736 0.06240104312191487 0.05752961082910321 0.03816019161287703 0.03112892009139981 0.01299417231060009 0.007803878291029481 0.00187340334941811 0.0009619682453310531 0.0001967898995496891
 0.06870340593480485 0.05890736342042755 0.05373831775700934 0.03854505971769816 0.02880658436213992 0.01246455819304998 0.007358292229319965 0.001732498434087954 0.0009193186590721269 0.0001886799947566822
 0.07148915545862111 0.06304824561403508 0.0587984661269706 0.03998244673070359 0.03148155257803202 0.01246337227032259 0.007455169843044882 0.00178140628760615 0.0009140750047162381 0.0001868799165322722
 0.07493352671017646 0.06672058228871815 0.06164191650322219 0.04116222760290557 0.02800128741551336 0.01183231913455037 0.00716970473852304 0.001732808539889824 0.0009193978428023246 0.0001886833674618512
 0.06963470319634703 0.06354166666666666 0.05851318944844125 0.03842832469775475 0.03100073147793375 0.01267525479848932 0.007657027666872416 0.001830945239636756 0.0009413189528263345 0.000192849881874477
 0.07083536883243771 0.06181783058050807 0.05375630475179188 0.04069175991861648 0.03018843941656869 0.01294472469106147 0.007723544868221992 0.001838548873178036 0.0009433228303574901 0.0001928473130404944
 0.07128712871287128 0.05782869612656847 0.05301914580265096 0.03779697624190065 0.02880031779661017 0.01215253527028915 0.007319434278563502 0.001757801425142231 0.000903123934823585 0.0001943814247523719
 0.07993049522154648 0.06972321994506656 0.06443424777897101 0.04411695686863473 0.03371057067180352 0.01253272433576561 0.007538078955548648 0.001829463797363309 0.0009409263177091063 0
 0.07289468636102053 0.06417112299465241 0.05936146317984919 0.03845686758693276 0.03143093465674111 0.01362671409719433 0.007899288232555046 0.001820875668692631 0.0009291880461425003 0.0001890928083426951
 0.07213881848313512 0.06266449429753101 0.05635503673140787 0.03968657779586852 0.03044786687909365 0.01333170088016433 0.007894567248823871 0.001863659961928089 0.0009546809076482604 0.0001944391590942865
 0.06482982171799027 0.05969131065063529 0.05543556515478762 0.04088188056650606 0.03201386011826297 0.01267903917962437 0.007435065730883303 0.001832378502086668 0.0008893580008013996 0.0001963511997058302
 0.07140428425705542 0.05903851560303627 0.05349837406902339 0.0360890195816347 0.02648746750380144 0.008765949157494887 0.00481189071661528 0.001800122029324935 0.0009224366698676837 0.0001888670995898204
 0.07461726489129036 0.06766604205704768 0.06305170239596468 0.04202812651543725 0.03188775510204082 0.01252320476176445 0.007173298451411452 0.001633682300685954 0.0008326476235257239 0.0001967375743330199
 0.0746165538206439 0.06871103193790559 0.0614081524616199 0.03983096128624861 0.03132075471698113 0.01276823592404959 0.007533048211508553 0.00179912997861876 0.0009235908434231583 0.0001889134829939088
 0.05971520440973817 0.05386368344727574 0.04701627486437613 0.03879815934313814 0.03099836100619967 0.0125584618049541 0.007256288783612464 0.001738433746778229 0.0009275156204258262 0.0001905955017476218
 0.07533902561526871 0.06694903675365488 0.05954349983460139 0.03913176398654845 0.02938475665748393 0.01199491300075149 0.007413515292266493 0.0018353915939065 0.0008326468078770346 0
 0.06179775280898876 0.04987531172069825 0.05291005291005291 0.03748770894788594 0.02754265753056563 0.01223123471095661 0.007405097825239691 0.001825772832872853 0.0009230784179407578 0.0001945429124940024
 0.07951232441028359 0.06765645555346739 0.05897499792341556 0.04177857356013131 0.03263331669674051 0.01293016364738366 0.007688672822944281 0.001823164443735436 0.0009346231132295902 0.0001908958963148939
 0.06593406593406594 0.06575486586007365 0.060437567992264 0.04006720951273103 0.03168974233221413 0.01273128501103378 0.007419376112906417 0.00183368305639048 0.0009421207623990863 0.0001928908390970243
 0.07050889025137952 0.05946225439503619 0.05921107497289634 0.04264513561153124 0.0322932393893642 0.01232231659551996 0.007071838088583191 0.001806725535807042 0.0009302722209086434 0.0001907651770092193
 0.0620347394540943 0.06455314875914503 0.05997863774546053 0.04313302617390452 0.03321799307958478 0.01373334654754994 0.008001979871308365 0.001881488998990838 0.0009641633156310352 0.0001968771309712187
 0.07696168646478166 0.06875687568756875 0.06313928526329082 0.04262012278654422 0.03316237997917711 0.01315544878669584 0.007633461110834536 0.001762026790468201 0.0009617860074708428 0.0001967758573911695
 0.06193693693693694 0.05975013579576318 0.05894962486602359 0.04257024089748084 0.03354115697261464 0.01361346188932396 0.007960933973490911 0.001864599624796892 0.0009549516190327705 0.0001949084735663338
 0.07405515832482124 0.06469373709566414 0.05937342091965639 0.04152084939794768 0.03133412771966989 0.01281581838154522 0.007483614174458672 0.001798680336637225 0.0009233942417135086 0.0001926369395431804
 0.08135833038556774 0.06721215663354764 0.05589822667694681 0.04064008128016256 0.03028868906767629 0.01064315037251026 0.006015606201230621 0.001835484408683714 0.0009472561951038454 0.0001945858280361644
 0.07146783947223749 0.05533353827236397 0.04627249357326478 0.03930951974021535 0.03102338387559623 0.01221807151082774 0.007203736229936785 0.001768147019543668 0.0009426639104969474 0.0001944391590942865
 0.07493309545049064 0.06892963974509039 0.0635872825434913 0.04378957334753535 0.03297927017303409 0.01273406071831679 0.0073518968729375 0.001848160420324484 0.0009506192120142748 0.0001947252893111116
 0.07596475235490732 0.06363636363636363 0.05763990777614755 0.03893712181004998 0.03058764259239267 0.01304075902540287 0.007793860346747256 0.001858524559074531 0.0009533528349113916 0.0001948397294113554
 0.06815968841285297 0.05528255528255528 0.04633016337478663 0.04372958029655692 0.03442796610169492 0.01368262022177247 0.00795024471847024 0.001838003009729928 0.0009384549512296693 0.0001967792601815378
 0.07561929595827901 0.06590038314176246 0.06143086664776487 0.04551858675625881 0.03527040644944575 0.0130676729264246 0.007498083355097432 0.001710719290186045 0.0009343720435884558 0.0001908842434203593
 0.07886435331230283 0.06520972858653508 0.0580531929256109 0.04163978652278459 0.03208758021895055 0.01305342484187862 0.007766461696131181 0.001842582655028636 0.0009444038231803431 0.000196786965785505
 0.04335260115606936 0.05521273140630075 0.0553898593949723 0.03775285963824872 0.02912395153774464 0.01121274712304515 0.006420816964474296 0.001723672771965586 0.0008893933080887421 0.0001827147116324924
 0.06019563581640331 0.06092436974789916 0.0537833827893175 0.04278364473327918 0.03288672350791717 0.01343018470114229 0.007874209503186593 0.001834084161536963 0.0009373864883549258 0.0001910109453251066
 0.07702182284980744 0.06616800920598388 0.06066200712119214 0.04184656260378612 0.03087478559176672 0.0111280487804878 0.006283137092887144 0.001410129364881597 0.0007168219453565649 0.0001454358253463166
 0.07441327990841443 0.06623641304347827 0.0595503945213637 0.04347278225806452 0.03242992819087329 0.01308602639963587 0.007621086085842616 0.001818316125622915 0.0009332529698831489 0.0001963939297215233
 0.08031151131662205 0.0701530612244898 0.06185567010309279 0.04276916058394161 0.0327743253596663 0.0121213935113133 0.007751186900494138 0.00182549416697567 0.0009351484304605119 0.0001909207251407792
 0.03992015968063872 0.07588643202930787 0.07009910563210056 0.0451761102603369 0.03193475483934362 0.01162394222125787 0.006863647777684775 0.00178276446078013 0.000930252389101318 0.0001907155308993926
 0.06921456515197111 0.06392440244580322 0.05876341338783853 0.04031884326628973 0.03207526996685555 0.01304058172334122 0.007595145711219351 0.00176030399684676 0.0009151615990404433 0.0001869226525994776
 0.06919155134741442 0.0628823929299796 0.05638567803777841 0.04109506254910256 0.03098853424233034 0.01114413075780089 0.00743912186706131 0.001811409616320801 0.0009531612700729506 0.0001964161005650435
 0.07954545454545454 0.06665278067069361 0.06017191977077364 0.04285487540341781 0.03344834870783748 0.0136197259030162 0.007982471144995886 0.001869251574558342 0.0009630125366722956 0.0001968310988364499
 0.08141112618724558 0.06818181818181818 0.0576307363927428 0.04111582010247327 0.03233455486096141 0.01338482774005549 0.007849678653780112 0.001859547257167796 0.0009535801094865652 0.0001967146272824113
 0.08494208494208494 0.07202016564638099 0.06342236858153434 0.04103031684522453 0.03251893372127851 0.01293623026489871 0.007507569445017366 0.0017840535975251 0.0009147643946449303 0.0001869066335749135
 0.03992015968063872 0.02002002002002002 0.0129366106080207 0.0414722654224987 0.03069053708439898 0.01259752344141436 0.007375598242968596 0.001719128745551754 0.0008787200368671873 0.0001925369884396425
 0.07884362680683311 0.06838386140870754 0.05977286312014346 0.03979499547784143 0.03011635865845311 0.01210998717766064 0.007038696267834814 0.001653131258621935 0.0008471531273095878 0.000196508929544403
 0.06928406466512703 0.06241331484049931 0.0588774041606699 0.04029211785444472 0.03027427590258009 0.01065747198495416 0.005945303210463733 0.001849607996346081 0.0009509614414246567 0.0001947464947121359
 0.0764748725418791 0.06311537490532694 0.05795125276972899 0.04128666502341632 0.03205253488644803 0.01229754049190162 0.007667391678532868 0.001652822675189594 0.0008423048595113848 0.000196649724332841
 0.0785269428648795 0.06880047861202512 0.06301050175029171 0.04367059891107078 0.03354096789650216 0.01279076685109168 0.007300509337860781 0.001655973442807299 0.000843120723123076 0.000194498008578553
 0.07228044813877846 0.05989817310572028 0.05103172842245396 0.02570406794814484 0.03330068560235064 0.01277271984672736 0.007294688448945663 0.001670827731899366 0.0008941170982401443 0.0001906328195447887
 0.08463008463008463 0.07229428024665108 0.0638611429507123 0.04141713773996754 0.03287165281625115 0.01312087239222661 0.007553060248243913 0.001859208584231635 0.000953517946083425 0.0001948558841903877
 0.07487131492746842 0.0631768953068592 0.05530776092774309 0.04237007613373055 0.03225671316660383 0.01286964884243873 0.007503669376783153 0.001801945342255808 0.0009569784998830359 0.0001965785405731158
 0.0522466039707419 0.07050152219195642 0.06396278528855938 0.04047619047619048 0.03081070672058541 0.01287295820579569 0.007611705831862277 0.001833579070734566 0.0009420173739080611 0.0001927910459093119
 0.08038277511961722 0.07227671657201858 0.06439610761305095 0.0442263419362656 0.03341310335485619 0.01300333119046228 0.007478363162759432 0.001709749800209012 0.0008714989488155938 0.0001907430036062349
 0.07637608638398737 0.06587615283267458 0.05768515072571642 0.0398612238872075 0.03162774576491487 0.01260756747247592 0.007240337096624825 0.001652854441181445 0.0008423139343210608 0.0001966511696275248
 0.07381676074685192 0.06996197718631179 0.06336332530731213 0.04340376927470017 0.03328807323376112 0.01319415938544538 0.007577096961584119 0.001863189215333859 0.0009592716511972 0.0001966756256718509
 0.05802707930367505 0.06072382803011902 0.0594059405940594 0.04202192448233861 0.03173289183222958 0.013042060645582 0.007454973653445383 0.001870253523255375 0.0009611407867374221 0.0001967547001517992
 0.06921824104234528 0.05756776205325018 0.04984423676012461 0.04227804028848545 0.03313710966434057 0.0129373713613643 0.007739748906251273 0.001811998481736009 0.0009268663429464008 0.0001926801027600729
 0.07975895072669266 0.07013574660633484 0.06500206355757325 0.04401805869074492 0.0338409475465313 0.01272953398200307 0.00775864159116808 0.001851421532788109 0.0009514572344244995 0.0001965711635265581
 0.06953498478922208 0.05667181865018032 0.0504050405040504 0.03506261180679785 0.03187114461960247 0.01323768041677342 0.007697082557417753 0.001852572997047225 0.0009517612438936746 0.0001947804794183616
 0.0873015873015873 0.07527372262773722 0.06505931879066207 0.04390128144280969 0.0333633904418395 0.01169867994624931 0.006501150879412436 0.001810127185252227 0.0009607993850883936 0.0001967398028667175
 0.07313317936874518 0.06688466111771701 0.06096734859775098 0.04100678733031674 0.02979094971493143 0.009667693517729567 0.007526916909382466 0.001770737140735522 0.0009065387764650837 0.0001926434816595461
 0.0679501698754247 0.06436387041407422 0.05981794538361508 0.0400279560327848 0.02990742938523617 0.01332130715326441 0.007828235466799312 0.001831554245485505 0.0009367498682695497 0.0001909892467085689
 0.0380952380952381 0.0665595593298141 0.05813086898196453 0.041319803123291 0.03114983522188615 0.01246658263266522 0.007331318578375869 0.001647828411244321 0.0008415012774185089 0.0001964668512793564
 0.06211180124223602 0.06674945669046879 0.06503207663239299 0.04668534080298786 0.03546099290780141 0.01388970115211416 0.00798554196612449 0.001827699849359055 0.000930960005958144 0.0001891660425846613
 0.07909604519774012 0.0650872168706066 0.05729327965314339 0.03933707357967369 0.03256979241231209 0.01324808478774264 0.007665836201078217 0.001764023507530655 0.0009249739059992833 0.0001965906026514711
 0.07786052809749493 0.0655668358714044 0.05723630417007359 0.04064300879587504 0.03076237182345073 0.01148689911885306 0.006619520042901193 0.001791212500023569 0.0009213979643894236 0.0001887667490749436
 0.08449004224502113 0.06306306306306306 0.06067040800849386 0.04074577108284973 0.03065917220235054 0.0120556281125766 0.006985621262900529 0.001782537954784218 0.0009143844344532274 0.0001868925123503145
 0.07836198179979777 0.06796755097566323 0.05953524102170155 0.04178019981834696 0.03149889753858615 0.01309301612948157 0.007681997973260109 0.001806471732520485 0.0009254181185178114 0.0001889351990054451
 0.0576036866359447 0.06600101540023692 0.05895564289724874 0.04050073637702504 0.03125634260198904 0.01246130964344575 0.007628596338273758 0.001849164762467239 0.0009508608686793221 0.0001908723262962418
 0.09052504526252263 0.07982336956521739 0.07186544342507645 0.0468850729648948 0.03566782761948722 0.01312876879627509 0.007408875143223894 0.001728512192732951 0.0009596491755256502 0
 0.06706408345752608 0.04761904761904762 0.05848730559617174 0.04182325130318826 0.0316222655403942 0.011374082672442 0.007236355449779693 0.001828787758811175 0.0009407602312524428 0.0001927387178305171
 0.07661108607480847 0.06518082422203532 0.05700871898054997 0.0439453125 0.03403871391076115 0.01296261233050292 0.007470677590457454 0.00180836595299002 0.0009306473815848149 0.0001907343251650696
 0.08833922261484099 0.0777907429015947 0.06902502157031924 0.04520736421411256 0.03348376765176882 0.01276207839562443 0.007378464943906897 0.001831035101131655 0.0009413545801267432 0.0001927639206353181
 0.04587155963302752 0.06823529411764706 0.05917159763313609 0.04142592390711872 0.0319780721790772 0.01315637288919732 0.007599863035435406 0.001861065744996012 0.0009418993740738799 0.0001927863329197371
 0.0712166172106825 0.05708529214237743 0.06157290792051497 0.04405771560744576 0.03388009750857331 0.01273370086289549 0.007298167908194081 0.001811057638795873 0.0009591917211096783 0.0001967052858088064
 0.08059873344847439 0.07109004739336493 0.06444221681225834 0.04511830439116521 0.03523723674506269 0.01348404865733303 0.007814903186651481 0.001801484116276218 0.0009200118231306631 0.000192849881874477
 0.07807620237351655 0.0671803991306066 0.05938092229943146 0.04129684418145956 0.03106165971256375 0.01187630601782949 0.007555966400064306 0.001801128833797519 0.0009239941836997699 0.0001888757736202575
 0.07215007215007216 0.06630086877000457 0.05992917461182239 0.04204417599336768 0.03290468986384266 0.01350210970464135 0.007890129940577459 0.00187520598853662 0.0009624367732508684 0.000190825355442041
 0.07641921397379912 0.07085163667280714 0.06439628482972136 0.04542573420663427 0.03536892802046883 0.01388642675648526 0.007960849380729718 0.00182675796610691 0.0009307155733207931 0.0001910115534133963
 0.0396039603960396 0.06960900473933648 0.0634363611823458 0.04294117647058823 0.0326607310634871 0.01240061273615873 0.007135841231730148 0.001798649687413617 0.0009233421876989437 0.0001964917294844772
 0.03992015968063872 0.07054212932723709 0.06495068559057013 0.04286185295087372 0.03236245954692556 0.01261483207432362 0.007206199026739237 0.001700241663562293 0.0008690116310860106 0.000192723055578349
 0.06870705808869457 0.05597014925373134 0.06163708086785009 0.04441740188621843 0.03350621930509019 0.01268964747880411 0.00744163225252484 0.001817985558377221 0.0009331667889827996 0.0001908723262962418
 0.08567511994516792 0.07088607594936709 0.05961251862891207 0.03409195614115913 0.03033980582524272 0.01227992714829737 0.007232890962137035 0.001757343048479993 0.0009029950306144443 0.0001962952542350701
 0.07964601769911504 0.06313574184496668 0.05647438483259379 0.03911444887741532 0.02757158006362672 0.01216743578709955 0.006951214343237401 0.001851121237222122 0.0009560524882473143 0.0001965399440635408
 0.0673854447439353 0.05095541401273886 0.04498106060606061 0.0425531914893617 0.03284002217767732 0.01268782254155618 0.007372371004216333 0.001704285416104157 0.0008700667702925966 0.0001907187135387043
 0.06593406593406594 0.06774854261855995 0.06212349397590361 0.04361695202135278 0.03245728711175224 0.01218129121686899 0.007131381356765796 0.001754041840499129 0.0009433090511466017 0.0001962405076087797
 0.0823327615780446 0.07287080613329285 0.06623430384986891 0.04626416840157298 0.03527185134205093 0.01279048264809222 0.007188076453420399 0.001805760947663345 0.0009252243425550606 0.0001927229789965729
 0.0392156862745098 0.06977056218972226 0.06409466288672501 0.04407148031876358 0.03329836245039456 0.01254983020817954 0.007184636710957839 0.001787619404418463 0.0009157134479338972 0.0001869472997550792
 0.0751597143930853 0.06105006105006105 0.05141962888441762 0.04191844956176166 0.031974119771291 0.01320610036636278 0.007685632825089873 0.001868516812876535 0.0009606828417192536 0.0001967349548930467
 0.05977796754910333 0.06676437062367692 0.0621001129092962 0.04388439596263558 0.03283302063789869 0.01250204646593937 0.007370162307352147 0.001718862800371275 0.0008786651319315696 0.0001947097751459727
 0.07679870654810024 0.06379178361826997 0.05439161966156326 0.03969202811917173 0.03126797009775733 0.01264567675925793 0.007677391269935494 0.001837698973540924 0.0009499400956143786 0.0001947047074631308
 0.07971303308090873 0.06486486486486487 0.06032818532818533 0.03918703506907546 0.03052222268679182 0.01161768867573244 0.006625835662286253 0.001834286405857614 0.0009422095299151526 0.000192800204328464
 0.07522567703109327 0.0651330376940133 0.05828559943724249 0.04163997437540038 0.03208334770759306 0.01332046594446181 0.007893295531428203 0.00186442225739681 0.000954877181358459 0.000194911264657874
 0.07789317507418397 0.06426735218508997 0.05484861781483107 0.04360617841756856 0.03400385103855135 0.01301040832666133 0.007549924915581883 0.001830656633651283 0.0009365214082940678 0.0001910182046318333
 0.03766478342749529 0.02516778523489933 0.01691093573844419 0.04559703619264747 0.03477605061381824 0.01305521328404624 0.007494168862991437 0.001862943789905103 0.0009592140258406445 0.0001966738283752656
 0.07759456838021338 0.06755643433844126 0.06037385347730176 0.04139715394566624 0.0305221637866266 0.01117104934370085 0.006406959981790745 0.001583679325925022 0.0008099338879266181 0.0001651283206211053
