# Created by Octave 3.0.1, Wed Sep 09 10:59:20 2009 PDT <jwawerla@marvin2>
# name: prt
# type: matrix
# rows: 100
# columns: 10
 143.2 189 201.3 394.8 417.2 551.7 583.7 1011.6 1045.7 1125.6
 71.2 167.3 179.4 206 524.1 893.2 924.7 996.1 1030.2 1610.4
 79 180 192.2 599.8 615.5 825.5 856.8 1183.6 1217.7 1294.7
 65.5 121.7 133.5 263 280.3 420.2 1094 1361.1 1395.2 1819.8
 150.5 254 266.1 330.2 349 680.9 1265.2 1481.1 1515.2 1592.2
 141.9 259.1 270.6 570.6 781.8 842 865.1 938.6 972.6 1050.2
 122.7 135.2 146 176.2 401.2 640.4 664.7 1393.9 1427.9 1505.8
 50.6 59.3 138.6 300.6 317.6 1135 1160.4 1232.8 1266.9 1345.1
 57.9 67.7 107.9 243.3 260.8 692.5 718.5 791.5 825.5 903.9
 152.7 228.2 240 354.7 373.1 722.3 748.9 822.3 856.4 1860.4
 76.40000000000001 135.5 146.8 216.9 421.9 476 503 576.7 1712.3 1789.8
 76.2 88.2 125.4 342.8 613.7 668.4 1116.7 1190.7 1636.1 1713.9
 40.1 42.5 48.9 343 360.6 610.1 636 861.3 892.9 1246.2
 61.6 134.6 146.4 368.6 386.7 858.7 885 1184.9 1216.7 1883.2
 57.5 132.8 413.9 445.6 464.2 706.8 733.4 1006.2 1038.2 1115.8
 118.2 132.9 142.6 173.5 469.6 525.5 552.5 1632.5 1664.6 1742.4
 120.3 135.2 215.8 382.9 400.8 1096.3 1123.5 1196.5 1228.7 1306.7
 49.4 59.2 123 190.8 571.9 854.8 882.2 955.5 987.7 1065.8
 112.9 128 137.7 213.1 364.9 1030.4 1058 1518.3 1550.7 1628.8
 40.1 40.6 45.9 217.7 324.2 806.1 833.9 907.3 939.7 1874.3
 65.09999999999999 77.2 160.5 509.8 526.8 928.7 956.7 1302.3 1334.8 1712.1
 67 79.5 118.5 188.4 571.3 814 842.1 1424.4 1457.1 1534.6
 49.7 60 137.8 251.4 267.5 688.7 716.9 1269.1 1301.8 1379.4
 72.5 225.4 305.5 338.8 414.9 467.8 840.9 913.4 946.2 1023.9
 113.6 128.5 138.2 761 777.8 831.2 859.2 1190.9 1223.7 1301.5
 62.5 152.4 162.5 491.1 508.2 1075 1103.1 1175.8 1414.7 1492.6
 68.59999999999999 80.59999999999999 170 200.8 326.3 1223.1 1251.3 1324.2 1357 1435
 113.5 128.5 196.7 304.4 321.7 914.4 942.7 1206.7 1239.5 1317.6
 144.3 160.2 271 303.4 547.9 690.9 719.2 1665.5 1698.4 1776.6
 51.7 62.1 126 255.2 811.1 933.5 962 1450.1 1483 1561.2
 40.1 40.6 45.5 422.1 548.7 863 891.5 1135.4 1168.4 1246.6
 69.8 82.40000000000001 143.9 547.3 563.8 1013.3 1041.9 1114.7 1147.7 1226
 71.90000000000001 164.9 174.7 204.9 221.3 945.1 973.8 1046.7 1079.8 1444.8
 120.8 136.3 145.9 410.4 427.4 934.8 963.5 1356.7 1389.8 1468.2
 74.8 166.6 176.6 254.3 271.3 786.6 815.4 1420.3 1453.4 1531.9
 107 161.5 171.5 589.2 606.5 658.1 687 759.9 793 871.5
 96 153.7 163.7 590.1 607.5 659.4 1052.2 922.6 956.4 1033.7
 51.2 61.4 141.5 251.3 268.7 1047.7 1076.2 1538.9 1572.8 1652.5
 69.2 185.4 195.6 539.6 557.3 731.4 760.1 1337.8 1371.7 1451.4
 65.59999999999999 77.5 189.2 370.8 437.7 911.4 940.1 1212.4 1246.4 1326.2
 40.1 40.1 40.1 40.1 40.1 40.1 40.1 40.1 40.1 40.1
 40.1 40.1 44.2 231 248.7 300.1 980.8 1061.4 1095.5 1868.3
 63.4 75.2 283.7 313.6 392.9 628.7 656.9 739.8 774 1784.2
 40.1 41.3 46.3 64.09999999999999 519 751.3 779.6 862.6 896.7 970.3
 40.1 45 50.4 231.5 248.8 919.6 948 1030.2 1064.4 1138.7
 75.59999999999999 88.7 97 123.3 139.3 841.9 870.3 1216.1 1250.2 1325.3
 64.7 76.90000000000001 160.3 189.8 207 453.1 1500.4 723.6 770.9 1240.4
 65.7 121.4 162.9 230.9 625 676 703.8 1523.6 1557.5 1637.2
 40.1 40.1 43.8 61.4 263.8 871.6 1011.4 1247.2 1281.1 1360.9
 99.3 140.5 201.7 452.4 469.6 520.4 1053.3 1124.6 1158.6 1729.4
 40.1 41.3 46.4 345.7 363.1 414.1 1324.1 1273.7 1316.1 0
 59.2 71 221.5 251.6 268.9 536.3 879.2 1090.9 1125 1752.7
 63.9 103.3 111.9 139.5 245.5 433.1 460.2 858.7 897.9 1306.3
 83.3 97.5 177.8 450.4 578.9 630.2 954.4 1029.5 1063.5 1768
 122.4 138.5 147.8 407.5 484.2 535.9 562.9 1052 1086 1161.8
 40.1 40.1 43 60 652.5 961.5 988.5 1790.7 1824.7 1902
 177.1 194.4 204.4 234.7 305 356.8 834 905.7 939.7 1518.5
 143.7 160.5 170.4 367.6 723.3 841 867.8 1104.8 1138.8 1215.6
 79.90000000000001 140.1 149.8 179.5 257.2 309.2 649.2 724.8 1543.2 1620.4
 64.8 141.4 151.1 181.1 500.7 553.1 579.9 1610.6 1640.6 1718.3
 81.2 140.1 149.9 305.1 321.9 881.5 908.3 981.9 1436 1304.9
 72.40000000000001 148.9 158.8 189.1 584.2 700 727 1120.9 1151.1 1237.6
 63.5 104.1 113.1 571.3 587.8 711.5 738.5 1414.8 1445.4 1526.1
 50.8 109.9 119.2 396.7 413.3 466 1208.2 1636.4 1667.4 1747
 51.7 211.6 251.3 498 680.8 733.6 1206 1457 1488.2 1827.5
 40.1 40.1 42.8 496.6 513.4 566.5 593.2 665.7 1348.9 1427.8
 83.09999999999999 157.4 167.5 425 441.9 495.1 789.6 1155.5 1186.3 1266.4
 40.1 42.8 48.3 269.8 286.7 741.3 767.9 1580.7 1611.7 797.8
 118.6 134.4 144.4 419.6 436.7 1073.5 1100.2 1172.6 1402.7 1770.7
 40.1 40.1 40.1 40.1 40.1 40.1 40.1 40.1 40.1 40.1
 93.40000000000001 148.5 158.8 269.1 844.9 898.1 924.9 999.5 1615.2 1706.3
 65.3 143.5 241.4 271.4 474 825.5 1003.2 1077.7 1594.4 1681.1
 40.1 40.1 43 60 447.6 952.9 979.9 1054.4 1085.2 1619
 143.2 232.4 243.1 273.4 616.9 804.2 831.1 1446.1 1477.1 1560
 104.9 119.9 129.7 494.3 510.4 913.7 940.8 1015 1046.1 1433.9
 110.7 126.1 169.6 365.2 381.4 984 1011.1 1085.3 1116.5 1199.2
 40.1 40.1 40.1 40.1 40.1 40.1 40.1 40.1 40.1 40.1
 40.1 40.2 45.5 113.1 243.7 1068.2 1095.3 1457.2 1488.6 1986.6
 40.1 40.8 46.1 259.4 588.5 730.3 757.6 833.2 864.6 1993.4
 79.3 92.90000000000001 132.3 472.3 488.4 541.4 568.6 1075.1 1106.7 1189.1
 63.8 122.4 166 240.6 256.6 1015.6 1042.9 1118.3 1150 1232.2
 64.7 249.1 260.1 405.4 421.7 746.3 773.7 849.1 880.9 1796.6
 163.7 222.3 233.2 322.5 400.8 654.8 682.2 757.8 789.6 1373.7
 64.3 145.9 156.4 517.6 534 1115.7 1143.2 1218.6 1250.5 1713
 40.1 40.5 45.9 304.4 320.9 882.1 909.6 1356.3 1388.2 1706.7
 137.8 252.5 263.6 329.2 555.2 607.7 635.2 710.5 742.5 1666.6
 116.3 131.6 141.9 417 433.6 486.2 513.8 1016.2 1663.7 1742.4
 71.7 112.2 122.1 368.7 385.3 438.1 465.7 541.5 573.1 652.4
 86.5 146.7 157.3 603.1 619.8 1115.4 1143.1 1532.1 1563.8 1643
 40.1 40.1 42.3 559.7 576.5 1106.2 1133.9 1209.2 1241 0
 155.2 171.5 294.6 388.7 496 919.7 947.5 1022.7 1054.6 1128.7
 51.5 61.9 121 193.7 210.2 938.5 1303.1 498.2 532.3 612.3
 85.5 195 205.7 332.9 349.8 954.8 982.6 1050.1 1084.1 1164
 65.5 208.3 219 248.6 347.4 399.7 427.5 1373.5 1407.5 1487.4
 112.1 127 137.1 356.9 373.9 426.3 563 1090.4 1124.5 2140.5
 55.5 66.2 151.1 179.8 580.4 632.9 660.8 1276.7 1310.7 1801.4
 49.4 59.3 155.5 184.3 425.6 648.1 676 1463.9 1710.2 2066.9
 73.2 155.2 165.6 369.9 386.6 439.3 1152.7 1223.7 1257.4 1333
 40.1 40.1 40.1 40.1 40.1 40.1 40.1 40.1 40.1 40.1
 247.1 289.1 300.1 577.1 594 757.8 785.5 862.3 896.1 1264.9
# name: collected
# type: matrix
# rows: 100
# columns: 10
 6 7 7 15 15 16 16 21 21 21
 3 7 7 7 16 22 22 22 22 26
 3 7 7 17 17 19 19 22 22 22
 3 5 5 9 9 10 24 25 25 28
 8 12 12 13 13 17 26 27 27 27
 9 14 14 23 28 28 28 28 28 28
 9 9 9 9 17 20 20 28 28 28
 2 2 5 10 10 28 28 28 28 28
 3 3 4 8 8 21 21 21 21 21
 10 13 13 15 15 23 23 23 23 29
 4 6 6 7 12 12 12 12 25 25
 4 4 5 10 16 16 26 26 29 29
 1 1 1 13 13 15 15 16 16 17
 3 6 6 14 14 23 23 26 26 29
 3 6 19 19 19 22 22 23 23 23
 8 8 8 8 18 18 18 29 29 29
 7 7 10 16 16 28 28 28 28 28
 2 2 4 5 16 20 20 20 20 20
 6 6 6 7 10 26 26 28 28 28
 1 1 1 6 8 20 20 20 20 28
 3 3 6 17 17 24 24 28 28 29
 3 3 4 5 17 21 21 27 27 27
 2 2 5 7 7 16 16 23 23 23
 4 12 15 15 16 16 23 23 23 23
 6 6 6 25 25 25 25 27 27 27
 3 7 7 18 18 28 28 28 29 29
 3 3 7 7 10 28 28 28 28 28
 7 7 9 12 12 24 24 25 25 25
 9 9 14 14 19 20 20 28 28 28
 2 2 4 7 23 24 24 27 27 27
 1 1 1 16 19 24 24 25 25 25
 3 3 5 19 19 26 26 26 26 26
 4 8 8 8 8 26 26 26 26 27
 6 6 6 17 17 25 25 28 28 28
 4 8 8 9 9 23 23 28 28 28
 6 8 8 21 21 21 21 21 21 21
 5 7 7 18 18 18 27 9 9 9
 2 2 5 8 8 26 26 29 29 29
 3 8 8 19 19 21 21 28 28 28
 3 3 7 13 14 25 25 27 27 27
 0 0 0 0 0 0 0 0 0 0
 1 1 1 7 7 7 20 20 20 28
 3 3 11 11 12 14 14 14 14 25
 1 1 1 1 15 19 19 19 19 19
 1 1 1 5 5 22 22 22 22 22
 4 4 4 4 4 21 21 23 23 23
 3 3 6 6 6 12 29 7 7 8
 3 5 6 7 18 18 18 25 25 25
 1 1 1 1 7 22 23 24 24 24
 6 7 9 18 18 18 26 26 26 29
 1 1 1 14 14 14 26 9 9 0
 3 3 10 10 10 17 23 24 24 28
 3 4 4 4 6 8 8 8 8 9
 4 4 7 14 16 16 23 23 23 27
 6 6 6 16 17 17 17 23 23 23
 1 1 1 1 15 20 20 29 29 29
 12 12 12 12 13 13 23 23 23 27
 8 8 8 13 23 24 24 25 25 25
 4 6 6 6 7 7 12 12 26 26
 3 6 6 6 15 15 15 28 28 28
 4 6 6 10 10 24 24 24 27 9
 3 6 6 6 19 20 20 22 22 22
 3 4 4 20 20 21 21 28 28 28
 2 4 4 13 13 13 24 27 27 27
 2 9 10 16 19 19 26 27 27 28
 1 1 1 20 20 20 20 20 26 26
 4 7 7 14 14 14 18 20 20 20
 1 1 1 7 7 16 16 25 25 8
 7 7 7 15 15 27 27 27 28 29
 0 0 0 0 0 0 0 0 0 0
 5 7 7 9 24 24 24 24 29 29
 3 6 10 10 15 22 24 24 27 27
 1 1 1 1 16 22 22 22 22 24
 8 12 12 12 20 23 23 29 29 29
 5 5 5 14 14 19 19 19 19 21
 6 6 7 13 13 24 24 24 24 24
 0 0 0 0 0 0 0 0 0 0
 1 1 1 2 4 24 24 26 26 29
 1 1 1 7 18 19 19 19 19 29
 4 4 5 18 18 18 18 23 23 23
 3 5 6 7 7 23 23 23 23 23
 3 11 11 14 14 21 21 21 21 29
 9 11 11 13 14 19 19 19 19 23
 3 6 6 17 17 26 26 26 26 29
 1 1 1 10 10 23 23 27 27 28
 8 12 12 13 19 19 19 19 19 28
 6 6 6 15 15 15 15 19 26 26
 3 4 4 12 12 12 12 12 12 12
 4 6 6 19 19 25 25 27 27 27
 1 1 1 20 20 29 29 29 29 0
 8 8 15 17 19 26 26 26 26 26
 2 2 4 5 5 24 27 7 7 7
 4 9 9 12 12 26 26 26 26 26
 3 9 9 9 11 11 11 25 25 25
 6 6 6 11 11 11 12 19 19 27
 2 2 5 5 17 17 17 22 22 26
 2 2 5 5 12 14 14 25 26 27
 3 6 6 14 14 14 27 27 27 27
 0 0 0 0 0 0 0 0 0 0
 15 16 16 23 23 25 25 25 25 26
# name: avgRate
# type: matrix
# rows: 100
# columns: 10
 0.0391644908616188 0.02928870292887029 0.02323265847992034 0.01676352257487707 0.01058425063505504 0.002882000108075004 0.00151175864773189 0.0004116710708936791 0.0002078267556165181 4.190566197376466e-05
 0.03694581280788177 0.03221352968246664 0.02505368647100931 0.009915014164305949 0.01049799881897513 0.003733116133849182 0.002013785275568208 0.0004314055388549321 0.0002177566707776487 5.183305609293587e-05
 0.03370786516853932 0.03043478260869565 0.02395619438740589 0.0154573558828878 0.01052305787681832 0.003261522616084456 0.001750055264903102 0.000429825178377449 0.0002173532889998488 4.388636065771292e-05
 0.03973509933774835 0.029120559114735 0.02141327623126338 0.01179554390563565 0.007029602436928845 0.001844950370835025 0.002163331530557058 0.0004867496996754353 0.0002465599949504513 5.579692152441973e-05
 0.04984423676012461 0.03947368421052631 0.03277792952745152 0.01565887737894483 0.009636767976278725 0.002992483585347392 0.002307992756453503 0.0005244643179730037 0.000265970022223273 5.382858824359709e-05
 0.05924950625411455 0.04529278550630864 0.03777657852131678 0.02148328040351205 0.01571444606577618 0.004792879150975694 0.00257705865569576 0.000549681381113733 0.0002773029514937716 5.588262413626419e-05
 0.06782215523737754 0.04859611231101512 0.03658536585365853 0.01330967169476486 0.01213245789323437 0.0035458478122119 0.001875345766875768 0.0005448117383580541 0.0002760581654554615 5.583185678012099e-05
 0.033003300330033 0.01829826166514181 0.02095557418273261 0.01249063202598051 0.007589556769884639 0.004563977180114099 0.002508870649797498 0.0005465248824971503 0.0002764970587625374 5.584975299449421e-05
 0.04418262150220913 0.02548853016142736 0.01924001924001924 0.01076281447598547 0.006345177664974619 0.003689064558629776 0.001959229369781219 0.0004134550072354626 0.000208280643289644 4.192420941422097e-05
 0.06146281499692687 0.04672897196261683 0.03823529411764706 0.01755001755001755 0.01092418614813197 0.004019362843611834 0.002139753835276168 0.0004525572435722114 0.0002280470054453659 5.778499359582864e-05
 0.04629629629629629 0.03234501347708895 0.02431118314424635 0.00976426279815874 0.008439412054293551 0.002191380569758948 0.001142530705512711 0.0002372634038994241 0.0002457913153079814 4.982165839162136e-05
 0.04640371229698376 0.02894356005788712 0.02218278615794144 0.01186521120075937 0.009915101939641817 0.002822666008044598 0.002338823571743413 0.0005079047561373453 0.0002853316882485652 5.780186676111624e-05
 0.01996007984031936 0.01081081081081081 0.006715916722632639 0.01542111506524318 0.009554608261061297 0.002673749131031532 0.001410304625799173 0.0003145810272250217 0.0001585840034333437 3.391546908485291e-05
 0.04189944134078213 0.03250270855904659 0.02435064935064935 0.01611789085885333 0.01009591115598183 0.003925785583832591 0.002112999540652274 0.0005079623091966576 0.0002568746066607586 5.778236848732932e-05
 0.04444444444444445 0.03282275711159737 0.03697217357462541 0.02009306260575296 0.01297636934844966 0.003855050115651503 0.002049676710082546 0.000450925573753779 0.0002276366760294621 4.589757497169317e-05
 0.062402496099844 0.04373974849644614 0.03297609233305853 0.01187824795842613 0.01224823081110506 0.003257623744457515 0.001705756929637527 0.0005616617440565535 0.0002852517001984958 5.779858349623233e-05
 0.05372217958557175 0.03779697624190065 0.03166561114629513 0.018122097632801 0.01142204454597373 0.004592949822023194 0.002517193329437677 0.000546912386588927 0.0002766013986152149 5.58540310751881e-05
 0.03367003367003367 0.01831501831501832 0.0179372197309417 0.007237984944991315 0.01017876455245244 0.003416000546560087 0.001837863667273162 0.0003924993376573677 0.0001980439202001828 3.991491736215084e-05
 0.04882017900732302 0.03370786516853932 0.02524190155658393 0.009816295049782639 0.007326544069162576 0.00431148845847705 0.002351238922047387 0.0005434961945561092 0.0002757243426190071 5.581816674002769e-05
 0.01996007984031936 0.01103752759381899 0.006854009595613434 0.008360039013515395 0.006041383476816191 0.003444653037322816 0.001846057283157496 0.0003928709634963944 0.0001981380963089845 5.579086237330742e-05
 0.03994673768308922 0.02358490566037736 0.02303262955854127 0.01683501683501683 0.01113439874246791 0.004048104980855837 0.002190440552356092 0.0005457844969913629 0.0002763117902240889 5.780207413773756e-05
 0.03896103896103896 0.02316602316602316 0.01830663615560641 0.00726321905868681 0.01081906701457392 0.003611971104231166 0.001936894144123371 0.0005250425867875949 0.0002661223315076027 5.383477032292488e-05
 0.03350083752093802 0.01818181818181818 0.02102607232968881 0.009315943571998936 0.005522682445759369 0.002812593386889799 0.001492969048885405 0.0004486132972882302 0.0002270443368232351 4.587344434174998e-05
 0.04848484848484848 0.04357298474945534 0.03699136868064119 0.0178826895565093 0.01130821966216694 0.002926222612385237 0.002121595070519975 0.0004517474770885464 0.0002278441387590618 4.590599370608867e-05
 0.04854368932038835 0.03361344537815126 0.02518891687657431 0.01982553528945281 0.01406232422094724 0.004287282206063932 0.002302195373508177 0.0005274374937733074 0.0002667359521534976 5.385980293296549e-05
 0.04137931034482759 0.03458498023715415 0.02666666666666667 0.01816163858339219 0.01193475666357247 0.004609053497942387 0.002521818230944511 0.0005471336061185169 0.0002859546002699806 5.782737372395924e-05
 0.03816793893129771 0.02297090352220521 0.02592592592592593 0.009988584474885846 0.007539772298876574 0.004499365268113962 0.002488601317181126 0.0005455516111308117 0.0002762512702625374 5.583973994635396e-05
 0.05668016194331984 0.0392156862745098 0.03033367037411527 0.01491795126802586 0.009079216161004766 0.004057892601109158 0.002193242983907079 0.0004882173621811209 0.0002469391887553771 4.986858630137861e-05
 0.05832793259883344 0.0428163653663178 0.03773584905660377 0.01742593975603685 0.01227469474772272 0.003514382610834842 0.00186581088140906 0.0005419477214001606 0.0002753238989010643 5.580172530962982e-05
 0.03241491085899514 0.01784121320249777 0.01769911504424779 0.009269067796610169 0.01269946441389211 0.004044830201398837 0.002189381499726327 0.0005247803211266839 0.0002660544130544032 5.383191522789243e-05
 0.01996007984031936 0.01103752759381899 0.006872852233676976 0.01735169721288363 0.0122683541034416 0.004093467508101654 0.002203553229582702 0.0004888981019020092 0.0002471127348065206 4.987565002934684e-05
 0.03759398496240601 0.02265861027190332 0.02050020500205002 0.01814188866609377 0.01214989129044635 0.004323749022999018 0.002354667222126627 0.0005086599354001883 0.000257049838997822 5.187280787509028e-05
 0.04884004884004884 0.03722661703117729 0.02912267928649436 0.01134912753582068 0.006550397117825268 0.004373349481085263 0.002369279556762471 0.0005093375281849758 0.0002572225113227371 5.384441118942703e-05
 0.04587155963302752 0.0322061191626409 0.02440016266775112 0.01867311072056239 0.01190976600812666 0.004212441868302217 0.002280293701828796 0.0005452063703470044 0.0002761619018875666 5.583604304320793e-05
 0.04716981132075472 0.03693444136657433 0.02892263195950831 0.01193159220469309 0.0070793675764965 0.003974700169356789 0.002126597259463358 0.0005445320233448657 0.0002759887790847818 5.582895125913227e-05
 0.05128205128205128 0.03782505910165485 0.02946593001841621 0.01928020565552699 0.0130718954248366 0.003711493257453916 0.001965004210723309 0.0004137123989605968 0.0002083478019306896 4.192692137604156e-05
 0.04716981132075472 0.03436426116838488 0.02654531664770573 0.01651224658288231 0.01119751166407465 0.003180549174824186 0.002442952534337055 0.0001767388153786335 8.914739432071667e-05 1.79628635758433e-05
 0.03267973856209151 0.01795332136445242 0.02070393374741201 0.01064820976973246 0.006305667218412548 0.004299155050680424 0.002347375453675448 0.0005626817801699298 0.0002855095064820503 5.780894144851267e-05
 0.03787878787878788 0.03398470688190314 0.02706359945872801 0.01827626010003848 0.01220060360881012 0.003664026241406986 0.001951654724398472 0.0005454070879546845 0.0002762112108211661 5.583791370409973e-05
 0.03968253968253969 0.02352941176470588 0.02420470262793914 0.01492880110243454 0.00973777561382764 0.004229116622119972 0.002285171067906143 0.0005272160648592918 0.0002666761484852795 5.385714929720409e-05
 0 0 0 0 0 0 0 0 0 0
 0.01996007984031936 0.01109877913429523 0.006934812760055479 0.009575923392612859 0.005605830063265796 0.00132072979755099 0.001821360920880082 0.0003916853043590657 0.0001978327423080157 5.579152937135101e-05
 0.04087193460490463 0.02396166134185303 0.02866823038832421 0.01352015732546706 0.008615119534783545 0.002487252829250093 0.001313702859180437 0.0002759175243103047 0.0001389247226467144 4.9822214410099e-05
 0.01996007984031936 0.01095290251916758 0.00683526999316473 0.001772735330615139 0.009874917709019092 0.003303600925008259 0.001762588593268767 0.0003735554218620362 0.00018831141157243 3.792640002810546e-05
 0.01996007984031936 0.01052631578947368 0.006648936170212766 0.00683526999316473 0.004003843689942345 0.003716467328873572 0.002009499451954695 0.0004311172599754655 0.0002176829823360155 4.390002208969293e-05
 0.04672897196261683 0.02883922134102379 0.02030456852791878 0.006417455478902615 0.003510927762661284 0.003594720895599035 0.00193186940562818 0.0004490775361653855 0.0002271600451159603 4.587839472693678e-05
 0.04016064257028112 0.02364066193853428 0.02305032654629274 0.008698173383589447 0.004971002485501243 0.002200583154535952 0.002521651420820145 0.0001380028231434677 6.946449818350337e-05 1.596040542621863e-05
 0.03963011889035667 0.02917152858809802 0.02282236591860023 0.009577233547680941 0.01107692307692308 0.003171247357293869 0.001681645770660887 0.0004852145424620951 0.0002461659650936661 4.983681433514102e-05
 0.01996007984031936 0.01109877913429523 0.006954102920723226 0.001781261132882081 0.005538851084032284 0.003746849240411472 0.002088744392175382 0.0004683182690956774 0.0002369642509806864 4.786970822814463e-05
 0.05489478499542544 0.03674540682414698 0.02983095790520385 0.01889962200755985 0.01224823081110506 0.003260633287442939 0.00235223869794541 0.0005085614361774957 0.0002570221414689408 5.780008107956201e-05
 0.01996007984031936 0.01095290251916758 0.006830601092896175 0.01655433368806905 0.0102707064778813 0.002585840675273822 0.00229598820215293 0.0001755285848300396 8.883089657023907e-05 0
 0.04335260115606936 0.02479338842975207 0.03110419906687403 0.01330494944119212 0.007880841673890771 0.003070642848111555 0.002114126038679315 0.0004697509732652977 0.0002373300370828183 5.580438331472855e-05
 0.04059539918809201 0.02609262883235486 0.01887682869277961 0.006254886630179828 0.004817342432757929 0.001472455872338076 0.0007648037322422133 0.0001572985546229062 7.928807239793891e-05 1.795309574206428e-05
 0.04287245444801715 0.02711864406779661 0.0251979841612671 0.01473063973063973 0.01013363734245361 0.002841817342190331 0.002099612940918718 0.0004507196817527117 0.0002275796899968831 5.380972879896685e-05
 0.04531722054380664 0.03183023872679045 0.02421307506053269 0.01763085399449036 0.01145398194313435 0.003070864719377157 0.001609406507682549 0.0004505210373736582 0.0002275290346833389 4.589336218363012e-05
 0.01996007984031936 0.01109877913429523 0.006993006993006993 0.001785714285714286 0.009077155824508321 0.003354860353937767 0.001820084633935478 0.000559946090707405 0.000284803196081108 5.778020410358994e-05
 0.06413682522715126 0.04909983633387888 0.03942181340341656 0.01633319722335647 0.00996168582375479 0.002426821983273596 0.002122946280228909 0.0004518158084458126 0.0002278588107553321 5.383649855389183e-05
 0.0520494469746259 0.03800475059382423 0.02958579881656805 0.01498386353158137 0.0133464863923867 0.004108885464817668 0.002208358637442721 0.0004891908392166685 0.0002471850565757158 4.987873481990585e-05
 0.04449388209121245 0.03156233561283535 0.02401921537229784 0.008830022075055188 0.005567928730512249 0.001318466058916598 0.001126845209029786 0.0002365706715452796 0.0002560486571232736 5.183202278057272e-05
 0.04010695187165775 0.03134796238244514 0.02389486260454003 0.008809279107326384 0.009995335510095288 0.00270119392771605 0.001417782776774828 0.0005425242101428777 0.0002754804674509989 5.580820950720753e-05
 0.04385964912280702 0.03156233561283535 0.02400960384153662 0.01242081728977767 0.007564868749527195 0.00408059168579444 0.002200159511564589 0.0004707553072757194 0.0002661776883946528 1.795314587988268e-05
 0.03640776699029126 0.0301659125188537 0.0231839258114374 0.0087070091423596 0.01199343517232673 0.003508771929824561 0.001864454181038501 0.0004303523607761209 0.0002174963989516673 4.389136010546695e-05
 0.04081632653061224 0.02595717066839714 0.01877053026748006 0.01866890693549893 0.01259604484191964 0.003676792436312702 0.001955580388322391 0.0005445902736177132 0.0002760105436027656 5.582959690432861e-05
 0.03289473684210526 0.02501563477173233 0.01824817518248175 0.01449760231961637 0.009198330149295974 0.002378338821807538 0.00214128941310826 0.0005228869557134115 0.0002655718548915385 5.381198093860053e-05
 0.03241491085899514 0.03440366972477064 0.02846569883290635 0.01603206412825651 0.01130414088529272 0.003313799358169387 0.002320185614849188 0.0005247099519987562 0.0002660407810957333 5.579606538103233e-05
 0.01996007984031936 0.01109877913429523 0.007002801120448179 0.02006823198876179 0.01321527686005022 0.003592921943770771 0.00188800362496696 0.0003947443734123875 0.0002565395381696299 5.185193162405435e-05
 0.04296455424274973 0.03375120540019286 0.02616822429906542 0.01513513513513513 0.009709411193564046 0.00254772433622682 0.001668273151924075 0.0003909648033935745 0.0001976552161705685 3.98989439547514e-05
 0.01996007984031936 0.01077586206896552 0.006743088334457181 0.009093270979475189 0.005440273568042279 0.002786825283472384 0.00148589790024053 0.0004846774084105101 0.0002460346593945382 1.597451107013649e-05
 0.05443234836702955 0.03796095444685466 0.02864157119476268 0.01631143975641583 0.01044059302568386 0.004445542109162756 0.00243238860561071 0.0005276261124117203 0.0002761267698000152 5.779532364085827e-05
 0 0 0 0 0 0 0 0 0 0
 0.0483558994197292 0.03526448362720403 0.02704791344667697 0.01170198933818749 0.01300883516721773 0.004069107000559502 0.002196816446832465 0.0004705928489494995 0.0002853903746683567 5.780274236141743e-05
 0.0398406374501992 0.0310077519379845 0.02929115407147042 0.01296344309048483 0.0101763907734057 0.003776499871255686 0.002181183655663807 0.0004698723709172496 0.0002657626798327467 5.381904959146359e-05
 0.01996007984031936 0.01109877913429523 0.006993006993006993 0.001785714285714286 0.01105277701022382 0.003695677736901343 0.002003661235530379 0.0004309129085837851 0.0002176381903582325 4.784507763860619e-05
 0.05221932114882507 0.0424929178470255 0.03497522588166715 0.01551590380139643 0.01236934875378811 0.003962647737845009 0.002123514693798414 0.0005636967622424246 0.000285778761907859 5.781960283914188e-05
 0.04351610095735422 0.02942907592701589 0.021767522855899 0.01408025746756512 0.009269067796610169 0.003212878570099937 0.001736618894413571 0.00037243947858473 0.0001880329869237902 4.187989683186558e-05
 0.04971002485501243 0.03407155025553663 0.02596439169139466 0.01502542764678687 0.00941074272477197 0.004010695187165776 0.002179618748353934 0.0004698024676374613 0.0002373499873907819 4.788515225084158e-05
 0 0 0 0 0 0 0 0 0 0
 0.01996007984031936 0.01108647450110865 0.006872852233676976 0.00326211058554885 0.003216209696872236 0.003955044329455193 0.002163078060079493 0.0005052742862029026 0.00025618640911393 5.77704663829672e-05
 0.01996007984031936 0.01101321585903084 0.006844626967830254 0.009217803529101922 0.0113314447592068 0.003315707729089227 0.001766193202944895 0.0003737714721874681 0.0001883713413824077 5.776968382452837e-05
 0.04479283314669653 0.02799160251924422 0.02152389151958674 0.01851280468991052 0.01209352324643913 0.003248276608799221 0.001703158412656359 0.0004503172778907922 0.0002274824517069591 4.589086235115648e-05
 0.04065040650406504 0.02900232018561485 0.02255639097744361 0.00945179584120983 0.005570587299060958 0.003823392512800053 0.002082786224633022 0.0004499367154228525 0.0002273850716757291 4.588691628351091e-05
 0.04016064257028112 0.0367769976596456 0.03054707025826159 0.01546277888226198 0.00984736582964057 0.003654525520769886 0.001949191085699435 0.0004129866605308649 0.0002081662633858342 5.779234056189301e-05
 0.05181347150259068 0.04039662137348513 0.03301320528211284 0.01580547112462006 0.009994288977727013 0.003359977364363019 0.001778659826627474 0.0003743267044670967 0.0001885115130926206 4.587396586617926e-05
 0.04037685060565276 0.03062787136294028 0.0234009360374415 0.0167059748427673 0.01108213820078227 0.004251353074872869 0.002333261540670543 0.0005076280882335714 0.0002567888553636772 5.78019704492409e-05
 0.01996007984031936 0.01104972375690608 0.006854009595613434 0.01243162605668821 0.007570595805889923 0.003910168137229901 0.002108234949035712 0.0005257388090652948 0.0002663031792654372 5.580949985320108e-05
 0.05412719891745602 0.03966942148760331 0.033003300330033 0.01567776169802219 0.01221707818930041 0.003388198370098258 0.001786520234692342 0.0003746758560850317 0.0001885996476164479 5.581396090550976e-05
 0.04750593824228028 0.03303964757709251 0.02480363786688714 0.01635768811341331 0.01046316964285714 0.00273413291531479 0.001426696341950579 0.0003724307180856277 0.0002557451676458756 5.181941968627726e-05
 0.03671970624235006 0.02466091245376079 0.0180099054479964 0.01381374467595257 0.008662383599220386 0.002206653058972803 0.001146602711715413 0.0002374286477449225 0.0001193161988643086 2.396872560682821e-05
 0.04145077720207254 0.03050330452465684 0.02331908278274388 0.0172241863838274 0.01172984319051735 0.004088040030087975 0.002243540845904641 0.000523945269065301 0.0002658427510589403 5.382313717125525e-05
 0.01996007984031936 0.01109877913429523 0.007027406886858749 0.01887326601868453 0.01268633047890898 0.004749271232517769 0.002604657846756303 0.0005663044921615648 0.0002864452148832982 0
 0.04842615012106538 0.03611738148984198 0.03801317790167258 0.01912906492629684 0.01270053475935829 0.004392114465260064 0.002374971454670016 0.000509577109796228 0.000257286654937034 5.188287958761891e-05
 0.03252032520325204 0.01787310098302055 0.01809954751131222 0.00720772668300418 0.004131548504379442 0.004041424602172266 0.002388725216975874 0.0001386188022543378 6.96293629012765e-05 1.398287656935317e-05
 0.0418848167539267 0.03673469387755102 0.02944062806673209 0.01440749189578581 0.008890205956437991 0.004366225565930006 0.00236738113015133 0.0005093036056736422 0.0002572115693763905 5.187922516381863e-05
 0.03973509933774835 0.03484320557491289 0.02821316614420063 0.01202244189153086 0.008163871159269705 0.002037150212048817 0.001054902900982978 0.0004866322131059787 0.0002465300889973621 4.985170115939104e-05
 0.04914004914004914 0.03389830508474576 0.02530577815267819 0.01283697047496791 0.008006405124099279 0.002027163997567403 0.001136040897472309 0.0003718898266601945 0.000187887208342192 5.376981143723719e-05
 0.03053435114503817 0.01721170395869191 0.01991238550378335 0.007355104442483083 0.01075677043786383 0.003017983631877008 0.001594627044874681 0.0004290447708218353 0.0002171537655943548 5.18133269456801e-05
 0.03367003367003367 0.01829826166514181 0.01956947162426614 0.007306736811340056 0.008417508417508417 0.002478709654574105 0.001311352566504309 0.0004857774090187491 0.0002556282457413317 5.377769376949566e-05
 0.0360576923076923 0.02923976608187135 0.02259036144578313 0.01609380388550408 0.01009663926150296 0.002573860607063409 0.002420938427465995 0.0005270997604624422 0.0002666471783790617 5.385641878751249e-05
 0 0 0 0 0 0 0 0 0 0
 0.05834305717619603 0.04718372161604246 0.03999000249937516 0.02135363476000372 0.01442910915934755 0.00434193615617076 0.002317926846228733 0.0004915231910472 0.0002477796465869344 5.186878235439984e-05
