# Created by Octave 3.0.1, Tue Sep 08 23:44:42 2009 PDT <jwawerla@daneel>
# name: prtA
# type: matrix
# rows: 100
# columns: 10
 144.2 310 558 801.5 837.1 1134.9 1194.7 1890.1 1957.4 2116.4
 266.4 371 647.6 809.9 1209.2 1694.3 1756.2 2149 2207.5 2367.4
 303.1 674.7 901 1072.1 1123 1752.7 1817.9 1974.9 2043.7 2065.8
 487 538.3 721.3 1406.3 1460.3 1605.3 2544.8 2702.7 2771.6 2738.1
 68.5 78.90000000000001 151 326.5 920.5 1314.9 1378.5 1741 2418.6 4227.6
 41.9 49.1 53.5 178.4 599.2 1297.3 1361.8 2461.7 2726.6 2887.3
 71.90000000000001 84.40000000000001 148.7 427.2 746.5 1462.6 1749.7 2198.2 2461.5 2622.2
 64 76.5 114.6 553.4 706.2 1595.9 1661 1829.6 2094.8 2255.5
 64.59999999999999 131.9 141.6 651.4 724.6 1127.1 1383.4 1701.5 2468.7 3153.2
 64.09999999999999 71.2 150 202 581.1 1383.1 1446.3 1605.9 2037.8 2483.9
 56.3 62.8 68.90000000000001 498.4 825.7 1414.5 1783 1942.6 2057.5 2134.2
 57.1 63.8 70.2 261.6 844.5 1097.9 1785.6 2144.5 2260 2420.1
 79.5 154.1 225.3 437.5 778 1093.9 1157.9 1978.2 2093.3 2711.3
 60.3 67.5 74.40000000000001 526.8 876 1445.3 1821 1969.9 2035 2014.3
 69.3 78.40000000000001 83.09999999999999 631.5 726.8 1023.2 1264.3 1419.4 1487.2 2972.6
 67.40000000000001 76.8 81.59999999999999 290.8 693.7 1098.4 1161.8 1868.2 1934.4 2100
 40.1 92.5 94.5 471.1 841.9 1220.1 1855.6 1992.1 2110.1 2270.1
 73.8 158.8 177 238.8 273.5 1073.2 1883.9 2265.4 2647.1 2807.1
 65.40000000000001 126 129.2 331.1 533.1 862.2 1616 1755.7 2204.5 2364.4
 56.9 62.7 65.5 304.5 364.6 934.6 1729.2 1870.6 1965 2644.1
 67.5 74.40000000000001 77.8 162.5 597.8 831.4 1366 1894.6 1961.9 2121
 43.5 47.7 50.9 142.4 580.6 1451.9 1520.4 2316.5 2418.9 2809.4
 90.5 98.59999999999999 154.4 318.3 566.7 1021 1586.5 1731.8 2359.3 2510.1
 52.5 57.8 61.3 151.4 493 760.5 1248 2067.1 2164.2 2734.7
 63.3 69.7 73.8 201 257 1145.2 1212.1 1357.8 2067 2243.1
 71.8 79.2 83.90000000000001 160.3 438.9 1470.4 1747.9 1893.8 1991 2657.6
 68.2 74.90000000000001 129 196.3 376.4 964.9 1044.7 1721 1814 1982.1
 40.1 40.1 40.1 186.9 211.4 853 1102.2 1692 2037.5 3009.3
 40.1 40.1 40.1 77.09999999999999 114 1297 1678.9 2053.3 2854 3031.1
 49.7 54.4 58 135.3 468 570.5 860.2 1743.3 2087.2 2246.3
 48.4 105.8 159.4 191 297 957.9 1483.7 1695.2 1762.8 2354.1
 89 97.2 103 242.5 270.1 830.2 1401.6 1715.4 1782.9 2742.3
 58.6 64.5 68.7 166 316.5 516 1491.1 1638.1 1730.5 2261.7
 40.1 40.1 40.1 81.3 328.3 1136.3 1212 1359.1 1786.7 2574.5
 63.5 70.2 74.8 112.5 132.1 776.3 1144.7 1290.9 2177.2 2360.3
 50.2 55.7 59.4 75.7 606.3 828.6 1092.6 1662 1754 2978
 40.1 43.1 106.3 398.4 514.9 950.1 1225.1 1370.9 1692.2 1873
 46.8 51.9 55.5 135.7 179.7 1225.9 1298.2 1768.6 1860.1 2040.6
 81.59999999999999 90 108.4 133.8 236.5 1137.9 1210.1 1355.9 1447.3 1627.6
 40.1 45.6 48.7 62.1 117.4 1041.1 1240 1749.6 1838.4 2050.5
 40.8 45.2 48.3 61.5 191.2 925.8 1185.4 1549.3 1637.8 3130.6
 40.1 76.59999999999999 81.7 169.8 331.9 789.5 1209.4 1655.6 2010.6 2878.9
 64.3 70.7 75.3 173.2 475.2 868.8 934.3 1497.5 2354.2 2534.1
 40.1 40.1 40.1 95.40000000000001 112.5 913.3 1427 1575.8 1661 3216.3
 58.5 64.3 68.09999999999999 215.6 346.4 846.1 1410.7 1924.5 2007.4 2183.6
 65 71.3 75.3 186.5 228.4 605.5 666.5 1414.7 2127.5 2955.4
 40.1 40.1 40.1 147.6 167.5 881.2 1360.7 1620.9 1706.4 2192.2
 65.90000000000001 71.59999999999999 75.8 150 207.6 941.7 1307.1 1453.7 1539.1 1776.4
 57.3 62.1 65.90000000000001 127.7 187.4 1012.9 1225.3 1545.6 1630 2874.2
 81.40000000000001 99.2 150.3 176.2 215.5 715.8 775.6 1664 1747.9 1913.9
 40.1 84.3 89.2 155.9 262.6 905.6 1434.6 1581 1979.6 2610.6
 40.1 54.1 57.5 71.5 124.3 937.5 1262.6 1800.8 2065.7 2588
 58.2 63.3 67.2 129.5 148.2 937.4 996.9 1666.4 1749.5 1985.7
 47.5 62.9 66.90000000000001 82.7 195 701.8 836 1497.3 2073.5 2241.4
 57.6 63 67 128.4 419 1007.5 1067.2 1627.7 1708.2 1875.9
 86.09999999999999 93.8 111.5 147.7 264.4 922.5 1161.2 1618.7 1699.5 1867.5
 40.1 40.1 72.3 121.7 140.4 1081.7 1142.2 1612.1 1690.6 1858.5
 58.2 63.9 68.2 219.4 243.1 764.4 824.9 2202.7 2281.2 2889.6
 40.1 43.2 46.1 57.2 68.09999999999999 618.3 678.6 1654.1 2084.4 1787
 84.7 92.40000000000001 98.2 182.2 362.7 826.9 887.2 1033.8 1623 1790.9
 40.1 66.7 71.3 163.5 185.2 846.9 1090.5 2141.2 2414.9 2582.7
 66.59999999999999 134.8 142.3 196.5 280 622.6 1223.5 1681.7 2081.5 2249.5
 40.1 40.1 62 76.5 223.6 783.9 843.2 2047.8 2126.1 2294.4
 57.5 64.3 68.8 117.9 199.1 866.7 1328.6 1475.8 2429.7 2598.2
 40.8 57.3 61.6 76.09999999999999 134.6 1137 1328.6 1726.2 1805.1 2283.3
 40.1 46.2 99.59999999999999 179.3 201.9 1134.1 1193.1 1340.2 1798 1966.7
 40.1 46.6 50.1 184.3 250.9 739.6 798.9 946.2 1025.1 2766.8
 79.59999999999999 88.3 93.7 129.7 149.3 670.5 1412 2073.6 2225.2 2384.2
 40.1 40.1 40.1 40.1 77.40000000000001 850.2 908.9 1614.1 1681.7 2133.1
 74.90000000000001 83.09999999999999 88.7 191.8 344.9 710.3 769 1963.5 2044.5 2208.4
 56.4 62.2 66.7 98.09999999999999 114.3 993.6 1052.1 1202.4 1838.3 2165.7
 48.9 54.3 70.8 86.2 186.5 782.2 840.8 1306.1 1807 3397.5
 65.59999999999999 72.59999999999999 90.40000000000001 137.4 156.7 837.8 896.4 1781.4 1863.4 2028.8
 55.8 61.9 78.90000000000001 124.9 143.6 827.9 1210.3 1360.8 1980 2582.3
 40.1 40.1 84.40000000000001 161.4 343.6 929.8 1041.1 1826.3 1906.8 2137.5
 81.7 90.3 96.5 131.2 150.5 1081.6 1140.7 1291.2 1371.7 2151.4
 40.1 55.6 59.8 74 107.9 805.8 929.4 1525.4 1606.1 2771.4
 67.59999999999999 75.2 80.8 199.9 223.1 1065.1 1124.5 1275.2 1997.3 2160.9
 60 78 83.7 161.2 302 880.3 1178.4 1502.4 2389.3 2903.3
 40.1 43.2 46.4 57.5 68.40000000000001 830.8 1146.8 1822.5 1889.9 2049
 50.6 56.7 61 108 183.1 767.3 826.8 979 2811.8 2975.3
 65.90000000000001 73.7 79.09999999999999 241.7 318 525.8 1387.1 1835.8 1912.5 2076.1
 49.9 56 60.3 107.6 254.2 1010.6 1070.3 1223.1 1298 2680.5
 71.90000000000001 80.8 112 134.5 211.7 920.5 980.3 1133.3 2005 2226.3
 86.40000000000001 96.59999999999999 103.2 141.7 185 1134.4 1194.1 1993.1 2067.6 2499.3
 94.2 105.2 170.6 214.1 260.9 797.2 985.4 1754 1828.6 1991.8
 40.1 88.3 94.59999999999999 146.2 167.4 840.2 899.9 1776.2 1850.9 2014
 40.1 45.1 48.5 60.6 72.59999999999999 786.2 846.1 1623.2 1698 1861.2
 40.1 45.1 48.5 60.8 72.90000000000001 1009.3 1069.3 1221.9 1598.7 1937.2
 49 55.6 60 170.1 193.2 1228.1 1399.2 1552.1 1686.8 2943.9
 69.7 90.2 97 206.3 231 327.6 780.3 1829.3 1904.2 2069.6
 40.4 68.7 74.2 92.3 553.1 797.3 857.6 1578.6 1653.5 2681.5
 59.1 67 72.2 153.2 234.1 604.3 1460.8 1849.9 1979.4 2138.5
 40.1 45.8 62.9 133.9 410.7 732.9 1207.4 1863.1 2150.7 2290.5
 40.1 40.1 40.1 44.2 53.6 1059.6 1597.6 2123.4 2190.6 2349.6
 40.1 40.1 77.09999999999999 145.7 168.4 606.3 1013.6 1953.6 2030.7 2194.7
 40.1 47.1 64.59999999999999 82.40000000000001 180 1238.7 1299.4 1861.7 1938.9 2100.7
 40.1 92 98.8 388.3 463 1113.1 1173.9 2016.2 2316.7 2476.3
 40.1 40.1 40.1 68.40000000000001 128.2 1144.5 1205.5 2265.6 2342.9 2502.6
 57.8 65.7 71.09999999999999 107.7 127.2 915.3 1299.1 1454.1 2068.7 2228
# name: prtB
# type: matrix
# rows: 100
# columns: 10
 640.7 713.7 896.2 1871.2 2317.9 3165 3469.2 4105.2 4170.6 4937.2
 711.7 956.6 1369.4 2653.3 3403.4 3631 4335.9 4490.1 4558.5 4718.6
 342.1 1040.1 1756.2 2584.1 2652.7 3681.7 3745.4 3901.4 3970 4325.2
 701.4 1479.1 2117.3 2804.2 3096.7 3439.8 3503.3 4129.5 4930.2 4909.9
 283.8 303.3 1083.9 2377.2 2478 3385 3446.2 4887.4 4808.7 4965.7
 311.7 394.7 1092.5 3100 3272.6 3693.4 4233.6 4956.9 5093.6 5254.1
 263.3 1445.6 1618.9 2307.9 3270.2 4237.8 4301.1 5697 5834 5994.5
 281 1102.7 1280.6 2766.8 2809.3 3572.4 3942.5 4861.9 4930.2 4909.9
 296.3 813.5 829.2 2916.6 3248.9 3961 3483.5 3987.7 4283.8 4737.3
 359 1437.7 1786.2 2978.8 3439.8 3860 3924.1 4348.5 5425.1 5585.6
 310 350.8 1198.9 2072.8 3118.5 3530.1 3892.7 4051.2 5279.7 5440
 370.7 615.9 1464.7 3126.6 3421.9 3932.3 4349.3 4506.6 4608 4768.1
 1197.8 1333.7 1756.4 2731.7 2771.2 4182.7 4245.1 4400.1 4492 4652
 329.6 350 1647.9 2870.6 3526.9 3789.3 3947.1 3827.8 4417.3 4641.8
 333.6 1244.8 1250.9 2838.2 3015.8 3821 3733.8 4209.3 3935.9 4264.1
 331.1 1338 1384.6 2466.3 2688.3 3689.7 5009.9 5151 5528.5 5688.4
 47 1456.9 1846 2763.3 2869.3 3389.7 3610.9 3753.2 4445.1 4628.8
 1175.6 1306.8 2039.9 2351.2 2545 3848.8 3919 4557.5 4622.5 4779.7
 711.1 1600.2 1717 2549.6 2585.8 3735.2 3805.2 4672.8 4276.2 4453.2
 386.9 1211 1286.7 1479.4 1925.1 4107.6 4303.9 4643.6 4368.3 4720.1
 617.3 1021.2 1114.9 2869.9 3481.5 3740.6 4024.2 4169.4 4272.5 6081.9
 310.1 592.4 798.8 1821.8 2937.5 3954.5 4021.8 4167.4 4266.2 4248.8
 247.1 261 282.5 1968 3176 4038.3 4188.3 4334.2 4428.9 4933.2
 759.4 1047 1056.6 2370.3 3342.8 3779.8 3845.9 3992 4862.4 5036.4
 117.5 385.9 395.2 3108.4 3143.3 3692.4 3870.2 3886 4092.5 4250.2
 544.4 1189.9 1199.8 2869.3 2926.3 3711.9 3031.7 3785.2 5330.9 5509.4
 611.9 1421.5 1821.3 2566.5 2642.9 3552.8 3497.4 4529.9 4597.5 4774.4
 450.9 465.3 1174.7 2121.3 2986.9 4050.9 3178.9 4220.7 4286.1 4620.7
 764.2 855.8 865.2 2135.7 2829.9 3803.5 3881.8 4169.1 4260.3 4444
 280.7 946.7 956.1 2880.6 2913.6 3444.6 3522.8 4101.5 4192.4 5108
 703.7 718.4 1340.4 2087.3 2138.5 3573.4 3727.9 4788.2 4717.7 5274.3
 284.2 298.4 718.2 2139.4 3111 3309.4 3688.3 4515.9 3775.9 4612.5
 269.1 360.8 369.7 1797 2892.7 3861.6 4151.6 4749.9 5134.6 6108.5
 521.8 844.6 1348.1 2493.3 2907.3 3500.1 3576 3723 4994.5 5166.9
 328.7 343.4 555.1 1505.9 2724.2 3777.7 4529 4675.8 4770 4953.4
 40.1 43.8 46.8 2545 2673.2 3069.2 3141.8 3911.6 5037.9 5219.4
 377.7 536.9 1290.1 2710.6 2775.4 3461.9 3597.4 4325.3 4416.2 4596
 288.2 492.8 693.1 1796.1 3125 3676.8 3894.2 4040 4129 4485.4
 136.6 1277.5 1432.3 2262.2 2290.3 3577.3 4104.8 4250.3 4336.8 5225.7
 768.3 855 1073.9 2483.5 2744.3 3496.9 3562.5 4152.9 4360.4 4751
 40.1 40.1 48.2 2804.8 2930.6 3704.9 3770 4219.7 4285 4442.5
 497.1 511.4 568.5 2271.1 2857.2 3187.1 3252.2 4815.1 4901.2 5459.1
 366.5 400.7 560.6 2237.2 2702.6 4030.8 4094.8 4243.4 4327.9 4500.8
 368.3 382.3 1035.7 2691.7 2737.2 3365.2 3428.8 4491.6 4900.2 5072.5
 296.9 310.6 1160.3 2423 2655.8 3385.3 3946.6 4095 4178.8 5386
 362.1 376.1 396.7 2348.4 2589 3445.2 4169.1 4460.3 4543.4 4583.4
 304.4 318.1 326.7 691.9 3065.3 3490.4 4271.3 4419.1 4505.1 4681.3
 99.40000000000001 384.2 392.7 2478.8 2692.2 3493.7 3555.6 4588.4 4673.2 4848.2
 352.8 525.1 644.3 2213.1 2466.8 2563.2 3853 4624.4 4935.6 5372.7
 309.5 322.3 794.1 2166.8 2604.7 3468.8 3676.8 3823.6 3909.8 4585.4
 40.1 877.6 886.6 2294.4 2401 3701.1 3761.3 4266.8 4351.8 5214.2
 293.5 305.2 696.6 1569.7 2936 3232.4 3825.5 4073.8 4157.8 4323.7
 40.4 1204.4 1213.4 1285.8 1897.3 2900.5 4090.2 4378.8 4696.2 4859.3
 130.1 170.2 200.1 2375.7 2804 3670.4 3930.6 4332.7 4416.3 4374.1
 40.1 40.1 40.1 2129.9 2775.2 3359.8 3419.3 4139.9 4223 4554.2
 40.1 40.1 40.1 1939.3 2552.6 3147.5 3877.1 4133.7 4214.1 4381.8
 241.9 254.8 264 2277.7 2376.2 3877.5 4256.4 4403.1 4481.3 5396.4
 409.4 810.4 820.5 2443.7 2776.4 3026.4 3086.6 4286.2 4364.1 4418.3
 287.3 757.2 791.7 2427.6 2711.9 3612.7 3672.2 4185.7 4264.2 4871.4
 92.5 423.9 1258.7 1338.8 3031.4 3328.5 3388 4593.4 4671.7 4714.4
 331.9 348.2 358.3 1962.4 2798.9 3403.4 3462.7 4308.4 4386.4 4554.1
 229.4 345.7 369 2776.5 2983.5 3856.6 4030.4 4347.7 4810.9 4971.7
 319.1 335.3 491.9 2271.2 2874.4 3165.1 3591.8 4069.2 4037.4 4269.8
 170.3 245.8 440.9 1888.9 1915.9 3608 3739.3 4601.1 5222 5269
 291.5 307.7 376.8 2427.2 3150.6 3858.6 4073.8 4805.1 4884.2 5053
 320.1 1188.9 1199.9 1429 3072.5 3172.3 3231.8 3645 4865.4 4909.9
 41.4 46.3 1258.5 2382.8 2531.4 3274.6 3899.9 4312.2 4045.6 5339.2
 441.6 458.4 468.6 2376.4 2518.9 3349.2 3469.6 4485 3589 4610.9
 665.1 907.5 1087.7 2585.5 3021.7 3305 3364.2 3778 4485.3 4648.3
 67.8 75.59999999999999 843.2 2628.2 2760.5 3445.6 3627.5 3683 4461.4 4798.9
 425.5 1344.1 1354.2 2279 2305.9 3778.3 3971.6 4354.7 4434.7 4600.9
 294.8 310.4 1374.3 1840.8 1867.8 3373.6 3432.6 4135 5064.7 5116.2
 237.5 410.5 420 2121.7 2936.8 3874.1 4060.5 4358.1 4439.4 4605.5
 335.2 920.7 1128.7 2389 2852.9 3726.6 3785.3 3898.4 3969.5 5170.2
 573.1 732.1 795.8 2075.5 2650.3 3704.4 3827 4180.9 4262.2 4306.7
 574.2 590.6 612.8 2149.2 2292.9 3192.5 3641.7 5255.2 5336.2 6013.8
 306.1 494.5 1137.2 2103.2 2130 3566.1 3953 4103.4 4184.2 4348
 40.4 1568.5 1579 2512.3 2539.2 2725 2956.1 3764.6 3845.1 4008.8
 474.9 489.8 500.3 558.5 3120.8 3401.3 3459.9 3919.4 3999.7 4163.4
 412.1 899.8 910.5 2468.5 2494.7 3067.6 3126.1 4315 4486.4 4653.6
 297.8 709.2 720 1169 2492.8 3569.1 3972.2 4122.5 4095.2 5849.8
 280.2 324.5 334.8 1633.9 2511.7 3620.2 3944.8 4095.1 5229.9 5396.8
 180.7 628.4 639.4 1006.4 2593.3 3227.9 4231 4381.7 5293.7 5457.5
 640.1 656.7 667.8 1925.4 2903.7 3290.5 3349.8 3500.6 4306.7 4470.3
 40.1 40.1 40.1 2170.5 2646.4 3631.7 3691.1 4971.6 5048.1 5211.6
 274 289.8 447.1 2460.5 2487.2 3798.9 4109.5 4764.4 5071.9 5235.3
 324.2 340.5 924.2 1800.4 2561.3 3502 3561.3 4112.2 4587.6 4749.6
 78.3 586.5 1064.2 2704.5 2807.9 3646.4 4085.3 4401.3 4704.8 4367.7
 289.5 725.4 772.9 2762.6 2852.2 3684.6 3848.8 4204.5 4488.7 4653.9
 40.1 40.1 376.8 1874.5 3067.5 3738.7 4337.7 4490.2 4564.7 4729.8
 662.1 725.3 1192.1 2754 2782 3329.9 3390 4325.9 4697.5 4739.3
 662.9 681.8 742.5 1865.4 2495.8 3467.2 3961.2 4113.9 4066.4 5981.4
 229.3 923.4 2072 2544.5 2593.4 3540.9 3601.4 4416.2 3891.7 4049.5
 346.5 967.1 1193 2391.4 2502.5 3598.5 3745.1 4348 4307.2 4464.7
 351.5 1165.1 1494 2021.2 2090 3463.8 3869.3 4293.7 4370.8 4532.5
 121 693.2 1695.1 2319.7 2349.6 3598.7 4420.9 4810.3 5224.6 5384.2
 737.2 1305.2 1317.3 2628.3 2684.3 3281.1 3340.4 4145.3 4222.4 5033.1
 275.3 315.6 327.2 2122.4 3281.8 3553.8 4114 4267.5 4344.5 4504.1
 237 372.3 384.2 2758.4 2884.3 3701.7 4373.3 4101.8 4173.9 4216
 58.4 66.40000000000001 71.8 1231.3 3190.5 3665.3 3999 4029.6 4307.2 4464.7
# name: collectedA
# type: matrix
# rows: 100
# columns: 10
 7 15 28 35 35 38 38 46 46 46
 15 18 31 34 42 47 47 44 44 44
 13 27 35 37 37 45 45 45 45 45
 21 21 25 43 43 43 47 47 47 47
 6 6 11 17 38 42 42 43 44 49
 3 3 3 7 23 40 40 48 48 48
 6 6 10 20 30 45 47 49 49 49
 5 5 7 24 27 48 48 48 48 48
 5 10 10 36 37 42 44 45 48 49
 5 5 10 10 25 39 39 39 40 48
 4 4 4 23 33 43 49 49 49 49
 4 4 4 12 33 35 41 42 42 42
 6 11 15 22 35 39 39 46 46 47
 4 4 4 24 35 44 48 40 40 46
 5 5 5 34 36 40 42 42 42 48
 5 5 5 13 26 34 34 48 48 48
 3 6 6 24 37 41 49 49 49 49
 6 12 13 14 14 35 46 47 48 48
 5 9 9 18 25 31 45 45 47 47
 4 4 4 17 18 32 44 44 44 48
 5 5 5 8 27 30 43 49 49 49
 3 3 3 7 29 45 45 49 49 49
 8 8 12 19 28 36 45 45 49 49
 4 4 4 8 25 28 38 48 48 49
 5 5 5 11 12 40 40 40 46 46
 6 6 6 9 20 43 46 46 46 49
 6 6 10 12 20 36 36 46 46 46
 2 2 2 12 12 32 35 41 42 49
 3 3 3 4 5 41 47 49 49 49
 4 4 4 8 27 27 31 48 49 49
 4 9 13 13 17 37 48 43 43 44
 8 8 8 16 16 35 46 47 47 49
 5 5 5 10 17 21 47 47 47 49
 2 2 2 4 16 45 45 45 46 49
 7 7 7 8 8 33 41 41 47 47
 4 4 4 4 32 35 39 43 43 47
 3 3 8 26 30 42 45 45 46 46
 4 4 4 8 9 44 44 48 48 48
 8 8 9 9 13 43 43 43 43 43
 3 3 3 3 5 37 40 44 44 44
 3 3 3 3 9 34 39 42 42 48
 3 6 6 11 19 31 40 43 45 49
 6 6 6 11 26 38 38 43 48 48
 2 2 2 5 5 27 39 39 39 48
 5 5 5 14 20 34 45 49 49 49
 6 6 6 13 14 26 26 34 41 46
 3 3 3 9 9 36 46 47 47 46
 6 6 6 10 12 39 45 45 45 45
 5 5 5 8 10 38 41 43 43 47
 8 9 13 13 14 29 29 48 48 48
 3 7 7 10 15 34 44 44 46 48
 3 4 4 4 6 37 43 47 48 49
 5 5 5 8 8 38 38 48 48 48
 4 5 5 5 11 31 32 42 45 45
 5 5 5 8 25 41 41 47 47 47
 8 8 9 10 15 39 42 46 46 46
 3 3 5 7 7 40 40 46 46 46
 5 5 5 14 14 27 27 45 45 47
 3 3 3 3 3 25 25 42 45 39
 8 8 8 13 22 35 35 35 39 39
 3 5 5 10 10 32 36 47 48 48
 6 12 12 14 17 26 39 42 44 44
 3 3 4 4 11 27 27 48 48 48
 5 5 5 7 10 30 38 38 48 48
 4 5 5 5 7 43 45 47 47 48
 3 3 7 11 11 42 42 42 45 45
 3 3 3 11 13 31 31 31 31 49
 8 8 8 9 9 25 41 47 47 47
 2 2 2 2 3 33 33 39 39 48
 7 7 7 13 20 29 29 44 44 44
 5 5 5 6 6 37 37 37 47 46
 4 4 5 5 10 31 31 38 41 48
 6 6 7 9 9 35 35 47 47 47
 5 5 6 8 8 37 43 43 48 48
 3 3 6 10 19 38 39 46 46 46
 8 8 8 9 9 41 41 41 41 48
 3 4 4 4 5 35 36 42 42 49
 6 6 6 13 13 39 39 39 46 46
 5 6 6 10 17 33 39 40 48 49
 3 3 3 3 3 33 39 47 47 47
 4 4 4 6 9 31 31 31 49 49
 7 7 7 17 20 24 46 48 48 48
 4 4 4 6 14 36 36 36 36 47
 7 7 9 9 12 37 37 37 47 47
 8 8 8 9 10 40 40 48 48 49
 9 9 14 15 16 36 39 46 46 46
 4 7 7 9 9 33 33 41 41 41
 3 3 3 3 3 34 34 43 43 43
 3 3 3 3 3 34 34 34 39 46
 4 4 4 10 10 44 46 46 46 49
 6 7 7 13 13 13 23 48 48 48
 3 5 5 5 31 36 36 45 45 49
 6 6 6 10 13 23 45 47 47 47
 3 3 4 7 22 31 38 47 48 47
 2 2 2 2 2 37 46 48 48 48
 3 3 5 8 8 23 30 47 47 47
 3 3 4 4 8 43 43 48 48 48
 3 7 7 24 26 42 42 47 48 48
 2 2 2 3 5 38 38 47 47 47
 5 5 5 6 6 38 44 44 49 49
# name: collectedB
# type: matrix
# rows: 100
# columns: 10
 95 103 120 212 241 283 288 297 297 295
 78 102 139 246 282 285 298 298 298 298
 44 129 198 260 261 298 298 298 298 288
 90 167 232 270 283 290 290 295 297 297
 32 32 117 228 231 275 275 298 298 298
 37 43 112 272 278 288 295 299 299 299
 33 166 180 227 271 290 290 299 299 299
 36 136 151 262 262 289 292 297 297 297
 35 86 86 258 269 289 279 289 291 294
 41 156 184 259 277 289 289 291 296 296
 35 37 133 207 267 278 284 284 298 298
 44 65 143 262 273 289 295 295 295 295
 138 149 191 263 263 295 295 295 295 295
 35 35 171 257 286 291 292 291 294 294
 37 133 133 264 270 297 297 298 297 298
 38 140 143 223 233 274 297 297 298 298
 3 159 198 275 279 293 295 295 294 294
 137 149 222 242 251 290 290 298 298 298
 89 186 195 251 251 291 291 298 298 298
 43 138 144 154 185 292 294 295 294 295
 66 106 113 258 290 294 298 298 298 297
 36 66 84 190 260 298 298 298 298 298
 27 27 28 184 268 297 298 298 298 299
 87 116 116 228 282 293 293 293 299 299
 11 40 40 273 273 288 293 293 294 294
 66 131 131 266 267 297 269 297 299 299
 74 162 199 254 256 284 283 295 295 295
 56 56 129 207 265 297 272 298 298 294
 89 96 96 215 260 293 293 294 294 294
 35 106 106 270 270 285 285 290 290 298
 88 88 149 211 212 290 291 299 294 295
 34 34 79 210 275 279 286 295 286 295
 32 40 40 167 248 283 289 294 296 299
 65 99 151 253 276 296 296 296 299 299
 36 36 56 140 235 280 298 298 298 298
 3 3 3 240 245 256 256 281 292 292
 47 62 140 265 267 289 290 298 298 298
 34 54 75 173 277 291 293 293 293 299
 14 147 161 224 224 286 295 295 295 298
 94 101 124 241 256 284 284 291 292 293
 3 3 3 261 266 293 293 299 299 299
 58 58 62 229 265 275 275 296 296 297
 44 46 60 215 242 295 295 295 295 295
 44 44 110 249 250 272 272 293 295 295
 36 36 136 245 258 289 298 298 298 298
 42 42 43 220 234 273 292 294 294 294
 37 37 37 66 261 277 298 298 298 298
 10 42 42 241 254 288 288 298 298 298
 42 59 69 217 233 233 284 296 297 298
 38 38 90 215 248 289 292 292 292 294
 3 100 100 213 218 282 282 290 290 296
 34 34 77 148 255 265 287 288 288 288
 3 142 142 145 190 254 291 292 293 293
 14 17 19 221 249 284 288 291 291 298
 2 2 2 226 269 290 290 299 299 298
 2 2 2 205 248 276 296 297 297 297
 27 27 27 211 215 284 296 296 296 299
 46 88 88 240 261 265 265 294 294 294
 35 85 87 242 258 294 294 298 298 299
 9 47 137 140 275 281 281 299 299 299
 43 43 43 209 262 286 286 298 298 298
 24 35 36 247 260 292 294 295 299 299
 38 38 52 224 267 275 288 296 296 297
 19 25 44 182 182 283 284 295 298 298
 36 36 41 222 267 290 293 298 298 298
 39 135 135 152 279 279 279 281 297 297
 3 3 136 234 241 278 293 295 284 298
 56 56 56 239 245 282 283 295 283 295
 84 110 126 248 276 284 284 292 295 295
 6 6 86 247 253 282 284 284 298 299
 50 150 150 230 230 292 295 298 298 298
 40 40 156 194 194 283 283 297 298 298
 32 49 49 198 255 296 298 299 299 299
 42 109 127 238 267 295 295 281 281 292
 74 90 95 215 252 295 296 298 298 298
 67 67 68 215 223 260 268 294 294 297
 37 55 117 209 209 285 295 295 295 295
 3 201 201 278 278 280 284 297 297 297
 58 58 58 60 284 291 291 295 295 295
 51 103 103 255 255 279 279 297 295 295
 38 81 81 118 232 285 294 294 294 299
 38 41 41 179 245 291 298 298 298 298
 21 71 71 106 235 267 292 292 299 299
 81 81 81 208 275 286 286 286 298 298
 2 2 2 207 237 272 272 296 296 296
 34 34 47 224 224 287 293 297 298 298
 37 37 104 175 233 290 290 298 295 295
 7 60 103 242 246 283 294 296 297 295
 36 83 86 260 264 290 292 294 295 295
 3 3 38 173 258 281 295 295 295 295
 84 88 134 265 265 283 283 299 298 298
 88 88 92 201 244 287 298 298 298 299
 25 97 218 254 255 284 284 296 295 295
 43 111 132 236 240 283 284 294 294 294
 44 135 166 204 206 284 291 293 293 293
 12 69 171 218 218 277 294 296 299 299
 88 150 150 256 257 282 282 292 292 296
 34 36 36 191 273 277 294 294 294 294
 25 37 37 245 250 285 298 298 298 288
 5 5 5 119 272 287 292 292 294 294
# name: avgRateA
# type: matrix
# rows: 100
# columns: 10
 0.04539559014267186 0.04166666666666666 0.0425531914893617 0.02689204763734153 0.01905176637091067 0.006194069992990921 0.003394463451454706 0.0008864889449047121 0.0004511688214881902 9.161222377918746e-05
 0.05426917510853835 0.04275534441805225 0.04146602461209203 0.0259561798610581 0.01901140684410647 0.007020898376230524 0.00399789047481329 0.0008437362173771309 0.000430496783504146 8.758530111627466e-05
 0.04152028106036409 0.03725679591555126 0.03496503496503497 0.02353539851154507 0.01742816768723504 0.006664001066240171 0.00380778310867413 0.0008658025316066024 0.0004409875376921848 8.962968598936634e-05
 0.04225352112676056 0.03569607343192249 0.03043954705953976 0.0225567853957929 0.0174775433890176 0.006509923849030324 0.003746572284930808 0.0008917949175279446 0.0004573247862249882 9.348804079102022e-05
 0.07643312101910828 0.04654771140418929 0.04382470119521913 0.0205686630369026 0.01978651392866441 0.00665093667358153 0.003691171947093202 0.0008310624069886551 0.0004296094654681864 9.7178337718919e-05
 0.05780346820809248 0.03027245206861756 0.01954397394136808 0.0103183962264151 0.01438219109554777 0.006351928604322488 0.003520568923938109 0.0009149531944256477 0.0004672596970989013 9.544882123688549e-05
 0.07326007326007325 0.04464285714285714 0.04020908725371934 0.02157031924072476 0.01717721156598912 0.006963141769566428 0.004000102130267156 0.0009387296879969041 0.0004782284077433963 9.74887301038434e-05
 0.06756756756756757 0.03952569169960474 0.032618825722274 0.02278336814125688 0.01582463954987692 0.007277247987386104 0.004116285052739903 0.0009261117199438159 0.0004701512711714994 9.556888874288086e-05
 0.06702412868632708 0.05497526113249038 0.0413907284768212 0.03126628452318916 0.02145425026093007 0.006854792642522563 0.003865277509355728 0.0008703809367233059 0.0004684357272025506 9.738584590140737e-05
 0.06747638326585695 0.04125412541254125 0.04 0.01424501424501425 0.01581177661122004 0.006109883912205668 0.003407214558416257 0.0007557275427809611 0.0003920115878625372 9.552544867606703e-05
 0.06033182503770739 0.03546099290780142 0.02368265245707519 0.02303685897435898 0.01807525880484198 0.006703562241795931 0.004158533480437919 0.00094334900447802 0.000480121500134728 9.758347469660501e-05
 0.05961251862891208 0.0351493848857645 0.02350176263219741 0.0157563025210084 0.01789102737869341 0.00573968087374342 0.003478821612815639 0.0008054540747346316 0.0004107177782123997 8.359538163381601e-05
 0.0670391061452514 0.05389514943655071 0.04611128189363664 0.02346666666666667 0.01968503937007874 0.006399842465416236 0.003495281370150297 0.0008849863981438373 0.0004505682547238653 9.349302472413093e-05
 0.05689900426742532 0.03404255319148936 0.02293577981651376 0.02337358784573432 0.01865671641791045 0.006826679906288303 0.00406057017172828 0.0007696762933929063 0.0003920223452736806 9.163085593378515e-05
 0.06305170239596469 0.03894080996884735 0.02730748225013654 0.03004860804242156 0.02084781097984712 0.006640988179041041 0.003728593876228439 0.0008168123315324566 0.0004138452928053981 9.543263390490855e-05
 0.06459948320413436 0.03943217665615142 0.02753303964757709 0.01643904906423875 0.01535100667178367 0.005575232847960121 0.003046103675034493 0.0009254225132161903 0.000470891082892527 9.559848635729934e-05
 0.05988023952095808 0.04210526315789474 0.03084832904884319 0.02471424158171146 0.02008795265758184 0.00659153389816884 0.004133067917271162 0.0009424508723440677 0.0004798741750326363 9.755707138450009e-05
 0.07159904534606205 0.05747126436781609 0.04693140794223827 0.01894964807796427 0.01099332548095799 0.005763024435223606 0.003870783160410303 0.0008992564870832329 0.0004676215889197064 9.546404575432606e-05
 0.0663129973474801 0.05113636363636364 0.03926701570680628 0.02165804355673204 0.01630682930011089 0.00528811708914742 0.00387396694214876 0.0008694694497417676 0.0004598623348287013 9.355758489256006e-05
 0.05979073243647234 0.0354924578527063 0.02416918429003021 0.02113113735239279 0.01319067858713176 0.005392107302935328 0.003751321488251543 0.0008482647202847086 0.0004315206198205266 9.549500332342506e-05
 0.06451612903225806 0.04019292604501608 0.0281214848143982 0.01207547169811321 0.01689823507322569 0.005144562197756971 0.003783213091676931 0.0009442215567708394 0.0004805716645139018 9.758604001824261e-05
 0.05607476635514019 0.03070624360286591 0.01988071570576541 0.01089663760896638 0.01834746298873845 0.006974689626311629 0.003906114371028784 0.0009366069977922835 0.0004784273215197586 9.745243426236661e-05
 0.07960199004975124 0.05383580080753701 0.04716981132075471 0.02321886838567763 0.01787196017106019 0.005979073243647235 0.003883830319768696 0.0008698711430880038 0.0004787058918925784 9.751047789885218e-05
 0.064 0.03710575139146568 0.02479851208927464 0.01228124040528093 0.01674480910917616 0.004860689176286781 0.003378378378378379 0.0009218873338442126 0.0004698318980621392 9.746691445806307e-05
 0.06821282401091405 0.04177109440267335 0.0287686996547756 0.01569186875891583 0.009546539379474941 0.006509145349215648 0.003567574317032491 0.0007788495613129846 0.0004506843543946623 9.158911292161107e-05
 0.07334963325183375 0.04643962848297214 0.03262642740619902 0.01363016810540663 0.01389950656751685 0.006645647873392681 0.00391559342520791 0.0008864257387202324 0.0004510201880558088 9.748186439437105e-05
 0.07672634271099744 0.04803843074459568 0.04366812227074236 0.01723395088323998 0.01453065969195001 0.006035306543278177 0.003259481923456499 0.0008893872894955628 0.0004518042705325397 9.163673366042335e-05
 0.03992015968063872 0.02219755826859046 0.01427551748750892 0.01746979181831416 0.009905894006934125 0.005467281735861951 0.00315252832771883 0.0007931594830921613 0.0004116133774347666 9.741370586985172e-05
 0.05988023952095808 0.03329633740288569 0.02141327623126339 0.006931207762952694 0.004488330341113106 0.006511037001746864 0.004024351608456276 0.0009413428159213729 0.0004764034456608396 9.740948422473282e-05
 0.06700167504187604 0.03831417624521073 0.02531645569620253 0.01259247599559263 0.01839237057220709 0.004846961673099363 0.002854459402220953 0.0009276563342500381 0.0004799818194641444 9.756169433204386e-05
 0.0684931506849315 0.05776636713735558 0.05011565150346955 0.01881331403762663 0.01310717039321511 0.006210241863743937 0.004179837508816844 0.0008317986969776692 0.0004225512662780505 8.758761996766823e-05
 0.08080808080808081 0.05434782608695653 0.03940886699507389 0.02154882154882155 0.01259743327297063 0.006003224589207917 0.004034521470670783 0.0009088201966918945 0.0004617671534216455 9.746544104206072e-05
 0.0728862973760933 0.04366812227074236 0.02963841138114997 0.01501501501501501 0.01291302696543866 0.003807106598984772 0.004090121920442777 0.0009101806611784709 0.000462005003415888 9.755870296301709e-05
 0.03992015968063872 0.02219755826859046 0.01427551748750892 0.006881128505074833 0.01204547165549951 0.007333409383504718 0.004013556903317873 0.0008761835779832591 0.0004519254480202227 9.749798288611937e-05
 0.09523809523809523 0.05823627287853577 0.04004576659038901 0.01306122448979592 0.007066513558872892 0.005712999671069716 0.00367887874954014 0.0007993620700748086 0.0004599852021781768 9.355834846025851e-05
 0.06644518272425248 0.03784295175023652 0.02509410288582183 0.006948063227375369 0.01992155886198095 0.00600487252513468 0.003515857418459153 0.0008323332430025937 0.0004225878098158303 9.344345080699355e-05
 0.05988023952095808 0.0322234156820623 0.03877847794474067 0.02894033837934105 0.01980328734569939 0.007058704895716038 0.004008872972178421 0.0008759823168369641 0.0004523454109558059 9.16566541734662e-05
 0.07042253521126761 0.03925417075564278 0.02572347266881029 0.01258455246185307 0.007629058235144528 0.007067251321094139 0.003894425660724717 0.000927202976321554 0.0004712345658407953 9.560979729527852e-05
 0.08733624454148473 0.05714285714285714 0.04318618042226487 0.01420006311139161 0.01051354630004044 0.007005653399371121 0.003835826620636747 0.0008372942544089384 0.0004238653961219274 8.572096112733829e-05
 0.05988023952095808 0.03138075313807531 0.02017484868863484 0.005337128624799858 0.004474673348845534 0.00612471238681697 0.003558718861209964 0.0008502481178598482 0.0004320570629546419 8.764058595699039e-05
 0.05905511811023623 0.03151260504201681 0.02022926500337154 0.005342831700801425 0.007555406312961719 0.005737621924465895 0.003486688004005221 0.0008147540315775383 0.0004132320849132901 9.540266483493551e-05
 0.05988023952095808 0.04739336492890996 0.03302146395156852 0.01642281277993431 0.01426533523537803 0.00535452111581311 0.003568433636055454 0.0008324363670153866 0.0004411306276014453 9.743896592201422e-05
 0.08075370121130553 0.04971002485501243 0.03422703936109527 0.01633986928104575 0.01762472885032538 0.006474918211559433 0.003475302488499493 0.0008349919899024225 0.0004689597495754938 9.551590628377259e-05
 0.03992015968063872 0.02219755826859046 0.01427551748750892 0.008397715821296607 0.004494382022471911 0.004565978387702298 0.003412969283276451 0.0007561685906956363 0.0003836279399179626 9.5386417331871e-05
 0.072992700729927 0.04374453193350832 0.0297441998810232 0.01956400223588597 0.0148544266191325 0.005815843040659584 0.003943666909129151 0.0009436778399406831 0.000480357307411031 9.757387537147769e-05
 0.08 0.0494641384995878 0.03422703936109527 0.01893663510560816 0.01139693910778248 0.004638301668004639 0.002437538086532602 0.0006612894755779962 0.0004014589606129593 9.145940176802952e-05
 0.05988023952095808 0.03329633740288569 0.02141327623126339 0.01389746757257566 0.007708779443254818 0.00612119975515201 0.004049046273557087 0.0009104839318958019 0.0004621144785382238 9.159839599261e-05
 0.07905138339920947 0.0493421052631579 0.03412969283276451 0.01538461538461539 0.009937065253395164 0.006563778043320936 0.003979800302464823 0.0008745726740739734 0.0004431790315257866 8.968137999316029e-05
 0.07429420505200594 0.04460303300624443 0.03013863773357444 0.0127449418512028 0.008421761832575375 0.006319745879691996 0.003652463631261526 0.0008342128135088155 0.0004231034143461576 9.346273879232619e-05
 0.08752735229759299 0.06032171581769438 0.05193767479025169 0.01922508133688258 0.01151789387083505 0.005073655481297456 0.002691265451575782 0.0009290802105915144 0.0004717542081949603 9.563393243343131e-05
 0.05988023952095808 0.05212211466865227 0.03699788583509514 0.01524622655892667 0.01188024710913987 0.005757247358439447 0.003847970195721757 0.0008530272774858959 0.0004510706062781183 9.550136825606146e-05
 0.05988023952095808 0.03842459173871278 0.0253968253968254 0.00699912510936133 0.005336653917993418 0.006231578947368421 0.00381794612256495 0.0009073218946425537 0.0004702853162227859 9.749536399595693e-05
 0.07331378299120234 0.0441306266548985 0.0299043062200957 0.01270849880857824 0.006967427277477791 0.006400107791289117 0.003455519282706945 0.0009290370530944676 0.0004717467899105155 9.562025372435908e-05
 0.06956521739130435 0.04428697962798937 0.02995805871779509 0.00858074480864939 0.009205020920502092 0.005436879581886421 0.002953119232189 0.0008155767389746646 0.000440858792928625 8.959834852324002e-05
 0.07396449704142012 0.04424778761061947 0.02994011976047904 0.01273074474856779 0.01761804087385483 0.006824802330420308 0.003704640740205291 0.000910364010017878 0.0004621063001803198 9.364864899868672e-05
 0.08324661810613944 0.05563282336578581 0.0425531914893617 0.01543924656476764 0.01186333438785194 0.006585056986070072 0.003763036232663154 0.0008911499127254271 0.0004523129415582181 9.165765864496107e-05
 0.05988023952095808 0.03329633740288569 0.02901915264074289 0.01125944989544797 0.006138197123816204 0.006577108374303238 0.003589955305056452 0.0008912638702939815 0.0004523525281589449 9.165930237307926e-05
 0.07331378299120234 0.04389815627743635 0.02972651605231867 0.01946066166249653 0.01126216716273832 0.004683922004024703 0.002494249369509187 0.0008620243780494113 0.0004399635514640032 9.345987668068698e-05
 0.05988023952095808 0.03218884120171674 0.02053388090349076 0.005384063173007896 0.002808725774740193 0.00444974458466084 0.002341130859850542 0.0008131009929511888 0.0004408117204979409 7.772222078292184e-05
 0.08447729672650475 0.05617977528089887 0.04036326942482341 0.01905599530929346 0.01614441916782857 0.006006624448677685 0.003214784333896686 0.0006858199859700825 0.0003837713903348652 7.772161671325645e-05
 0.05988023952095808 0.04284490145672665 0.02918855808523059 0.01507159005275057 0.008437394532568343 0.005472985684721819 0.003246021369640683 0.0009013985101992283 0.0004686818031360671 9.550666984756936e-05
 0.0783289817232376 0.06493506493506493 0.04952538175815105 0.02010050251256281 0.01328125 0.004624195212179418 0.003474851873301555 0.0008126667659926048 0.000431028149076963 8.760586123032477e-05
 0.05988023952095808 0.03329633740288569 0.02469135802469136 0.006938421509106678 0.008989865969271003 0.004668130500181539 0.00249003984063745 0.0009222291816368799 0.0004700071774012716 9.556148744640593e-05
 0.07407407407407407 0.04374453193350832 0.02962085308056872 0.0113286939634245 0.008339588024351597 0.005113607309049381 0.003354342107586109 0.000738210965152557 0.0004686140836105153 9.550372444628731e-05
 0.07874015748031496 0.04659832246039142 0.03094059405940594 0.008679048776254122 0.006169575180680417 0.007006680788658954 0.003972247232667761 0.0009086304425996885 0.0004616664587530487 9.556359926758465e-05
 0.05988023952095808 0.03118503118503118 0.03507014028056112 0.01619313999705579 0.009152175721773858 0.006846970215679561 0.003752311692024551 0.0008180723877195649 0.0004420519067172243 8.964738099160761e-05
 0.05988023952095808 0.03105590062111802 0.01998667554963358 0.01607482098494812 0.01039251738748101 0.005401073245522336 0.002870662752687774 0.0006084850293054242 0.0003068544351849194 9.746069151741921e-05
 0.08928571428571429 0.05784526391901663 0.04130098089829633 0.01429252024773702 0.007830853563038372 0.004408782294330306 0.003592709428671574 0.0009025686720334296 0.0004597692154185074 9.355389759470939e-05
 0.03992015968063872 0.02219755826859046 0.01427551748750892 0.003703017959637104 0.002784481158344162 0.005640832792041298 0.003025052938426422 0.0007556074793515726 0.0003835498423020072 9.559218462196578e-05
 0.08244994110718491 0.05259203606311044 0.03709591944886063 0.01879155825383059 0.01487099412595732 0.005078542283242561 0.002692914848175318 0.0008467481982545441 0.0004311844342419239 8.761303076571399e-05
 0.0753012048192771 0.0445632798573975 0.02999400119976005 0.0100317672629995 0.005384546351969847 0.006173251468232781 0.003347780059898119 0.0007226223770760745 0.0004615159522497921 9.160322977057175e-05
 0.06791171477079797 0.03835091083413231 0.02927400468384075 0.008529512111907198 0.008428150021070375 0.005361281173255854 0.002859567559589698 0.0007406526709299675 0.0004027227990216783 9.535208259874154e-05
 0.07936507936507937 0.04893964110929853 0.03676470588235294 0.01411986193912771 0.007780755597821388 0.005995409229504265 0.00321207004148159 0.000907661824516139 0.0004614022308307008 9.362012697279519e-05
 0.07598784194528875 0.04468275245755138 0.03353828954723309 0.01280204832773244 0.006995452955578874 0.006348770569158703 0.003835758186667618 0.0008372143736078877 0.0004706805255932536 9.550674586032975e-05
 0.05988023952095808 0.03329633740288569 0.03253796095444685 0.01511944360447536 0.01414111342661506 0.006408310566966845 0.003532256749780366 0.0008875802440073861 0.0004513928413020524 9.160837420029374e-05
 0.08724100327153762 0.05702066999287241 0.04071246819338423 0.01425855513307985 0.007822685788787484 0.006741646935017101 0.003680199628389598 0.0007993573946407962 0.0004044521301309932 9.558870093760567e-05
 0.05988023952095808 0.03787878787878788 0.02503128911138924 0.006968641114982578 0.004513042693383879 0.006028454304316373 0.003293867915896573 0.0008151319543370843 0.0004133610088370679 9.745979982154911e-05
 0.07731958762886598 0.04792332268370607 0.0331858407079646 0.01857408201171596 0.01062873027552939 0.006430231982984616 0.003505775540473729 0.0007606016163759479 0.0004509923301891324 9.160410537738004e-05
 0.07142857142857142 0.046875 0.0326619488296135 0.01512401693889897 0.0130568356374808 0.005611958573542166 0.003488871394832892 0.0007766628351300133 0.0004687989858315273 9.743423835158767e-05
 0.05988023952095808 0.03218884120171674 0.02049180327868852 0.005381165919282511 0.00280793710220891 0.005659600740893188 0.003498761976531381 0.0009069419653625355 0.0004612822271883671 9.361636015608038e-05
 0.066006600660066 0.03748828491096532 0.02484472049689441 0.009868421052631578 0.00760713380103119 0.005375132210913252 0.00286326523072376 0.0006080935287078994 0.000476598989610142 9.742029081746161e-05
 0.0922266139657444 0.05658852061438965 0.03908431044109436 0.02292031818794661 0.01517450682852807 0.004343262514025118 0.004039658912277928 0.0009260009491509728 0.0004709922727830247 9.560303706948011e-05
 0.0667779632721202 0.03773584905660377 0.02495321272613849 0.00987491770901909 0.01116249402009249 0.005989418693641234 0.003251944391750901 0.0007028079128362009 0.0003553870757566783 9.349875318417961e-05
 0.08547008547008546 0.05351681957186544 0.04245283018867924 0.01418439716312057 0.009903441445902451 0.006249472172958365 0.00336967113831134 0.0007235989071700829 0.0004607617273663055 9.358331094966553e-05
 0.08298755186721991 0.05457025920873124 0.03937007874015748 0.01402524544179523 0.008438818565400843 0.006520605112154409 0.003573310940584772 0.0009231994245390254 0.0004702765618080566 9.751257364935633e-05
 0.08637236084452975 0.05798969072164949 0.05173688100517369 0.02100546141996919 0.01268934887778571 0.00620989443179466 0.003550166584739746 0.0008888201878115701 0.0004517394916555859 9.163496296154638e-05
 0.07984031936127745 0.05061460592913955 0.03597122302158273 0.01392757660167131 0.007709439780709268 0.00565049142152666 0.003027550711474417 0.0007918696234949649 0.0004025492165508601 8.167102909480612e-05
 0.05988023952095808 0.03154574132492114 0.0202020202020202 0.005351409204423832 0.002796942010068991 0.005876049911859252 0.003134767335724362 0.0008329588247144695 0.0004228205077779307 8.568106081920659e-05
 0.05988023952095808 0.03154574132492114 0.0202020202020202 0.005349500713266763 0.002796159940348588 0.005657896926430699 0.00307155827378425 0.000663778579084337 0.0003838631793517043 9.16449308797993e-05
 0.06779661016949153 0.03787878787878788 0.025 0.01492314579913446 0.008380824673147838 0.007064754901173712 0.004035370903221278 0.0008923011865665996 0.00045236943241404 9.742637300104445e-05
 0.07528230865746549 0.04992867332382311 0.03553299492385787 0.01840577658218887 0.01056051990251828 0.002440123132367295 0.002133521330575216 0.0009261170804930801 0.0004710306346549014 9.560427478580659e-05
 0.05952380952380953 0.04212299915754002 0.02870264064293915 0.008441668073611346 0.01996007984031936 0.006209787314784468 0.003315649867374005 0.0008724548553082093 0.000442680281544659 9.747722961756102e-05
 0.08683068017366137 0.05128205128205128 0.0348432055749129 0.01530924678505817 0.0105339923831132 0.004103991577895544 0.003926427474521849 0.0009064626932742397 0.0004608773928852298 9.359967419347451e-05
 0.05988023952095808 0.03131524008350731 0.0245549416820135 0.01104275122259031 0.01559509463386971 0.005407385441922936 0.003390616913824794 0.0009062319838189387 0.0004698939899579739 9.357134964726587e-05
 0.03992015968063872 0.02219755826859046 0.01427551748750892 0.003675119441381844 0.001898253606681853 0.00610601359825731 0.003966337863006139 0.0009208915765280085 0.0004697105213199648 9.555098680281621e-05
 0.05988023952095808 0.03329633740288569 0.0282326369282891 0.01238965463837695 0.006846970215679561 0.004102527513689956 0.002723904990193942 0.0009046533830186936 0.0004606456684115664 9.358919956741877e-05
 0.05988023952095808 0.03089598352214212 0.02430133657351154 0.006868131868131868 0.006779661016949152 0.0068924615705195 0.003805511797086571 0.0009255384995092718 0.0004708702958340732 9.559835307937233e-05
 0.05988023952095808 0.04929577464788732 0.0352112676056338 0.02701789935832489 0.0177717019822283 0.006870491240123669 0.003758759251469943 0.0009035646587024812 0.0004691316275837669 9.552689350721617e-05
 0.03992015968063872 0.02219755826859046 0.01427551748750892 0.005277973258268825 0.004431838326537848 0.00618439254617951 0.003391191825442863 0.0008992530459805303 0.0004592404553711103 9.35318543625446e-05
 0.07374631268436578 0.0432152117545376 0.02922267679719462 0.009873292743129833 0.00532292405961675 0.006424019069193447 0.003894115460523404 0.0008551310779898978 0.0004800688163952319 9.756524924934492e-05
# name: avgRateB
# type: matrix
# rows: 100
# columns: 10
 0.1459966190256647 0.1348697132381825 0.1204577394097571 0.08940620782726047 0.07263630609723018 0.03466013472137171 0.02138211623555964 0.005489306018645159 0.002851092342753137 0.0005842310687348843
 0.1080781488152972 0.1013312139876813 0.09459643391860623 0.07801350965655028 0.06404142253713041 0.03302050747306222 0.02078697535557586 0.005468883338441295 0.00285007914229833 0.0005904280127580002
 0.124964498721954 0.1183377671773232 0.1066695399202672 0.08430336240718524 0.07145399293673174 0.03432507458216708 0.02167998021156169 0.005528613356981451 0.002866211407136674 0.0005710601016962865
 0.1265111048636491 0.1092145706624812 0.1046317593469535 0.08171418195024514 0.06907999121243928 0.03436100381525629 0.02147623173594603 0.005449893311410599 0.002830453005902972 0.0005882237603184251
 0.1089176310415248 0.09057458250778375 0.09882591435087422 0.07924370916168498 0.06641748131109833 0.03279666070363745 0.02045187487914801 0.005429297070001494 0.00284327541511344 0.0005901390926155974
 0.1150139881877526 0.09669440071958624 0.09392033542976939 0.07555555555555556 0.06506576791649113 0.0331285803022983 0.02072560701438849 0.005440627109607711 0.002845082859470034 0.0005917814422485637
 0.1207464324917673 0.1109922439154854 0.1047181336901507 0.08084333487659817 0.06346306964544987 0.03139275585096019 0.02027816042122634 0.005368332226152217 0.002825179053990211 0.0005909155139038072
 0.1237113402061856 0.1179838639715451 0.1093727364913806 0.0802008081302804 0.06877904076864516 0.03371284587746722 0.02094315940469786 0.005413593039978564 0.002830453005902972 0.0005882237603184251
 0.1142670584394384 0.09959467284308049 0.09255273353422298 0.07551366855938653 0.0633105038951258 0.03225086485883272 0.02069195683613305 0.005353071162505534 0.002790462181086611 0.0005824812234007671
 0.1111111111111111 0.1048598507763662 0.09755063089810199 0.07445096010118431 0.0623901977566557 0.03261851015801354 0.02075538095819478 0.005354333606263282 0.002807680523898009 0.0005854597124601651
 0.109375 0.09231536926147704 0.1023943336669489 0.08045708955223881 0.06482942818987496 0.03259047373418834 0.02044239060801716 0.005254277425848085 0.002830555178253738 0.000589585311807534
 0.1155765694772787 0.09761225409220604 0.09139132102000383 0.0722439750730712 0.0617381668513535 0.03235448876549153 0.02055849414257142 0.005412188615690577 0.002820052003670847 0.000584426789252332
 0.1142573273720815 0.107682301076823 0.1028873087696617 0.08138131633505585 0.06973907509546033 0.03212562753874133 0.0207088753325705 0.005422784149293844 0.002823182635991272 0.0005845612422025474
 0.1030624263839812 0.08749999999999999 0.09783168373476743 0.07624755236456418 0.0631778921557799 0.03310843866974617 0.0209362519806985 0.005406128431776888 0.002815625380085484 0.0005825914539778512
 0.1076833527357392 0.1027185665739883 0.09845288326300984 0.07908453657659817 0.06723442402510085 0.03366965196689718 0.02162547874586786 0.005497211733042116 0.002857530458676935 0.000590960173448794
 0.1114042802697156 0.100864553314121 0.09632224168126095 0.07517783096787242 0.06317273540655587 0.03153158336881595 0.01978694061919133 0.005385215136624903 0.00282388170020421 0.0005892957006725881
 0.05263157894736842 0.1055146326896277 0.1017471736896197 0.08427052370300002 0.07210606569663763 0.03492377558196359 0.02167380555290245 0.005488045362880722 0.002814875949182872 0.0005826064624135602
 0.11555330634278 0.1098172169811321 0.1037431655684845 0.08487654320987655 0.07080394922425952 0.03277280535213815 0.02083483008836842 0.005462127113595747 0.002848335683050969 0.0005903565456376316
 0.12342254888365 0.112713610471458 0.1073197578425977 0.08230587618048268 0.06999832673322549 0.03331349024635955 0.02107901370498073 0.005450607980568034 0.00285779497143164 0.0005907386453292396
 0.108339632149156 0.1094369547977795 0.1038436576043845 0.07780135394564008 0.06324570100167516 0.03206113575475427 0.02055383496808563 0.005398619417461514 0.002816947291466853 0.0005844823695351146
 0.1052128168340507 0.09895444361463779 0.09301177051609186 0.076560135315588 0.06471047640299007 0.03363613481911996 0.02124898389925985 0.005501260859452015 0.002857896377280683 0.0005868615336766638
 0.112464854732896 0.1027397260273973 0.09345794392523366 0.0818330605564648 0.06603174603174604 0.03327935674800379 0.02125262091885493 0.00550146398017996 0.00285806905785384 0.0005909781044595446
 0.1050175029171529 0.08681672025723473 0.07320261437908497 0.07455429497568881 0.06417624521072797 0.03286016175608245 0.02100322096375182 0.005484575092667233 0.002853616192452473 0.0005921575368781454
 0.113075123472836 0.105742935278031 0.1002939650700329 0.07943420548374734 0.06493506493506493 0.03337205858903392 0.02116149907192743 0.005426729885909023 0.002851355681350036 0.0005920365343963326
 0.08627450980392157 0.09176416609314063 0.08077544426494346 0.07565680079813768 0.06588950836289914 0.03313239151442639 0.02112442502631541 0.005437404891808633 0.0028244109806182 0.0005830438936861106
 0.1190476190476191 0.1056536817485281 0.1007847361132482 0.07894814946724839 0.06800295443547359 0.0340913004051929 0.02064197303498392 0.005521965150264385 0.002838673171880236 0.0005914825718374376
 0.1189901913490915 0.1100917431192661 0.1035757039504502 0.08283058861894668 0.07027368305470916 0.03320549995323169 0.02096700105205447 0.005409876049653492 0.002820335094051005 0.0005844194951249509
 0.1215014102842265 0.1086745585096061 0.1012002824193928 0.07896845076870254 0.06646768165742807 0.0328144162458982 0.02063905181767826 0.005496055934357174 0.002857523677652151 0.0005826158142145179
 0.1149573753552054 0.1059836608522853 0.09946125155408204 0.08157225784421597 0.06788688999712786 0.03328221729993752 0.02110677289688657 0.005427448490006296 0.002819865279497565 0.0005828198967576183
 0.1203990368077055 0.1063509581619344 0.1003692832118171 0.07986747914571378 0.06899018806214227 0.03374937830092604 0.02107551690478304 0.005360295001062818 0.00278331241050211 0.0005899728374921799
 0.1233011069076643 0.1145236855804269 0.1034434879200222 0.08155219727128667 0.06754819181137486 0.03382555345603844 0.02119770685975277 0.005457379508726332 0.002807548294127927 0.0005838412917498476
 0.1155676410605031 0.09758897818599312 0.0965534099242239 0.07956353716753807 0.06689369982972512 0.03357643151130046 0.02089375598138556 0.005411265337268577 0.002755938517517073 0.0005846070004211152
 0.1146542457900394 0.0973709834469328 0.08516074089844582 0.07270352633870265 0.06370899375754618 0.03193554211429087 0.02042171909890048 0.005369872821685519 0.002815438495033985 0.0005907824112813755
 0.122226400902595 0.1106639839034205 0.1042745666735723 0.08452209935522667 0.07063701277096716 0.0348231197280032 0.02180318208603418 0.005509744429760066 0.002847768216430385 0.0005918835933233155
 0.1062887511071745 0.09150991357397052 0.08548313234620668 0.06979410738321951 0.06310080017184899 0.03189901682673137 0.0205107027324661 0.005450308911803759 0.002844325665744011 0.0005901534676269137
 0.05988023952095808 0.03198294243070363 0.02043596730245232 0.07881773399014778 0.06669933572906458 0.03172557378674466 0.01947982772527355 0.005212236327617804 0.002779948951759318 0.0005779667209928992
 0.1212277534175909 0.1056398023513375 0.1007121789799295 0.08253908926680371 0.0707209832070774 0.0341530861863175 0.02132760674834895 0.005485473619105646 0.002853963273898112 0.0005905714670746498
 0.1140174379610999 0.09948415622697127 0.09456562854621106 0.0753451504725404 0.06715151515151516 0.0335377097547483 0.02108793597328382 0.005421909696521095 0.002813817476399466 0.0005926831579268696
 0.09549795361527967 0.1107344632768362 0.1050708085883965 0.08109477952356818 0.06807889858067653 0.03334382614575682 0.02091486586126709 0.005437757947882316 0.002827382093374533 0.0005898353943593922
 0.1207760503661827 0.1116022099447514 0.1056308033052219 0.08077761018937489 0.06837058996341105 0.03342395461874331 0.02094009216589862 0.005373673432078429 0.002797996174794271 0.0005804842387632713
 0.05988023952095808 0.03329633740288569 0.02024291497975709 0.07897603485838779 0.06767414644074696 0.0336592034371446 0.02127814088598402 0.00551460078163472 0.002867142925636477 0.0005927335622989736
 0.1143758627489647 0.1033131457071607 0.09274495138369485 0.08263866334668543 0.06870268588613503 0.03358942726972921 0.02075127148699838 0.005399971905551573 0.002821702706928043 0.0005875846334550115
 0.1168658698539177 0.1020634568449079 0.09082652134423251 0.0785474207219056 0.06535947712418301 0.03266598750941224 0.02092970457189886 0.005438449654704535 0.002827623291564385 0.0005847364364932623
 0.1163098070314565 0.1017811704834606 0.09685656423351237 0.0780148510198327 0.06689500160548004 0.03251566011571749 0.02025497438341475 0.005376975533843749 0.002812196735563898 0.0005840745635527573
 0.1173020527859238 0.09983361064891846 0.1079108148853448 0.08381799521040027 0.07057278844575743 0.03446507578738984 0.02136721494844622 0.005508827063499399 0.002860466812825642 0.0005896483084216817
 0.1128728836334319 0.0985684111710866 0.08657137104892289 0.07723634321022328 0.06519921983839509 0.03232605503718088 0.02060822494018674 0.005398427845604964 0.002812229179460396 0.0005826588825553912
 0.1176844783715013 0.1005161640858462 0.08671197562690415 0.05537377296753083 0.06420190391852999 0.03262508244605673 0.02088106899861961 0.005476018530258677 0.002851535475302162 0.0005904716501285069
 0.09140767824497258 0.09672961768770152 0.08524457073269738 0.08090506244125151 0.06879367314880018 0.03390748437076892 0.02124583198087875 0.005459035252910875 0.002846956049877141 0.0005902764434933114
 0.1157662624035281 0.1025908537645627 0.09270455461507457 0.07998230806088975 0.06720895350178839 0.03080706579225725 0.02050097451815491 0.005418823822321161 0.002830307350413015 0.0005896638263206541
 0.1189358372456964 0.102068224550094 0.1006598814450285 0.08062096895155242 0.06879906788359642 0.03412525977706405 0.02135002339728592 0.005425129497097928 0.002810129554671455 0.0005826565730994198
 0.05988023952095808 0.1078050884001725 0.1013581998783702 0.07622387632407672 0.06409879447221406 0.03240969532587833 0.02049225000545007 0.005343967213839769 0.002779060830766695 0.0005858901036431676
 0.1120263591433278 0.09572072072072073 0.09666080843585237 0.07150794801178915 0.06478658536585366 0.03218988387347554 0.0207587429026075 0.005326054392330482 0.002765035359809827 0.0005710618001890452
 0.05952380952380953 0.1132015306122449 0.1081163392721182 0.08119610258707582 0.06557829703517067 0.03214986393266249 0.02065265219798158 0.005369739677962736 0.002798573396169107 0.0005803597160634656
 0.09992862241256247 0.07720254314259764 0.06331222925691436 0.07685085370518482 0.06545741324921135 0.03275512087100942 0.02067391210715978 0.005355890651486122 0.002786921199084817 0.0005908312897113472
 0.03992015968063872 0.02219755826859046 0.01427551748750892 0.08593482641925548 0.0712545030726849 0.03468982511543339 0.02161066523589159 0.005522729077815068 0.002868848526716752 0.0005906203932104817
 0.03992015968063872 0.02219755826859046 0.01427551748750892 0.08404050342311319 0.06980802792321117 0.03387542190856091 0.02133010499311816 0.005486416040285442 0.002849902268503014 0.000588839644888059
 0.1071853910281858 0.08858267716535433 0.07417582417582418 0.07596212693955431 0.06368106154848646 0.03199098845395663 0.02076260486518336 0.005440866421214967 0.002833042850730226 0.0005916148195752878
 0.1096804959465904 0.102278010227801 0.09560021727322107 0.08153004721948569 0.06911344137273594 0.03301604704475232 0.02024972108874727 0.005415741017054059 0.002817060655915204 0.0005828495913015051
 0.1177262024890683 0.1053022794846382 0.09756644611416396 0.08266156578767592 0.06950618281742503 0.0341356369082866 0.02150348883135121 0.005499605984604795 0.002858123881447323 0.0005922300213480106
 0.08780487804878048 0.09917704156995147 0.1008316773386325 0.07613661083315205 0.06821451604901523 0.03373956894999099 0.0209889453241709 0.005476852513307469 0.002856550528939532 0.0005924142445707909
 0.1257677683533197 0.1079859367152185 0.09382500545494217 0.08487654320987655 0.06896733264892468 0.03403384344432016 0.0212438812422471 0.005487180620309197 0.002854778017059694 0.0005906205102683736
 0.100250626566416 0.08845084660096032 0.0767590618336887 0.07538531970090036 0.06526923559683695 0.03296976266287288 0.02095449880260007 0.005428012592989216 0.002852756726638165 0.000592112389664609
 0.1154664235794591 0.09862444848170257 0.08785267781719885 0.08083140877598154 0.06891389634524055 0.03367993043563459 0.02118924645742286 0.005474466054611498 0.002845130693385264 0.0005889704281319246
 0.1053799223516362 0.08451656524678837 0.08134590497319283 0.07618569215957134 0.06241640659830584 0.03287639405204461 0.02067063096373178 0.005402821554877099 0.002832107353975404 0.00058978484727937
 0.1194029850746269 0.1006429969247973 0.08598993288590603 0.07584039355015032 0.06432804895677732 0.03273654979342108 0.02081882647188393 0.005437450164309526 0.002841228707469762 0.0005900370852167991
 0.1181460163586792 0.1089676325772863 0.1038541426263559 0.07879730430274753 0.06850828729281767 0.03413971586946148 0.02108556658957965 0.005238139621586355 0.00283220204185556 0.0005882237603184251
 0.05836575875486381 0.03115264797507788 0.1001104158998896 0.08117108366865547 0.06824488871269185 0.03359679017716868 0.02107928834020389 0.00543156049653669 0.002729572418247384 0.0005897029163777518
 0.1240035429583702 0.1101494885916601 0.09848751319029195 0.08308997357808372 0.0696240302367217 0.03377569108417573 0.02101027498960622 0.00541433422042764 0.002731950303603665 0.0005846088540695415
 0.1244260109613391 0.1148825065274151 0.106087395807022 0.08037595203370604 0.06862769475594897 0.03419626730885009 0.02125080438784215 0.005429729629216408 0.002823363669339132 0.00058456552811136
 0.07712082262210797 0.04777070063694268 0.09117896522476675 0.0789591458346653 0.06727828746177369 0.03339016766126741 0.02084021280498991 0.005290315369856379 0.002852728376223179 0.0005923150783410978
 0.1148105625717566 0.1075962986873252 0.1031494980057764 0.08276358402302987 0.06957258235276324 0.03326384379663488 0.02111426035672364 0.005482506572568701 0.002853457710894942 0.0005905657322450277
 0.1312335958005249 0.1109877913429523 0.1058129281693007 0.08287764866712234 0.06764767417532604 0.03379669437279068 0.02106814764081414 0.005486284289276808 0.002836347507773781 0.0005899632599390001
 0.1292929292929293 0.1064060803474484 0.09423076923076923 0.07552351527634742 0.06477342003657793 0.03335549520514756 0.02119412538672167 0.005500560174104687 0.002862904229629814 0.0005925420947651185
 0.1216685979142526 0.1122900999278871 0.1033612761455197 0.08238144686742818 0.06929845051779179 0.03380468911145234 0.02139960682756269 0.00521351283154973 0.002702715700277485 0.0005780230108585186
 0.1269079060195507 0.1150747986191024 0.106050457691449 0.08347893612890701 0.06903542174615784 0.0338909057488167 0.02140739133579229 0.005500093206277489 0.002858178707144104 0.0005909102536214569
 0.1146867511126327 0.104589447393069 0.09539842873176207 0.0811565755699834 0.06772146132588296 0.03173634421727189 0.01964564533745794 0.005320766190331408 0.002791063281189183 0.0005869405142705594
 0.1170515659601392 0.101010101010101 0.09456838021338505 0.08028580208973572 0.06677316293929712 0.03327068327476915 0.02114240665089945 0.005452522392308061 0.002831523397981652 0.0005849135914091064
 0.05952380952380953 0.1241890639481001 0.1197141155449672 0.09228828469939912 0.0785488245931284 0.03624595469255663 0.0219201765963523 0.005524080900815779 0.002860029023998244 0.0005892754253497162
 0.1196122911940606 0.1074472026676547 0.09661835748792272 0.05668398677373642 0.0689186565715395 0.03463749657791056 0.02161977429252818 0.005471129129775183 0.00283654664388455 0.0005851277581831604
 0.1208244491826581 0.1084438829227206 0.1019297377535873 0.08590197069226882 0.07296763670701348 0.03458277554663097 0.02125536145542088 0.005468102734051367 0.00282333394585324 0.0005845593888560391
 0.1234567901234568 0.1066912539515279 0.09878048780487805 0.07070101857399641 0.06642235455794777 0.03325903537127586 0.02104178296903852 0.005432121576054321 0.002824337721624052 0.0005910845472312137
 0.1309441764300482 0.109479305740988 0.09429622815087396 0.08388396832091476 0.0697667796224051 0.03375791744971114 0.02136997303654409 0.005508816879902246 0.0028318947371422 0.0005896357080218949
 0.1101206082852648 0.1046580188679245 0.09602380308358129 0.07036643653744025 0.065399493501795 0.03245056454259289 0.02051858618508889 0.005369453327130266 0.002839676067988873 0.0005915433048278045
 0.1245962159667743 0.1146172350360832 0.105496222974733 0.08575905005359941 0.07044598714040526 0.03449731620529522 0.02142354192572174 0.005345734440361417 0.002856959332430228 0.0005907186210962271
 0.03992015968063872 0.02219755826859046 0.01427551748750892 0.07751357423703427 0.06499561211057481 0.03151175318882723 0.01986692084638926 0.005384598592727882 0.002817756818067152 0.0005858931188436687
 0.1197183098591549 0.100058858151854 0.08590751233778102 0.07566289478128695 0.06423491626519845 0.03261771357783359 0.02076615046599809 0.005423231150163244 0.0028361531484631 0.0005898241868689698
 0.1107121484141233 0.09475032010243278 0.1015426674477641 0.07607372630846809 0.06542554685086906 0.03410962126558457 0.02138438055348676 0.005507076038305595 0.002820602059900026 0.0005844482095676747
 0.07927519818799547 0.09426551453260015 0.08847277100154612 0.07551880168513028 0.06460253683132434 0.03273038490007402 0.02087282485996039 0.005441046445581263 0.0028365461755335 0.0005848907453827832
 0.1202003338898164 0.1070415269538303 0.09852216748768473 0.07969104395267579 0.06853226727584238 0.03339244179351956 0.02108485933799318 0.005423903919416284 0.002823271798768671 0.000584559041354877
 0.05988023952095808 0.03329633740288569 0.0796979865771812 0.07285744367235207 0.06342962507682852 0.03215581264947875 0.02057512711243784 0.005413817530491721 0.00282121978067168 0.0005844711368340051
 0.1249814015771463 0.113504449890365 0.1037071434099528 0.08143822987092809 0.07006874669487044 0.0339739972868822 0.02113517550410754 0.005503820461326917 0.002846295279256907 0.0005904037985550165
 0.1307772328726408 0.1202514348182564 0.1091988130563798 0.08497505707279952 0.06979804336632531 0.03389550264550265 0.02134487006847549 0.00550690303230778 0.002863556344795246 0.0005909308128717775
 0.1044713748432929 0.09965070885555784 0.1003683241252302 0.08342913450484481 0.07096343296042745 0.03325176503647156 0.02088020350846237 0.005439556602629365 0.002839495359109534 0.0005852599794266238
 0.120617110799439 0.1091338118179137 0.1020881670533643 0.08162135989486062 0.06852248394004283 0.03291271733441879 0.02066190860743101 0.005409582689335394 0.00281859737391091 0.0005827959815622382
 0.1217150760719225 0.1111019669163032 0.1041405269761606 0.0809138505473584 0.06666666666666667 0.03355466811597628 0.02098159243797452 0.005396574556532342 0.002807298593093087 0.0005807356315004485
 0.0916030534351145 0.09284176533907426 0.09525931702969194 0.07731318934638437 0.06508239789825651 0.03221417190970728 0.02038707708950204 0.005400444806906731 0.002841540856415705 0.0005916291011867803
 0.1177730192719486 0.1106847697756789 0.1058350384533973 0.08183358373557523 0.06975544879624351 0.03405344700583256 0.02113879643788792 0.005392896521027679 0.00280170097790878 0.0005861001981850299
 0.1191728005608132 0.09846827133479212 0.08426966292134831 0.07283404514948139 0.06375823251903405 0.03238326825504455 0.0208303811818053 0.005417607223476298 0.002817589810675215 0.0005827504672409996
 0.1012145748987854 0.08761543926118873 0.07641470466749277 0.07519027743677878 0.06436166104574827 0.03275222083041245 0.0207328866718151 0.005508134664650713 0.002860601359841573 0.0005711837783806939
 0.07309941520467836 0.0429553264604811 0.02910360884749709 0.06873447698261423 0.06490872210953347 0.03312060748041037 0.02085863275948282 0.005404444970904838 0.00281859737391091 0.0005827959815622382
