# Created by Octave 3.0.1, Tue Sep 08 12:45:20 2009 PDT <jwawerla@daneel>
# name: prtA
# type: matrix
# rows: 100
# columns: 10
 373.4 496 553.5 1115.9 1230.9 1535.9 1600.4 2091.2 3719.7 3770.3
 397.2 703.5 894.1 1164.2 1284.9 1988.4 2053.1 2497.2 2565.9 2726.2
 447.2 732.6 758.5 917 972.3 1549.3 1615.6 2760.1 2828.8 2989.2
 380.4 464.1 502.5 1453.7 1507.7 1652.7 1719.5 0 0 0
 271.7 561.5 601.6 1464.3 1520.5 1902 1969.1 2128.1 2197.1 0
 469.5 538.2 582.3 912.7 1673.4 2045.3 2113 2272.4 2341.5 2502.2
 84.09999999999999 90.8 337.5 829.1 880.7 1430 1495.8 2422.7 2491.3 2848.3
 137.2 143.7 166.2 749.1 847.6 977.2 1764.4 1921.4 1989.9 2295.6
 70.5 75.2 213.4 844.2 939.8 1773.1 1838.4 2120.2 2187.4 2346.4
 125.9 134.1 238.8 1104.4 1152.7 1284 1349.6 1507.2 1575.8 0
 163 173.8 339.2 763.3 1164.5 1595.8 1661.2 2086.8 2155.4 3152.4
 82.5 95 163 428.8 917.7 1186.8 1250.4 1953.4 2022 2244.4
 82.2 122.1 132.7 766.3 851.2 1032.1 1095.9 2048.1 2116.7 2339
 81.5 150.9 162.8 388.4 867.2 1235.2 1298.8 2434.7 2853.5 3070.5
 77.8 118.8 129.5 644.2 822.5 1276.1 1339.9 2033.7 0 0
 40.1 88.2 97.2 171.3 904.3 1483.6 1547.4 1702.9 1734.7 3255.3
 58.8 69.5 77.09999999999999 648.9 813.9 1134.5 1621.4 1776.7 2379.4 3099.7
 76.3 126.8 138.7 529.9 815.1 1526.3 1588.8 1893 1960.8 0
 40.1 89.3 98.90000000000001 474.1 844.3 1642.2 1840 1980.8 2048.1 2207.2
 74.90000000000001 159.4 203.7 251.7 288.8 1412.3 1890.7 2583.3 2651.1 2846
 60.9 69.09999999999999 74.8 174.9 301.4 1063.8 1125.4 0 0 0
 70.09999999999999 78.40000000000001 85 221.6 252.4 1113.7 1174.4 1999.5 2066.7 2225.8
 88.3 98.09999999999999 105.8 155.3 231.2 1172.5 1232.1 2062.1 2411.2 2553.9
 40.1 47.3 51.5 202 303.6 783.9 843.8 1027.7 1110.4 0
 60.2 66.40000000000001 71.8 128.6 245.6 746.9 1610.1 1758.7 1826.1 1985.3
 70.3 77.8 134.4 297.9 352.7 843.1 1099.7 1941.1 2008.4 2623.3
 50.5 55.3 72.2 93.90000000000001 203.3 811.8 1191.2 1714.2 1793.1 3413
 49.7 54.3 57.9 74.5 194.2 1230.1 1403.6 1583.9 1659.8 2933.8
 40.1 45.2 48 180.8 270.7 1140.5 1201.4 1754.8 1823.6 1990.9
 40.1 43.3 106.2 397.4 425.9 947.5 1008.3 1385 1683.3 1851.6
 40.1 40.1 48 138.6 160.1 590.4 650.8 1955.9 2024.5 2192.1
 40.1 40.1 40.1 76.40000000000001 112.6 1292.3 1658.1 2061 0 0
 67.90000000000001 73.59999999999999 78.09999999999999 166.9 284 960.3 1287.7 1656 1721 2298
 40.1 66.8 71 162.5 184.1 845.8 1089.4 2422.9 2489.8 2648.6
 67.90000000000001 73.09999999999999 77.3 237.6 313.5 516.9 1376.8 1845.4 1915.1 2089.8
 41.7 45 47.8 58.5 140.5 668.9 1454.2 1627.3 2347.6 0
 65.5 70.7 75 90.8 124.8 759.6 1112.5 1285.3 2147 2370.6
 50 54 57.4 69.2 135.3 838.7 1129.1 1832 1901 2075.1
 95.90000000000001 102.8 166 205.3 226.9 775.9 960.9 1744.5 1813.5 1987.5
 40.5 43.8 46.6 56.3 66.3 763.7 820.4 1612.6 1681.6 1855.6
 83.5 146.1 153.3 176.6 215.6 717.3 774.3 1685 1754 1928.5
 40.5 55.1 58.9 71.59999999999999 84.09999999999999 992.4 1308.6 1729.5 2180.2 2783.4
 82.8 89.3 95.09999999999999 128 146.2 322.4 1128.4 1298.1 1369.9 2213.2
 40.1 40.1 60.4 73.59999999999999 214.3 886.7 1386.2 1868 0 0
 48.7 63.9 68.3 82.90000000000001 134.6 714.2 770.7 1556.5 2579.4 2738.1
 40.1 43.6 46.7 57 124.3 614 1240.1 1776.6 2416.1 2594.5
 40.1 43.9 46.9 72.8 143.1 708.2 838 1852.7 2135.8 0
 57.5 62.5 66.90000000000001 97.59999999999999 113.6 989.2 1045.5 1213.1 1287.4 0
 40.1 40.1 40.1 40.1 75.8 842.7 898.6 1614.1 1681.7 0
 87.59999999999999 94.2 125 146.8 263.2 920.6 1155.2 1636.3 1710.8 1937.2
 58.7 63.4 67.8 82.40000000000001 194.2 700.3 756.2 1514.8 2083.6 2256.7
 48.5 104.7 158.6 183.1 260.5 836.5 1439.6 0 0 0
 51.7 56.1 60.1 105.4 179.2 757.1 813.3 2807.9 2874.4 3032.8
 40.1 42.9 46 56.3 66.5 613.3 669.3 2665.9 0 0
 40.1 42.5 45.4 56 66.40000000000001 821.3 1134.3 1822.5 1822.3 2049
 76.2 82.3 87.8 190.8 343 548.7 761.5 1977.3 2045.8 2220.2
 40.1 40.1 40.1 76.40000000000001 146.4 1063 1170.2 1342 1410.6 2525.2
 56.9 61.8 66.09999999999999 145.7 457.1 747.9 804 1605.2 1749.6 2550.9
 69.5 86.40000000000001 92 178.4 218.5 306.4 754.2 1820.3 1890.9 2066.7
 77.40000000000001 83.90000000000001 89.5 108.4 125.2 840.5 1084.7 1252.5 1885 2060.4
 49.8 54.3 58.4 103.3 246.3 839 1052.6 1219.9 1289.8 2685.8
 40.1 85.5 91.40000000000001 157.6 264.3 909.6 1435.5 1918 1988 2633.3
 85 92.3 98.59999999999999 172.1 316.5 793.7 1024.5 1690 2286.8 2464.1
 58 63.2 67.8 217.8 240.5 485.4 818.3 2216 2285.9 2902.8
 40.1 66.7 71.59999999999999 87.8 231.9 934.8 991.3 1336.2 1406.1 2921.3
 59.3 64.7 69.5 127.9 201.7 935.9 1152.7 1319 2074.4 2233.4
 40.1 45.6 49 60.8 159.4 942.7 1090.6 1764 1835.9 2012.4
 56 61.3 65.90000000000001 155.2 175.7 846.4 903.3 1507.7 1579.5 2072.4
 40.1 40.1 40.1 41.2 48.7 1037.9 1265.9 2053.8 2125.5 2301.5
 58.5 64.5 69.5 133.4 310.8 946.8 1004 1692.5 1764.3 1940.8
 48.2 74.59999999999999 80.3 157.8 232.2 763.5 1406.4 2075.5 2147.3 2323.7
 40.1 40.1 74.90000000000001 151.8 172.1 981.2 1366.6 1645.4 1717.2 0
 48.8 54 70.8 87.3 157.6 771.3 828.5 1830.7 1902.4 2076.1
 50 55.5 59.6 149.8 300.4 876.8 934.2 1819.7 1965 2644.1
 63.8 70.7 75.8 122.3 276.6 818.8 1241.9 1771.7 0 0
 40.1 45.6 48.9 61.3 115 1035.3 1221.4 1747.5 1818.9 1991.6
 40.1 40.1 61.3 76.59999999999999 222.8 783.2 840.7 2060.5 2132 2304.5
 40.1 40.1 73.09999999999999 123.6 142.3 1087.6 1145.1 1630 1701.4 2466.1
 40.1 88.59999999999999 94.90000000000001 187.1 403.3 784.3 1150 2000.4 2295 0
 66 73.2 78.5 153.6 212.2 951.4 1313.6 1476.3 1547.5 1719.3
 40.1 74.5 79.8 143 163.5 925.7 1483.2 1856.4 1994.2 2637.6
 40.1 40.1 40.1 63.3 75.40000000000001 1123.7 1181.3 2040.3 2323.9 2496.2
 40.1 67.3 72.2 89.2 546.4 786.9 844.8 1576 1649 2683.9
 66.2 135.6 143.9 199.4 283.3 753.3 1229.3 1702.6 2097.4 2269.8
 46.9 52.9 57 135.8 178.5 1223.7 1281.9 1768.7 1842 2014.7
 58 65.40000000000001 70.40000000000001 134.8 429.3 1024.4 1082.8 1720.1 1787.5 1946.8
 88.09999999999999 98.5 105.4 241.7 266.9 824.1 1285.7 1658.4 1731.8 1904.9
 49.5 56.3 60.8 140.9 418.9 611.2 788.8 2047.9 2119.2 2721
 84.40000000000001 95.2 101.6 252.2 370.4 840.5 899.1 1574.2 1645.3 1877.8
 56.8 64.8 69.40000000000001 119.8 201.4 872.4 1332 2370.7 2441.8 3074.2
 65.40000000000001 74.90000000000001 138.5 194.9 238.9 624.3 681.5 2074 2145 2976.8
 57.5 65.90000000000001 70.90000000000001 197.1 332 811.8 1357.5 1710 2125.7 2301.2
 40.1 40.1 40.1 191.7 215.7 974 1090.5 1696.7 2023.2 3017.9
 80.09999999999999 91.40000000000001 98 137.9 159 1093 1428.9 2103.9 2175 2353
 58.4 67.59999999999999 72.8 287.8 355.9 862.3 1421.6 1949.5 2020.6 2197.8
 40.1 46.5 50.2 63.3 387.8 1017.3 1074.9 2222.3 0 0
 57.1 66.09999999999999 71.3 106.9 125.6 911.9 1294.3 1994.4 2063.8 2238.5
 40.6 47.3 50.7 116.2 426.5 1127.3 1185 1563.7 1633.2 3151.3
 65 75.5 131.3 192.8 368.5 953.1 1010.9 1700.3 1769.7 1945.6
 40.1 48 65.09999999999999 82.5 179.8 1238.4 1296.2 1864.1 1933.5 2109.1
# name: prtB
# type: matrix
# rows: 100
# columns: 10
 405.2 420.2 760.9 1076.4 1228.9 3232.9 3619 4029.6 4307.2 4464.7
 347.5 1290.2 1298.2 2630.7 2787.1 3741.3 3884.4 4145.4 4382.6 0
 421.4 1247.2 1267 3025.3 3140.6 3391.3 3455.4 4663.9 4732.4 4892.6
 326 1399.2 1421 3282.7 3394.3 4121.8 4186.2 4142.2 4207.5 4365
 716.9 1343.6 2478.1 3214.7 3484 4219.7 4285 4442.5 4511.3 4442.5
 357.9 1444.1 1818.3 2646.6 3264.3 3737.3 3803.3 3961.4 0 0
 780.2 1599.7 2367.3 2999.7 3497.4 4004.7 4301.3 4755.4 4283.8 4737.3
 1172.4 1361.3 1436.7 3118.7 3171.6 3316.3 3648.3 4943.2 5012.2 0
 891.2 1085.5 1398.6 3034.8 3262.4 3890 3954.3 0 0 0
 436.1 1041.7 1065.6 2883.5 3493.4 3907.4 4549.9 4038.1 4571.1 5269
 675.5 1182.8 1206.1 3130.2 3175.4 4210.8 4275 0 0 0
 1036.7 1057.8 2688.6 2797.7 3346.4 4261.9 4451.5 4932.5 5001.1 4937.2
 1281.4 1303.8 2479.8 3403.2 3484.6 3615 4564.1 4720.9 4789.5 5017.8
 711.4 1147.8 1164.3 2644.2 3489.8 3999.8 4062.1 0 0 0
 323.4 803.7 1544 2763.9 3425.7 3694.7 3756.7 3928 3995.9 4687.8
 913.9 1129.6 1210.7 2932.5 3243 3788.7 3850.3 0 0 0
 362.6 609 1459.3 2356.3 3334.1 3916.3 4332.8 4332.9 4398.2 4555.5
 667.4 686.4 1372.9 1903.3 2867.7 3943.1 4004.6 4184.4 0 0
 314.5 333 344.7 2508.5 2894.1 3935 3996 0 4067.2 0
 687.9 818.1 953.4 2772.8 2830.4 3078.4 4191.6 4195.5 4260.9 4418.3
 240.2 1210.7 1315.5 1480.7 1926 4112.3 4301.2 4671.5 4755.1 6070.8
 298.8 1369.7 1382.5 1867.6 3171.7 3426.7 4040.9 0 0 0
 498.1 514.8 574.7 2730.5 2899.2 3216.8 3276.1 4869.7 4950.6 0
 605.7 1417.4 1819.9 2566.8 2642.7 3556.4 0 0 0 0
 41.7 46.2 1258.5 2479.4 2552.5 3308.5 3941.4 0 0 0
 283.6 298.6 308.6 2377.2 2474.9 3380.2 3446.3 4930.4 5012.6 5191.1
 41.1 1208.8 1219.5 1867.8 2797.3 4067.9 4133.2 4703.7 4784.1 4959.9
 388.6 413.7 663.5 2245.1 2714.3 4051.3 4115.8 4306.3 4385.4 4559.1
 315.8 329.1 1293.1 2641 2759.6 3600.5 3664.3 4496.2 4573.9 4745.6
 291 722.4 768.6 2827.4 2858.4 3798.7 3861.9 4457.8 4534.7 4705.2
 305.8 318.9 328.5 2221.8 3072.7 3909.4 4285.5 4466.1 4542.1 4712.5
 126.1 562.5 595.2 1806.5 2383.7 3053 3989 4167.1 4236.2 4404.9
 351.4 830.2 1168.8 2013.4 2083 3454.8 3861.8 4310.9 4380 4548.7
 308.2 493.6 1135.5 2107.3 2836 3904.2 3965.3 4140.2 4209.1 4376.6
 332.9 345 353.9 1960.7 2798.1 3402.6 3462.7 4331.6 4400.1 4567.3
 89.09999999999999 333.6 342.6 1617.4 2836 3761 3820.7 4165.2 4229.3 4401.7
 243.3 254.6 263 1949.9 3152.4 4002.6 4062.1 4318.7 4259.7 4417.2
 40.1 40.1 40.1 2135.7 2782.7 3371.6 3431 4176.7 4241.8 0
 40.1 327.7 336.6 1662.8 2813 3712.3 3771.1 0 0 0
 477.5 569 1352.2 2136 2304.9 3775.1 3967.8 4373.9 4443.6 4618.3
 353.6 1178.3 1302 2300.6 2348.3 3464.9 3850.3 0 0 0
 113.5 121.4 385.3 2960.7 3110.4 3643.4 3701.5 0 0 0
 40.8 44.2 46.8 1074.9 2663.2 3053.1 3111 3800.4 3866.1 5054
 316.8 328.2 337.2 1641.3 2459.5 3067.5 3686 5106.2 5175.6 5627.5
 277.7 663.2 950.6 2513.4 2887.9 3406 3463.6 4067.2 4136.4 5128.8
 68.90000000000001 74.40000000000001 79 897.4 2731.4 3434 3491.1 4679.8 4748.9 4923.7
 416.7 901.6 993.6 2467.6 2492.8 3062.8 3119.7 4329.1 0 0
 297.1 308.6 1159.5 2416 2646.3 3322.3 3429.2 4096.7 4168.5 0
 318.5 331.7 488 2266.7 2869.6 3157.9 3582.4 4082.6 0 0
 117.1 363.8 373.9 1844.2 1925.4 3760.3 3816.8 3985.3 3947.1 4367.2
 276.4 1094.9 1210.3 2011.4 2327.5 2889.5 3537.1 0 0 0
 290.5 491.7 692.2 1788.9 3004.6 3610.3 3786.7 4033.7 4107.9 0
 183.7 627.7 638 1003.1 1826.8 3219 4218.9 4388 5293.5 5337.3
 237.4 365.9 376.1 1609.6 2864.5 3671.1 3727.3 0 0 0
 60.1 1318.5 1329.1 2030.7 2696 3298.2 3354.3 4226.4 4291.8 4449.2
 347.8 960.7 1160 1818.4 2460.9 3570.4 3626.5 0 0 0
 805.1 904.4 1372.5 1875.2 2314.7 3150.4 3452 0 4170.6 0
 576.9 588.9 611.1 2148 2290.9 3187.4 3243.7 5269.2 5337.7 6025.9
 286.3 328.3 785.3 2420 2679.2 3598.6 3654.8 4191.9 4260.4 0
 747.3 852.1 1071.7 1227.4 2732.9 3480.3 3536.5 0 0 0
 430.6 453.1 463.3 2371.1 2512 3337.9 3455.2 3523.1 3589 4610.9
 509.8 840.5 1344.6 2481.8 2589.5 3474.8 3530.8 3702.6 0 0
 247.2 356.9 367 439.9 2881.1 3745.8 4117.9 4738.1 5103.1 6068
 290.6 302.9 372.1 2424.4 3146.4 3852.4 4065.2 4817.5 4887.9 5063.3
 78.2 233.2 591.8 1847.7 2798.9 3631.6 4067.2 4397.8 4696.4 0
 281.2 293.5 303.7 1584.2 2223.6 3283.9 3645.4 4494.2 4564.1 4612.5
 40.1 879 890 2296.4 2402.5 3704.9 3761.5 4287.8 4357.7 5230.4
 662.4 804.6 859.5 2119.1 2144.6 2929.4 3824.6 4132.5 4202.4 4378.7
 661.2 674.5 742.6 2683 2771 3312.6 3369 4318.4 0 0
 476.4 490.4 501.7 561.5 3123 3403.3 3460.3 3934.2 4005.9 4181.9
 237.8 409.6 421 2125.3 2939.7 3877.4 4062.2 4375.9 4447.7 4485.4
 119 350 698.3 2308 2334.2 3576.2 4263.6 4795.6 5204.4 5378.1
 734.2 793.1 1310.1 2493.8 2642 3256.9 3314.4 4128.5 4200.1 5024.6
 258 711.5 1453.8 1922.3 2300.2 3640.5 3697.8 4383.7 5690.2 5863.1
 286.5 714.5 725.4 2078 2124.2 3552.1 3609.3 4765.6 0 0
 293.1 308.4 768.2 1576.2 2943.4 3244.8 3835.6 4100 4058.4 4216
 307.8 384.8 479 1745.9 3149.5 3642.6 3700.1 4904 4975.4 5148.1
 40.1 40.1 40.1 1945.7 2559.4 3756.9 3886.3 4158.7 4230.2 4402.8
 40.7 1570.2 1581.2 2517.5 2544 2731 2961 3781 3852.4 4024.8
 352.8 526.8 648.5 2217.2 2471.2 2571.2 3857 4643.1 4941.4 5374.1
 130.7 173.4 205.3 2472.3 2811 3682.5 3940.4 4357.8 4429.2 0
 324.8 340.1 923.6 1801.2 2561.9 3501.8 3559.1 0 0 0
 40.1 40.1 40.1 2170.1 2236.7 3629.3 3686.5 4524 4935.1 5092
 227.8 918.4 2066.2 2536.5 2583.7 3409.5 3583.7 4410 0 0
 581 792.3 1054.8 2355.4 2383.1 3748.6 3806.8 3969.1 4818.7 4991.5
 321.1 733 1197.2 1393.7 2907.3 3683.8 3742 0 0 0
 574.9 790.2 801.8 2084.6 2758.9 3717.6 3840.2 4207.5 4278.8 0
 362.3 393.4 479.6 2568.4 2596 3456.8 4176.6 4484 4555.3 4730.2
 378.6 1285.6 1620.3 2715.5 2779.4 3467.1 3589.8 4336.3 4407.5 4582.1
 274.9 293.2 451.1 2465.7 2493.3 3995.9 4116.5 4784.6 5086.9 5261.2
 40.1 47.4 1842.1 2360.7 2845.3 2981.1 3413.3 3728.3 3799.4 0
 685.6 717.3 1640.8 1849.1 2555.7 3059.3 3750.5 4637 4708 0
 143 1019.4 1115.1 2725.4 3345.5 3641 3981.7 4143.9 4215 0
 329.7 554.4 604.7 2681.1 2880 3785.9 4521.5 4684 4755.2 4933.1
 137.1 1430.7 1536.7 2269.1 2320.3 3588.3 4107.6 4269.7 4340.8 5226.6
 642 664.5 746.6 2408 2999.4 3307.7 3365.3 3527.8 3467.6 4349.1
 242.2 263.1 1663.5 2323.9 2391.5 4220.2 4277.9 4438.4 4507.8 5429.7
 672.3 716.1 2115 2379.8 2806 3379 3436.6 4054.5 4123.9 0
 40.1 320 381.7 2343.8 3078.8 3753.5 4350.7 4509.6 4579 4754.9
 304.2 350.4 1201.1 2053.8 2978.2 3487.8 3545.7 4004.9 4072.5 5372
# name: collectedA
# type: matrix
# rows: 100
# columns: 10
 20 24 25 40 41 43 43 44 49 49
 17 31 37 42 43 48 48 49 49 49
 22 35 35 36 36 42 42 49 49 49
 20 21 21 47 47 47 47 0 0 0
 14 23 23 45 45 47 47 47 47 0
 27 27 27 31 48 49 49 49 49 49
 6 6 19 38 38 43 43 48 48 48
 9 9 9 32 33 33 41 41 41 41
 4 4 11 33 34 41 41 42 42 42
 9 9 13 43 43 43 43 43 43 0
 11 11 19 31 40 43 43 45 45 49
 6 6 10 21 38 40 40 46 46 46
 7 9 9 35 36 37 37 47 47 47
 6 10 10 19 33 39 39 48 49 49
 6 8 8 33 37 43 43 48 0 0
 2 5 5 6 27 39 39 39 39 48
 4 4 4 32 35 39 43 43 45 47
 6 9 9 28 35 46 46 47 47 0
 3 6 6 24 37 48 49 49 49 49
 6 12 14 14 14 42 46 48 48 48
 5 5 5 9 13 34 34 0 0 0
 6 6 6 13 13 39 39 46 46 46
 8 8 8 9 11 40 40 48 49 49
 3 3 3 11 14 31 31 31 31 0
 5 5 5 7 11 27 48 48 48 48
 6 6 10 18 19 35 39 46 46 47
 4 4 5 5 10 31 38 41 41 48
 4 4 4 4 10 44 46 46 46 49
 3 3 3 11 14 42 42 45 45 45
 3 3 8 26 26 42 42 45 46 46
 3 3 3 8 8 23 23 47 47 47
 3 3 3 4 5 41 47 49 0 0
 6 6 6 11 16 38 42 43 43 44
 3 5 5 10 10 32 36 48 48 48
 7 7 7 17 20 24 46 48 48 48
 3 3 3 3 7 30 45 45 49 0
 7 7 7 7 8 33 41 41 47 47
 4 4 4 4 7 33 39 49 49 49
 9 9 14 15 15 36 39 46 46 46
 3 3 3 3 3 34 34 43 43 43
 8 13 13 13 14 29 29 48 48 48
 4 5 5 5 5 40 45 47 48 49
 8 8 8 9 9 14 41 41 41 48
 3 3 4 4 11 35 44 48 0 0
 4 5 5 5 7 25 25 43 47 47
 3 3 3 3 6 23 40 44 48 48
 3 3 3 4 7 31 32 47 48 0
 5 5 5 6 6 37 37 37 37 0
 2 2 2 2 3 33 33 39 39 0
 8 8 10 10 15 39 42 46 46 46
 5 5 5 5 11 31 31 42 45 45
 4 9 13 13 16 35 48 0 0 0
 4 4 4 6 9 31 31 49 49 49
 3 3 3 3 3 25 25 49 0 0
 3 3 3 3 3 33 39 47 47 47
 7 7 7 13 20 25 29 44 44 44
 2 2 2 4 7 44 45 45 45 49
 5 5 5 10 27 37 37 45 45 48
 6 7 7 12 13 13 23 48 48 48
 7 7 7 7 7 35 38 38 46 46
 4 4 4 6 14 33 36 36 36 47
 3 7 7 10 15 34 44 46 46 48
 8 8 8 12 19 32 36 45 49 49
 5 5 5 14 14 19 27 45 45 47
 3 5 5 5 12 40 40 42 42 48
 5 5 5 8 11 37 40 40 46 46
 3 3 3 3 8 35 37 45 45 45
 5 5 5 10 10 32 32 39 39 40
 2 2 2 2 2 37 41 48 48 48
 5 5 5 8 17 38 38 48 48 48
 4 6 6 10 13 30 45 49 49 49
 3 3 5 9 9 38 46 47 47 0
 4 4 5 5 8 30 30 49 49 49
 4 4 4 9 17 32 32 44 44 48
 6 6 6 8 15 34 42 47 0 0
 3 3 3 3 5 37 40 44 44 44
 3 3 4 4 11 27 27 48 48 48
 3 3 5 7 7 40 40 46 46 48
 3 7 7 12 24 34 42 47 48 0
 6 6 6 10 12 39 45 45 45 45
 4 6 6 9 9 33 43 46 46 49
 2 2 2 3 3 38 38 46 47 47
 3 5 5 5 31 36 36 45 45 49
 6 12 12 14 17 29 39 42 44 44
 4 4 4 8 9 44 44 48 48 48
 5 5 5 8 25 41 41 47 47 47
 8 8 8 16 16 35 45 47 47 47
 4 4 4 8 23 26 28 48 48 49
 8 8 8 17 22 35 35 39 39 39
 5 5 5 7 10 30 38 48 48 49
 6 6 11 13 14 26 26 41 41 46
 5 5 5 12 18 31 43 45 47 47
 2 2 2 12 12 34 35 41 42 49
 8 8 8 9 9 36 41 47 47 47
 5 5 5 18 20 34 45 49 49 49
 3 3 3 3 19 34 34 48 0 0
 5 5 5 6 6 38 44 49 49 49
 3 3 3 6 20 39 39 42 42 48
 6 6 10 12 20 36 36 46 46 46
 3 3 4 4 8 43 43 48 48 48
# name: collectedB
# type: matrix
# rows: 100
# columns: 10
 41 41 83 110 119 273 287 292 294 294
 35 129 129 238 247 290 292 294 295 0
 47 137 137 275 278 281 281 299 299 299
 36 135 135 273 275 294 294 294 294 294
 81 139 238 279 288 299 299 299 299 299
 44 168 201 261 289 298 298 298 0 0
 85 157 224 260 279 289 291 294 291 294
 135 149 152 279 279 279 281 297 297 0
 110 126 149 276 284 292 292 0 0 0
 44 106 106 255 281 286 295 287 295 298
 76 129 129 272 272 298 298 0 0 0
 110 110 249 251 272 292 293 295 295 295
 138 138 241 287 288 288 298 298 298 298
 81 118 118 240 284 294 294 0 0 0
 38 90 163 256 289 292 292 292 292 294
 109 127 132 271 283 295 295 0 0 0
 44 65 143 212 270 289 295 295 295 295
 88 88 161 202 261 298 298 298 0 0
 41 41 41 245 266 298 298 0 298 0
 77 88 99 261 262 265 294 294 294 294
 26 138 146 154 185 292 294 295 295 299
 40 156 156 194 278 283 297 0 0 0
 58 58 62 259 266 275 275 296 296 0
 74 162 199 254 256 284 0 0 0 0
 3 3 136 239 241 278 293 0 0 0
 32 32 32 228 231 275 275 298 298 298
 3 142 142 189 253 291 291 293 293 293
 46 47 69 215 242 295 295 295 295 295
 35 35 134 246 250 285 285 298 298 298
 36 83 86 264 264 292 292 295 295 295
 37 37 37 205 261 289 298 298 298 298
 13 64 66 190 227 261 298 298 298 298
 44 100 135 204 206 284 291 293 293 293
 37 55 117 209 254 295 295 295 295 295
 43 43 43 209 262 286 286 298 298 298
 8 37 37 163 264 297 297 298 298 298
 27 27 27 184 268 297 297 298 298 298
 2 2 2 226 269 290 290 299 299 0
 3 35 35 171 255 291 291 0 0 0
 55 63 150 219 230 292 295 298 298 298
 45 137 149 241 242 281 290 0 0 0
 11 11 40 266 273 288 288 0 0 0
 3 3 3 106 245 256 256 281 281 292
 38 38 38 162 223 246 274 297 297 298
 35 78 106 248 270 285 285 290 290 299
 6 6 6 88 252 282 282 299 299 299
 51 103 110 255 255 279 279 297 0 0
 36 36 136 245 258 288 289 298 298 0
 38 38 52 224 267 275 288 296 0 0
 12 41 41 187 190 289 289 289 289 291
 36 136 146 216 234 263 289 0 0 0
 34 54 75 173 271 290 292 293 293 0
 21 71 71 106 178 267 292 292 299 299
 25 37 37 154 250 285 285 0 0 0
 5 149 149 213 262 281 281 295 295 295
 43 111 130 185 239 283 283 0 0 0
 111 120 172 212 241 283 288 0 297 0
 67 67 68 215 223 260 260 294 294 297
 35 38 87 242 257 294 294 298 298 0
 92 101 124 133 256 284 284 0 0 0
 55 56 56 239 245 282 283 283 283 295
 64 99 151 253 258 296 296 296 0 0
 30 40 40 43 248 281 289 294 296 299
 36 36 41 222 267 290 293 298 298 298
 7 24 60 175 246 283 294 296 297 0
 34 34 34 164 214 279 286 295 295 295
 3 100 100 213 218 282 282 290 290 296
 80 92 96 215 215 261 293 294 294 294
 84 84 89 261 265 283 283 299 0 0
 58 58 58 60 284 291 291 295 295 295
 32 49 49 198 255 296 298 299 299 299
 12 37 69 218 218 277 292 296 299 299
 88 92 150 249 256 282 282 292 292 296
 33 78 166 204 227 280 280 290 299 299
 40 88 88 211 212 290 290 299 0 0
 34 34 83 148 255 265 287 288 288 288
 37 43 50 175 274 288 288 299 299 299
 2 2 2 205 248 295 296 297 297 297
 3 201 201 278 278 280 284 297 297 297
 42 59 69 217 233 233 284 296 297 298
 14 17 19 227 249 284 288 291 291 0
 37 37 104 175 233 290 290 0 0 0
 2 2 2 207 209 272 272 293 296 296
 25 97 218 254 255 281 284 296 0 0
 68 89 116 228 228 293 293 293 299 299
 40 86 131 145 267 297 297 0 0 0
 74 95 95 215 257 295 296 298 298 0
 42 43 49 234 234 273 292 294 294 294
 47 140 173 265 267 289 290 298 298 298
 34 34 47 224 224 292 293 297 298 298
 3 3 198 247 279 280 293 295 295 0
 88 89 189 203 251 269 291 298 298 0
 15 106 113 250 285 293 298 298 298 0
 36 56 59 234 244 280 298 298 298 298
 14 161 169 224 225 286 295 295 295 298
 81 81 87 246 279 286 286 286 286 298
 27 27 162 213 215 296 296 296 296 299
 88 90 232 247 270 290 290 295 295 0
 3 34 38 209 258 281 295 295 295 295
 35 37 133 207 262 278 278 284 284 298
# name: avgRateA
# type: matrix
# rows: 100
# columns: 10
 0.05216484089723527 0.04395604395604396 0.03825554705432287 0.02475400705489201 0.01837823300013447 0.006579048027050598 0.003706768732112686 0.0008446724206775809 0.0004724271281154882 9.726655183920132e-05
 0.04174852652259332 0.0411413404114134 0.03721959561412333 0.02523735127989424 0.01881920434154668 0.00686852498425963 0.003982377977449785 0.0009333831137660676 0.0004777416275779767 9.746856241031401e-05
 0.04811898512685914 0.04472271914132379 0.040768782760629 0.02540578687367678 0.01825280129797698 0.006412899088452201 0.003615826991287579 0.0009287321290141604 0.0004765201966764175 9.741759862836021e-05
 0.05122950819672131 0.04084808403034429 0.03485477178423237 0.02405691764344577 0.01874227379670615 0.007064800757587145 0.004010410000426639 0 0 0
 0.04969826056088037 0.03761242845461979 0.03278221208665907 0.02290892429873237 0.01785360047609601 0.006809620399884092 0.003926778120326507 0.0009016250352497022 0.0004598956330463389 0
 0.05630865484880083 0.04590275416524991 0.03957203576139529 0.02194379556876902 0.01795466447220767 0.006954991270776262 0.004045240650540741 0.0009373971732692587 0.0004787891520057846 9.751201089268863e-05
 0.06376195536663125 0.04261363636363636 0.04342857142857143 0.02859077571288842 0.0202052427287712 0.006687402799377916 0.003740496529167174 0.0009156338761643335 0.0004683324340700137 9.545622407394039e-05
 0.06114130434782609 0.04646360351058338 0.033809166040571 0.02561844528060203 0.01786100887638017 0.005520979722947199 0.003485090612355921 0.0007896551325657628 0.0004020005902545252 8.162524218806616e-05
 0.04968944099378882 0.03194888178913738 0.03509891512444161 0.02454991816693944 0.01752758016290339 0.006053358137337408 0.003463305852142181 0.0008058296015748213 0.000411009576523133 8.360764603866973e-05
 0.0662251655629139 0.04888647474198805 0.03837072018890201 0.02680129643480429 0.01997491522274353 0.006842775302355187 0.003788679777260873 0.0008348347415506959 0.0004233291788004623 0
 0.06358381502890173 0.04915102770330652 0.04326047358834244 0.0245389060397372 0.01848001848001848 0.006519300160708329 0.003687442115734229 0.0008639424959874671 0.0004405053477349215 9.738600074251856e-05
 0.06486486486486487 0.04137931034482759 0.03802281368821293 0.02260981912144703 0.01981540386921833 0.006465377901338333 0.003555429140297234 0.0008854088471591849 0.0004508831428515418 9.158887585406627e-05
 0.07592190889370933 0.05229517722254504 0.03867640739149119 0.02763957987838585 0.01944684528954192 0.006133850566137829 0.003334565019511712 0.0009030108687925208 0.0004602577247404195 9.356231548814645e-05
 0.06557377049180328 0.04977600796416128 0.0380517503805175 0.02138676271949572 0.01767352185089974 0.006254811393379523 0.003451693985201969 0.0009154243277829377 0.0004764057615929453 9.740185520717275e-05
 0.0683371298405467 0.04739336492890995 0.03485838779956427 0.02884111169375983 0.02030178326474623 0.006851388601201383 0.003791920563673401 0.0009224790856694797 0 0
 0.03992015968063872 0.03617945007235891 0.02535496957403651 0.008937881722031879 0.01417843827128079 0.006015176753655377 0.003377383653463117 0.0007543097195708558 0.0003833500270802391 9.537902531776615e-05
 0.05813953488372093 0.03347280334728033 0.02258610954263128 0.02785272869701453 0.01929544076299686 0.006357486347705599 0.003700070559485088 0.0008304893900151999 0.0004395415483974315 9.342084680233361e-05
 0.06952491309385864 0.05090497737556561 0.03770423125261835 0.02718710554422759 0.01928268414963363 0.007048404149364878 0.003969349716968108 0.0009057098259880908 0.0004609614675443896 0
 0.05988023952095808 0.04307250538406317 0.0301659125188537 0.02463812750230982 0.02006181206961991 0.007226521333293186 0.004138513513513514 0.0009426557498153164 0.0004801657257704945 9.756929012566924e-05
 0.07067137809187278 0.05730659025787965 0.04609812314784327 0.01862445124384728 0.01086281812538796 0.006549911888090077 0.003868569554357607 0.0009128373456972079 0.0004676033671339128 9.54566606873675e-05
 0.0705218617771509 0.04198152812762385 0.02860411899313501 0.01333530893465699 0.009989242354387582 0.005607045087239025 0.003056069894116167 0 0 0
 0.0749063670411985 0.04672897196261682 0.03243243243243243 0.01801552106430155 0.01038007026509102 0.006379115756415919 0.00349012027491409 0.0008846238906143328 0.000450685679070647 9.159226786039268e-05
 0.08138351983723296 0.05401755570560433 0.03887269193391642 0.01373416755684419 0.008934372969460688 0.006480356419603078 0.003561221855218525 0.0009219758711231396 0.0004784632930773197 9.750197938967342e-05
 0.05988023952095808 0.03083247687564234 0.0198019801980198 0.01566951566951567 0.01073949064130101 0.005359705389097322 0.002858776443682104 0.0006075131742171409 0.0003065955628698927 0
 0.07122507122507123 0.0429553264604811 0.02910360884749709 0.0111358574610245 0.008831085420680796 0.004698185108493275 0.004134331314975754 0.0009273803244671911 0.0004713919122896781 9.562032991802748e-05
 0.07471980074719801 0.04694835680751173 0.04266211604095563 0.02255921794711117 0.01404598210985437 0.005989971076996799 0.003513608475904754 0.0008856185178981578 0.000450943255653456 9.350939361545714e-05
 0.06611570247933884 0.03798670465337132 0.02903600464576074 0.00841892574507493 0.008310479514667997 0.005333975704600984 0.003395525055400672 0.0007928189936226415 0.0004027777914220119 9.534914672445885e-05
 0.06700167504187604 0.03835091083413231 0.0253324889170361 0.006962576153176675 0.008373806732540613 0.007062486958475786 0.004033813883335087 0.0008917511083884701 0.0004524895779846114 9.742832953362848e-05
 0.05988023952095808 0.03151260504201681 0.02027027027027027 0.01615746180963572 0.01101754938223027 0.006839833889748392 0.003749531308586427 0.0008694845695471723 0.0004419407681519804 8.96430592666122e-05
 0.05988023952095808 0.03215434083601286 0.0387972841901067 0.02897258747492757 0.01823409776281646 0.007061790668348045 0.003815302998646476 0.0008757419480393111 0.0004523850032404535 9.166056260456279e-05
 0.05988023952095808 0.03329633740288569 0.02027027027027027 0.01252740369558409 0.006895957245065081 0.004114195764167144 0.002159462200022534 0.0009046133355403332 0.0004606736617185088 9.358968410693836e-05
 0.05988023952095808 0.03329633740288569 0.02141327623126339 0.006939625260235948 0.004493978069387021 0.006515900386186291 0.004031531724723583 0.0009412035880985767 0 0
 0.07702182284980744 0.04854368932038835 0.03368893879842785 0.01649422702054281 0.01246105919003115 0.006375518010838381 0.003720864303622527 0.0008324299210159516 0.0004227249043953559 8.759740233885064e-05
 0.05988023952095808 0.04280821917808219 0.02923976608187134 0.01509433962264151 0.008445232666159954 0.005474015532519074 0.003246343354915505 0.0009156303829051807 0.0004683392883974795 9.549414839711083e-05
 0.08985879332477535 0.05686433793663688 0.03948110547095318 0.02304772234273319 0.01522649409973354 0.004350269172905073 0.00404331622248787 0.0009258294853545347 0.0004709802570963478 9.56004284492535e-05
 0.05802707930367505 0.03157894736842105 0.02029769959404601 0.005371530886302597 0.006137658921525646 0.005292031963873062 0.003928689912870388 0.000871631869185489 0.0004787606157838581 0
 0.09271523178807947 0.0579950289975145 0.04 0.01184834123222749 0.007112375533428165 0.005729564553093964 0.003689538807649044 0.0007994493548833681 0.0004601211978814845 9.355643025288502e-05
 0.06666666666666667 0.03846153846153846 0.02541296060991105 0.007027406886858749 0.006165771161807452 0.0056519430695189 0.003504326495403941 0.0009453619385707671 0.0004808588728275483 9.759496139123411e-05
 0.08498583569405099 0.05890052356020942 0.05263157894736842 0.02126754572522331 0.01222593528404923 0.006232794889108191 0.00355810198067677 0.0008889833702132593 0.0004518064893162498 9.163574790208919e-05
 0.0594059405940594 0.03198294243070363 0.02046384720327422 0.005392773683264426 0.002813467129325706 0.005898988496972431 0.003142212857195667 0.000833129894638131 0.0004228887035609195 8.568201689888486e-05
 0.0855614973262032 0.06629270780214176 0.05132254243979471 0.01921371563700857 0.01151694636393551 0.005072324348905952 0.002691590172911465 0.0009287027183902487 0.0004717259272362757 9.563115065193549e-05
 0.07920792079207921 0.04757373929590866 0.03146633102580239 0.00874737578726382 0.004612120653076285 0.006675121820973233 0.003979272412146508 0.0009085724779864488 0.0004697583289130379 9.745747373521082e-05
 0.08620689655172414 0.05743000717875089 0.04100461301896464 0.0143312101910828 0.007852032804048158 0.002630392304223658 0.003684267280112145 0.0007992498747516965 0.0004044593118864673 9.557693824057193e-05
 0.05988023952095808 0.03329633740288569 0.02493765586034912 0.00697350069735007 0.009058716956271104 0.005945606197020402 0.003864326992324041 0.0009254260815917329 0 0
 0.06814310051107325 0.04389815627743635 0.029708853238265 0.00857780065191285 0.006169575180680417 0.00437506562598439 0.002321111905447185 0.0008340364454530467 0.0004581816622050822 9.348804079102022e-05
 0.05988023952095808 0.03205128205128206 0.02044989775051125 0.005385996409335727 0.005336653917993418 0.004096900605628786 0.003558687200291812 0.0008498047380476895 0.0004686763116345965 9.550442752556982e-05
 0.05988023952095808 0.03194888178913738 0.02042205582028591 0.006983240223463688 0.006123698714023271 0.005430783784730739 0.002952574275696623 0.0009064137450894554 0.000469962540069202 0
 0.07407407407407407 0.04444444444444445 0.02995805871779509 0.01004016064257028 0.005387931034482759 0.006177786682695518 0.00334978045357838 0.0007224713989194172 0.0003652971643067154 0
 0.03992015968063872 0.02219755826859046 0.01427551748750892 0.003703017959637104 0.002788622420524261 0.005648073664572886 0.003027911841887949 0.0007556074793515726 0.0003835498423020072 0
 0.08196721311475411 0.05547850208044383 0.04444444444444445 0.01546072974644403 0.01187460417986067 0.006587170219234537 0.003765060240963855 0.0008908461682963342 0.0004522626899011707 9.16449308797993e-05
 0.07278020378457059 0.04409171075837742 0.02979737783075089 0.008585164835164836 0.009211187405794673 0.00543831026437205 0.002882058719622171 0.0008152996808684106 0.0004408151750134204 8.959561913260689e-05
 0.06837606837606838 0.05817711700064641 0.0502706883217324 0.01903088859610599 0.01269337564458548 0.005996744624346784 0.004195950907374383 0 0 0
 0.06482982171799027 0.03770028275212065 0.0249843847595253 0.009910802775024777 0.007632293080054274 0.005384655468899272 0.002866839910110697 0.0009278914707837275 0.0004763089748275567 9.740915502925456e-05
 0.05988023952095808 0.03229278794402583 0.02054794520547945 0.005392773683264426 0.002812939521800281 0.004453708157411861 0.002343171529528648 0.000930393290535242 0 0
 0.05988023952095808 0.03243243243243243 0.02063273727647868 0.00539568345323741 0.002813203300825206 0.005668836857746551 0.003502689886207485 0.0009069419653625355 0.0004615884732519301 9.361636015608038e-05
 0.08120649651972157 0.05291005291005291 0.03727369542066027 0.01881876085697742 0.01489203276247208 0.004505559860868312 0.002694791618268829 0.0008465233861705014 0.0004311789412205108 8.761097223887052e-05
 0.03992015968063872 0.02219755826859046 0.01427551748750892 0.006939625260235948 0.006106071179344033 0.007257133432294244 0.004028576032658323 0.0008764754002570994 0.000443740595164608 9.750754788018591e-05
 0.07473841554559042 0.04472271914132379 0.03010234798314269 0.01548706829797119 0.01852995676343422 0.006437133561822579 0.003424657534246575 0.0008720051467681552 0.0004422621808832663 9.551271323959423e-05
 0.07547169811320754 0.05131964809384164 0.03645833333333334 0.01768867924528302 0.01066885514977431 0.002449871852856928 0.002138699298878578 0.0009262779258321545 0.0004710921191195681 9.560482700804495e-05
 0.08009153318077802 0.05227781926811053 0.03693931398416887 0.01150558842866535 0.006221116246000711 0.005992637616642411 0.00342814870948244 0.0007414272474513438 0.0004514894243509839 9.162244224001734e-05
 0.06688963210702341 0.03835091083413231 0.02525252525252525 0.009945300845350573 0.01123325042124689 0.005651652680253468 0.003257152163291895 0.0007028518212647819 0.0003554158464129656 9.349776739267351e-05
 0.05988023952095808 0.05166051660516605 0.03657262277951933 0.01520681265206813 0.01186427272008226 0.005753350480573981 0.003847667351668051 0.0008860125582649563 0.0004510334549162646 9.54970552090361e-05
 0.08421052631578947 0.05621925509486999 0.04028197381671702 0.01785448593959232 0.01443220660843145 0.005523240761516821 0.003265454215610685 0.0008705745792222867 0.000479045194492349 9.751940486892497e-05
 0.07352941176470588 0.0441696113074205 0.02979737783075089 0.01950404012259683 0.01128577186618299 0.003463740110110475 0.002495771054601924 0.000861804810785966 0.0004399433352984136 9.345742358165435e-05
 0.05988023952095808 0.04284490145672665 0.02913752913752914 0.008506294658046955 0.009741050409935871 0.006739906989283548 0.003639241945902669 0.0008181361300602694 0.0004141762675026453 9.544236841827936e-05
 0.07215007215007216 0.04359197907585004 0.02949852507374631 0.0127408823060997 0.009153698926520761 0.006233258646540542 0.00358657544809777 0.0007794384146222646 0.0004506516815185787 9.159088184895708e-05
 0.05988023952095808 0.03138075313807531 0.02013422818791946 0.005349500713266763 0.006900120752113162 0.005889578810978175 0.003336158548680865 0.0008693300363186771 0.0004418873894176808 8.963922006707403e-05
 0.07575757575757576 0.04492362982929021 0.03013863773357444 0.01526251526251526 0.008505571149102662 0.005473453749315818 0.002934891271449928 0.0007571683457036521 0.0003839357350646538 7.966978467647295e-05
 0.03992015968063872 0.02219755826859046 0.01427551748750892 0.003695491500369549 0.001907123104796415 0.006127958396131106 0.003639300899173613 0.0009221228805581916 0.0004700099387518299 9.556013669081219e-05
 0.072992700729927 0.04366812227074236 0.02949852507374631 0.01263024944742659 0.01296917912725053 0.006389991255801439 0.003453289712831698 0.0009285679740774774 0.0004716781818378351 9.562880722188752e-05
 0.06872852233676975 0.04815409309791333 0.03327787021630615 0.01520218911523259 0.01055023535140399 0.005205170469332871 0.003945153597980081 0.0009409415176042477 0.0004796994144730208 9.754666164467254e-05
 0.05988023952095808 0.03329633740288569 0.02858776443682104 0.01380791653881559 0.007678525723061173 0.006353240152477764 0.004046944556859571 0.0009100520085041456 0.0004620654127325566 0
 0.06802721088435375 0.03846153846153846 0.02927400468384075 0.008513536523071685 0.006910850034554251 0.005198135602030738 0.002770466823659787 0.0009453856498175792 0.0004808522664824381 9.759476700842761e-05
 0.06666666666666667 0.03791469194312796 0.02506265664160401 0.01385041551246538 0.01307290064595509 0.005445140212360468 0.002926597281922774 0.0008490979299378423 0.0004315206198205266 9.549500332342506e-05
 0.08130081300813008 0.04971002485501243 0.03412969283276451 0.01285553591515346 0.01174996083346389 0.00584312916752595 0.003736023270087797 0.000907831884987358 0 0
 0.05988023952095808 0.03138075313807531 0.02014775016789792 0.005344735435595938 0.004484304932735426 0.006130598313257005 0.003564617605646354 0.0008502826223489058 0.0004321398090138472 8.765086905836672e-05
 0.05988023952095808 0.03329633740288569 0.02479851208927464 0.006937218175511619 0.008995747464834806 0.004668695531885462 0.002490614074736871 0.0009220042066441928 0.0004699800258489014 9.555956596048811e-05
 0.05988023952095808 0.03329633740288569 0.02888503755054882 0.01122514432328416 0.006127987393854504 0.006570733950982325 0.00358902118419754 0.0008909548711989153 0.0004523044913835994 9.552883269139949e-05
 0.05988023952095808 0.0505050505050505 0.03591585428424833 0.01746470673846602 0.01710254400342051 0.005877980049444185 0.003766816143497758 0.0009038392012369136 0.0004692311452172638 0
 0.07894736842105263 0.0487012987012987 0.03361344537815126 0.01529987760097919 0.009899356541824781 0.006553079947575361 0.003977513788714467 0.0008741887043163553 0.00044314237179645 8.969158651062456e-05
 0.07984031936127745 0.04819277108433735 0.03337041156840934 0.01399688958009331 0.007735281478298238 0.005568962316688324 0.003744600808137104 0.0008870650488657138 0.0004510060375982164 9.748574320743215e-05
 0.03992015968063872 0.02219755826859046 0.01427551748750892 0.005325758920646193 0.002789659661521294 0.006205398696866274 0.003398531476661927 0.0008839303386029673 0.0004593257293750531 9.353304562303157e-05
 0.05988023952095808 0.04262574595055414 0.02903600464576074 0.008486082824168363 0.02004655975168132 0.00622094731203235 0.003319563293006787 0.0008724988366682178 0.0004426998789953664 9.747676422499308e-05
 0.07874015748031496 0.06465517241379311 0.04920049200492005 0.02001715756362597 0.0132470973272033 0.005040585403159926 0.003473057091715423 0.0008123382576504857 0.0004309610234932525 8.760232050583173e-05
 0.070298769771529 0.03887269193391642 0.02547770700636943 0.01258257313620635 0.007636826474331778 0.007069749505920916 0.003900052296155789 0.0009272011852721819 0.0004713183166080792 9.561473000691016e-05
 0.07352941176470588 0.04332755632582322 0.02934272300469484 0.01260239445494644 0.01749107954942979 0.006805656994887458 0.003699426137799112 0.000908737608782659 0.000461746285152892 9.363542112431038e-05
 0.08154943934760449 0.05387205387205387 0.03894839337877312 0.02157206417689092 0.01262925250611729 0.006009512199309764 0.003987346819426353 0.000909822991033404 0.0004619990995932442 9.364323799189846e-05
 0.06722689075630252 0.03762935089369709 0.02487562189054726 0.01248244655952567 0.01620973993938967 0.00463358996293128 0.002595283998220377 0.000922227409751402 0.0004700389348917735 9.746957059681215e-05
 0.0847457627118644 0.05509641873278237 0.03968253968253968 0.02260037224142515 0.01605370694687682 0.005992637616642411 0.003211274325403015 0.0007561920495131287 0.0003836871945874526 7.77081592371689e-05
 0.07485029940119761 0.04355400696864112 0.0295159386068477 0.01129396579541788 0.008323622440486098 0.005108643825352497 0.003353335686551359 0.0009165430288310067 0.0004685587328610001 9.740113883796863e-05
 0.07957559681697612 0.04803843074459568 0.04612159329140461 0.01870772773060872 0.01130034708208895 0.004622797503689348 0.002434115058746431 0.000787341091523601 0.0004013901806255813 9.145551047284884e-05
 0.07407407407407407 0.04314063848144952 0.02925687536571094 0.01721417300243867 0.01351351351351351 0.005333975704600984 0.003786044464010566 0.0008702378650164379 0.0004602171637501628 9.356935639413165e-05
 0.03992015968063872 0.02219755826859046 0.01427551748750892 0.0173485615151077 0.009870856296783746 0.005691329092735186 0.003155854109372887 0.0007930873730818409 0.0004116710708936791 9.741204040651435e-05
 0.08879023307436183 0.05657708628005657 0.04040404040404041 0.01410879448189372 0.007765314926660914 0.005908419497784343 0.003587396862340208 0.0009020438009438832 0.0004599951064350379 9.355970801408572e-05
 0.07309941520467836 0.04251700680272109 0.02893518518518518 0.02284843869002285 0.01475035032082012 0.005799771420773417 0.003939903341038033 0.0009432237076391495 0.0004802951560763218 9.757111640074887e-05
 0.05988023952095808 0.0310880829015544 0.01997336884154461 0.005325758920646193 0.01369073353509151 0.005650374752796105 0.003070005146773335 0.0009191475672270274 0 0
 0.0745156482861401 0.04306632213608958 0.02918855808523059 0.009886307464162136 0.005330490405117272 0.006427713594614253 0.00389577043287322 0.0009424091825273491 0.0004800918641085282 9.756320951101917e-05
 0.05928853754940711 0.03083247687564234 0.019907100199071 0.00973709834469328 0.01402032947774273 0.006364956832536354 0.00348681269557443 0.0008145264982924034 0.0004132507881282888 9.539873990189432e-05
 0.08 0.04780876494023904 0.04323389537397319 0.01732101616628176 0.01461454146876142 0.006047269489845626 0.003269487507833147 0.0008897433864020131 0.0004520009393758653 9.164339721276569e-05
 0.05988023952095808 0.03061224489795918 0.02422774076317383 0.00686695278969957 0.006780810306831667 0.00689279302385227 0.003806589826667375 0.0009254956704155668 0.0004708952405244596 9.559675377323376e-05
# name: avgRateB
# type: matrix
# rows: 100
# columns: 10
 0.09874759152215799 0.08719693747341557 0.09641073295388547 0.06977924384673941 0.0533895643591009 0.03315963998105163 0.02107350025699391 0.005404444970904838 0.00281859737391091 0.0005827959815622382
 0.0979020979020979 0.09625429040441724 0.09226147904448577 0.07602133708116396 0.06522140952179768 0.03317584341001911 0.02103079715364006 0.0054298241401855 0.002826141521671236 0
 0.1089476124246639 0.1056120875732347 0.1002194586686174 0.07800754545712421 0.06714002801526349 0.03348706398293471 0.02088380873106708 0.005469789019810148 0.002854894951323564 0.0005922051541258478
 0.1071428571428571 0.0931548440518907 0.08875739644970414 0.07217067174240623 0.0625810709327993 0.03223048082615274 0.0207243659330899 0.005430145062446668 0.00282129405273133 0.0005829111853518781
 0.1114321089558399 0.09974167623421355 0.09231604670105892 0.07510700729534014 0.06422836752899197 0.0324305563087736 0.02093104655232762 0.005492032878725261 0.002860934654912914 0.0005927335622989736
 0.1195977167708617 0.1124422729402316 0.1047802742011156 0.08294667259899574 0.06777196726309125 0.03410664621793918 0.02158904030195678 0.005522466059071855 0 0
 0.1075677043786383 0.0951688185730739 0.09078750050662666 0.07429208217847244 0.06203584293147152 0.03209435072795318 0.02034780054960039 0.005369333435606351 0.002790462181086611 0.0005824812234007671
 0.1141745602165088 0.1055764189045561 0.09891325567775103 0.0770995108740708 0.06688081311726915 0.03354857328379207 0.02058864473963791 0.005405582492464945 0.002828242813692124 0
 0.1220594762538837 0.1109643328929987 0.09942613105565194 0.07808079665044698 0.06662912912912913 0.03284589426321709 0.02092544950302058 0 0 0
 0.09863259358888141 0.09709627186956123 0.09094028826355526 0.07536574552977686 0.06253616415186719 0.03210813480925972 0.02027505343679338 0.005311067561590803 0.002821047115311974 0.00058978484727937
 0.1108679795769511 0.104639844256976 0.09876732256335656 0.07492700126714782 0.06514345930928774 0.03235332435836193 0.02087565674255692 0 0 0
 0.1050921945160982 0.09929590178732624 0.08929211790862798 0.0761136549716469 0.06258052641266336 0.03152700849717661 0.02027471196761582 0.00537022709689164 0.002809494376725577 0.0005842310687348843
 0.1068607712560012 0.1019352932486335 0.09341809442592448 0.07352941176470588 0.0642197743388485 0.03343006384213581 0.02046127120797028 0.005445816863392232 0.002843796372728184 0.0005900782111046383
 0.1122816745217632 0.09851394222741694 0.09333227873131378 0.07633102219960562 0.0632544879504655 0.03266739260872464 0.02090726136210097 0 0 0
 0.1139772045590882 0.1054234508609582 0.09914841849148419 0.0784337755445939 0.06530040445579231 0.03358367741267668 0.02122602077533129 0.005414626909954013 0.002807802999925959 0.0005825383534137342
 0.1179781361619223 0.1076636147846728 0.1007095445181964 0.07895120174799709 0.0666980909733679 0.03356582884840761 0.02129917763514148 0 0 0
 0.11808910359635 0.09863429438543247 0.09170781761046624 0.07422189545916044 0.06229667058904963 0.03241254780570416 0.02058216119669569 0.005429491155450933 0.002825719217381143 0.0005846730438970539
 0.1299084735754355 0.1195002715915263 0.1093081675605947 0.08405109640910415 0.06748196602632056 0.03332177880153414 0.0212787227053968 0.005499737931950893 0 0
 0.1263482280431433 0.1070496083550914 0.09219698673262874 0.0814359315273392 0.06830846665468272 0.03335198656966984 0.02129179765647328 0 0.002863534331662618 0
 0.1103309929789368 0.1013708098145375 0.09398139358268463 0.07974822781715961 0.06840016708437761 0.03280352545058428 0.02071648017136898 0.005424804642451864 0.002819849051753821 0.0005828495913015051
 0.1039168665067946 0.1094629967478385 0.1031437654539032 0.07775029030140859 0.06322624743677376 0.03204459905841555 0.02055771543646687 0.005395864390038686 0.002816092008885486 0.0005908264219156688
 0.1295336787564767 0.1098823695146862 0.1052276559865093 0.08193951681027201 0.06663949948462258 0.0335837279124687 0.02115249022498558 0 0 0
 0.1141507577248573 0.1026912181303116 0.09189269304876241 0.08017334777898158 0.06821912187115306 0.03346801674617857 0.02071391447789637 0.005394598476025931 0.002820374538116028 0
 0.1201884034432353 0.1103993457816546 0.1036512318349914 0.08282248597887049 0.07027754138413814 0.03319152914777243 0 0 0 0
 0.05802707930367505 0.03118503118503118 0.1001104158998896 0.08021749345505806 0.06783954961294862 0.03345970993560811 0.0210165406630611 0 0 0
 0.108991825613079 0.09179575444635685 0.07831620166421928 0.07924370916168498 0.0664767331433998 0.03281544593207799 0.02045172277875698 0.005425046968527445 0.002837754707530334 0.0005898757915568979
 0.05870841487279843 0.1128058468382587 0.1076165214096249 0.07982093082185995 0.06662628709872805 0.03209122288512225 0.02058981688506495 0.005356127647672826 0.002796225763259884 0.0005802440946300884
 0.1154039136979428 0.1013586370498167 0.09037328094302555 0.07832137262759098 0.06515359556309398 0.03259200335863357 0.02089856756258944 0.005432150597628636 0.002826065714170756 0.0005846688722886972
 0.1074278698588091 0.09232392508572936 0.09618835690187352 0.07831900668576887 0.0664964357910416 0.03313760827858846 0.02085727040536288 0.00546827118221087 0.002849659427447958 0.0005903964294091916
 0.1196013289036545 0.1074572760227861 0.099009900990099 0.07934122738474485 0.06842214389384201 0.03318672076556764 0.02106493337854118 0.005417038514225694 0.002822029431375419 0.0005844996247314273
 0.1171627612412919 0.1002981837896449 0.08634772462077013 0.07531780439415092 0.06408525057087436 0.0324376501223427 0.02086031290469357 0.00547129315298874 0.002850526247320457 0.0005904351487232831
 0.09551800146950772 0.1044897959183674 0.09493670886075949 0.08237589421200954 0.06708632561988356 0.03241028188252825 0.02130245192651369 0.005501494449582865 0.002858891632657368 0.0005907952123383416
 0.12174875484228 0.1136105430583958 0.1063997477931904 0.08116495583671521 0.06681803438209537 0.03359038652599707 0.02099294463922434 0.005394865487406764 0.002807051159225906 0.0005807169852979504
 0.1162790697674419 0.101177336276674 0.09469850263051396 0.0801595520270011 0.0662148070907195 0.03313043282945127 0.02112378538234052 0.005448816221587656 0.002830846826236864 0.0005848804246668066
 0.1254009915427238 0.1088607594936709 0.09473452302269222 0.08493518104604382 0.06898185935072799 0.03403708375978864 0.0212438812422471 0.005484837553099853 0.002854403396165329 0.0005906050590278046
 0.08072653884964683 0.09645464025026068 0.08359692724807953 0.07698120336261452 0.06882168925964546 0.03390023969866453 0.02148950487312509 0.005501687430305806 0.002859080891841354 0.0005907989604317352
 0.1065929727595736 0.08864084044648719 0.0743801652892562 0.07510510633087064 0.06454098834409017 0.03299046941994535 0.02112060076375506 0.005486140132219659 0.002858247242223026 0.0005907808060470578
 0.03992015968063872 0.02219755826859046 0.01427551748750892 0.08574572219903631 0.07111322600259075 0.03464092885469922 0.02159183977365796 0.005518977715512388 0.002868331130122465 0
 0.05988023952095808 0.09266613714588298 0.08016491067338524 0.07906417606805992 0.06687647521636507 0.03340105368272443 0.02113120956205387 0 0 0
 0.1128205128205128 0.1017770597738288 0.1032915576366892 0.0830804248861912 0.06959363369542194 0.03327597406297364 0.0211200045819671 0.005480570641429068 0.002853214557904936 0.0005905453686479464
 0.1237623762376238 0.1115362696409672 0.1062767475035663 0.0860529886452903 0.07227548308096646 0.03319590308213919 0.02093817462437637 0 0 0
 0.08906882591093117 0.06417736289381563 0.082423243354626 0.07686306238622244 0.06641689373297004 0.03332022120924636 0.02101959639455534 0 0 0
 0.05905511811023623 0.03184713375796178 0.02043596730245232 0.06730586068956759 0.06688141515614764 0.03178900050912071 0.01952558919990847 0.005223009494353201 0.002705406287518257 0.0005781559991604858
 0.1162790697674419 0.1004759386567954 0.08691674290942361 0.07565497594918974 0.06446018210724093 0.03049271769445305 0.02002045886307175 0.005389593185521775 0.002823848877496301 0.0005893666780386747
 0.121654501216545 0.1093662366797532 0.100894726822768 0.08229906417999601 0.06944623061292729 0.03390435403283369 0.02116818681481921 0.005363695549242425 0.00278480915414783 0.0005919282369170002
 0.07604562737642585 0.04823151125401929 0.0335195530726257 0.06297409474738801 0.06753497346840327 0.03343609200853687 0.02090266916708052 0.005468198493776495 0.002854445249544387 0.0005921686781587
 0.1195219123505976 0.1082387557797394 0.1005852231163131 0.08592802264456126 0.07300732936326157 0.03460336359577318 0.02126573016151284 0.005466683600501389 0 0
 0.1172256593943341 0.1003904071388734 0.1079793568876538 0.08401920438957476 0.07075665743356278 0.0346058181031686 0.0215202692639919 0.005508653947468145 0.002860749650806146 0
 0.1156773211567732 0.09955462405030129 0.08843537414965986 0.08096287996530163 0.06899937978085591 0.03370965567118989 0.02120391094357404 0.005473109650793416 0 0
 0.0944138473642801 0.09908168197196714 0.08651614264612788 0.07977135056735773 0.06494838312709372 0.03298973779436778 0.0209165653407446 0.00535330914156261 0.002780260343963419 0.0005769605953757501
 0.1256983240223464 0.1187876670451568 0.1114248645348394 0.08600780441188181 0.07032306536438768 0.03333544584574434 0.02134873791284692 0 0 0
 0.1131447587354409 0.09968617315857485 0.0946730623579904 0.07558215736816812 0.06767217699645407 0.03368059184929677 0.02117983273734831 0.005422541858136682 0.002814387765001503 0
 0.1084150748580279 0.1047661207023757 0.09620596205962059 0.07052092342492183 0.06296872789019385 0.0324857038569169 0.02053604709225046 0.005368831359858792 0.002839681461818631 0.0005916840098682603
 0.1010509296685529 0.08896369319547968 0.07771476580550304 0.07299962078119075 0.06469142191745375 0.03286780223962357 0.02076154815586459 0 0 0
 0.07132667617689016 0.1088783339422726 0.1042614232733889 0.08416643616390723 0.07088744588744589 0.03386276541900653 0.02104191159401841 0.005440154611038165 0.002828602056921062 0.0005847962490573877
 0.1201788708775852 0.1098248738498071 0.1031746031746032 0.07979641131815045 0.06905718165795025 0.03302062914216373 0.02076835577734561 0 0 0
 0.1361796098638204 0.1257334450963956 0.1168081494057725 0.08925564163017852 0.07270642893776209 0.03472222222222222 0.02140945584299732 0 0.002851092342753137 0
 0.114159141250639 0.1048677414305838 0.09562649416397132 0.08119335347432025 0.06776261812877936 0.03175611305176246 0.01963197595838021 0.005319418410253813 0.002791023536682498 0.0005869264794549053
 0.1181235234559568 0.1004493787998943 0.09827177228058286 0.08287671232876713 0.06985214176995 0.03419161258809574 0.02153089023640039 0.005498976784353381 0.002858228052069626 0
 0.1214842202561733 0.1119609799357056 0.1058291371511479 0.0769943267338196 0.0685793886790431 0.03348938127188897 0.02098031248845713 0 0 0
 0.1248297775760327 0.1113098787517392 0.09941416651872893 0.08324335620493888 0.06976082004555809 0.03382146583672148 0.02103276056840478 0.005287436639507054 0.002731950303603665 0.0005846088540695415
 0.1231242785686803 0.1111734980348119 0.104527204762564 0.08484807834194111 0.07187630589218554 0.03492707792514278 0.02187601620007686 0.005511837415693095 0 0
 0.1166407465007776 0.09830425165888425 0.08565310492505353 0.04574954782423662 0.0638994099610935 0.03212970797411329 0.02047046657080727 0.005371030415743331 0.002816282298048297 0.0005908296908715825
 0.1197604790419162 0.1020119013884953 0.08684600720186401 0.07591300779647107 0.0643932085664673 0.03275947765577696 0.02083155589682336 0.005436220185159849 0.002841128480978264 0.0005900250523053249
 0.07936507936507936 0.08474576271186442 0.08673026886383349 0.07454104016697194 0.06475558714364685 0.03278650539876732 0.02089968152866242 0.005441396527065432 0.00283677375726386 0
 0.1167582417582418 0.09898107714701601 0.08422095615556106 0.07868726609730353 0.06638540761881127 0.03367978850541412 0.02095944420830463 0.005413420143795119 0.002821235969132809 0.0005846070004211152
 0.05988023952095808 0.1076426264800861 0.101010101010101 0.07616936060649405 0.06407053637031594 0.03239554733540879 0.0204919521854449 0.005341900021736006 0.002778903712902833 0.0005858713173237398
 0.1189767995240928 0.1076527030189562 0.1000521104742053 0.08208926730556299 0.06837117598422693 0.03291547910308473 0.02119410326519393 0.005431118089872073 0.002821432135920094 0.0005828953522422735
 0.1251489868891537 0.1159420289855072 0.1056254450510325 0.08199811498586239 0.07027313709891275 0.03404470322161537 0.02116837459795048 0.005504580400011783 0 0
 0.1192434210526316 0.1073279052553664 0.09639355160378926 0.05652378709373528 0.0688818821246665 0.0346292527935454 0.02161913181727005 0.005469627805733654 0.002836377551658127 0.0005851062880281898
 0.129136400322841 0.1066144473455178 0.09404990403071017 0.07541995200548508 0.06472574053861969 0.03334309595151734 0.02119156319779266 0.005498759560761293 0.002862676727204141 0.0005926831579268696
 0.09302325581395349 0.0925 0.08643367155204811 0.07763532763532764 0.06538300041989083 0.03229868706420093 0.02047169017639306 0.005401893582696421 0.002842086452657874 0.0005916362422510987
 0.1182477828540715 0.1091211006997984 0.106375434366357 0.08317188856971074 0.07029104887424492 0.03415325364240817 0.02118007570750466 0.00539457032801574 0.002802300573607894 0.000586110062757339
 0.1231343283582089 0.1024294156270519 0.1068348564808856 0.08421747925525326 0.06878371007817709 0.03240553208726347 0.02044123873906759 0.005332480136511492 0.002829022936847503 0.0005910690066146354
 0.1349072512647555 0.1151079136690648 0.1066149745577902 0.08184639255236617 0.06785737148710071 0.0339097999321804 0.02130895784500305 0.005459631593555079 0 0
 0.1121741999340152 0.09486607142857144 0.09560009214466712 0.07128407667854736 0.06466500988994268 0.03214147098777412 0.02074358900228396 0.005323475046210721 0.002767676612363826 0.0005711837783806939
 0.1164254247954688 0.09889604415823366 0.08635578583765112 0.07791976490493788 0.0660320520544644 0.03332330548677481 0.02102174436682944 0.005445869153431444 0.00284828636042349 0.0005919056213415432
 0.03992015968063872 0.02219755826859046 0.01427551748750892 0.08382058306415342 0.06967466426925886 0.03368772054037387 0.02131597329742264 0.005483883475785054 0.002849462056102742 0.0005888151294957126
 0.05917159763313609 0.1240587581780027 0.1195574589578872 0.09212924606462303 0.07844243792325056 0.03621782434355193 0.02191188951469794 0.005522396385340547 0.002859827986642582 0.0005892567191138214
 0.1157662624035281 0.1022884882108183 0.09218436873747494 0.07986162225820698 0.06712376123530768 0.03077451394759087 0.02049505665006856 0.005416969388632783 0.002830150922324269 0.0005896621928191413
 0.09950248756218906 0.07609668755595345 0.06223386832623649 0.07637183326043805 0.06533718184203621 0.03270947307803052 0.02065937849703021 0.00535341754081291 0.002786576934420641 0
 0.1105137395459976 0.09484747500640861 0.1016021883548261 0.07604727968016688 0.0654145259552486 0.03411042367498648 0.02138785022604745 0 0 0
 0.03992015968063872 0.02219755826859046 0.01427551748750892 0.07752518632260964 0.0645719405567399 0.03152051730731346 0.01987359807109195 0.005373780353605751 0.002820791136616823 0.0005860318516230707
 0.1051303616484441 0.1001652209830649 0.1006370602899086 0.08364893792194961 0.07115550966877808 0.03341459064153636 0.02090741108828964 0.005440176438154751 0 0
 0.1150592216582064 0.1056630654161225 0.1004502944232768 0.07984870771170413 0.06739381041057019 0.03349107285737146 0.021221427122867 0.005429032538989903 0.002852544441020543 0.0005920891737781725
 0.1208094231350045 0.1098339719029374 0.1009867406722171 0.07656967840735068 0.06833363191973997 0.03420161680370345 0.0216125745888517 0 0 0
 0.1265173533937425 0.1130683170673649 0.1053448658239077 0.08318501895844618 0.06837106600335205 0.03383958887767275 0.02138697417667374 0.005497394272010331 0.002857723717572507 0
 0.112812248186946 0.09697789806044205 0.08454106280193237 0.07626124364489636 0.06507230255839822 0.03228171412354555 0.02059732234809475 0.005396079582996843 0.002811909104559979 0.0005824894171182941
 0.1209469891919712 0.1048218029350105 0.1005638551415451 0.08241331052713419 0.07064613430703286 0.03413211134863176 0.02133953406231144 0.00548436312373128 0.002854201087086656 0.0005905877358709316
 0.1193401193401193 0.09906759906759907 0.08528397749954636 0.07553022895100651 0.06412274926287465 0.03245923142765038 0.02075585307972939 0.005421231513965604 0.002835748318772369 0.0005897939521182311
 0.05988023952095808 0.03080082135523614 0.1019514958035117 0.08634250358303912 0.0725561074558552 0.03508288331182418 0.02184399066598078 0.005490588758624412 0.002842020281427446 0
 0.1265094882116159 0.115991137755767 0.1085707720588235 0.08641607424119876 0.07059088224540878 0.03337758862432221 0.02116286680484346 0.00545417940223658 0.002846009855980441 0
 0.09803921568627451 0.09912100243126987 0.09299646119660934 0.07750976623054505 0.06558508802209181 0.03390811248698068 0.02131357417195334 0.00550385177277588 0.002859473204433143 0
 0.1059758610538711 0.09265387160820648 0.08372357031360862 0.07355946056395586 0.06288659793814433 0.03186924504034874 0.02052129600936542 0.005449491624606832 0.002844727517106549 0.0005901771937708184
 0.09517335146159075 0.1087323563179577 0.1032565528196982 0.08089270882236106 0.06776496099750022 0.03330111896417219 0.02091071479202699 0.005435814091472774 0.002827273703096008 0.0005898343436390721
 0.1242331288343558 0.1133659902029391 0.1027639971651311 0.08459422283356259 0.06976046406961044 0.0344258940500981 0.02139869662484194 0.005343018020542596 0.002764150323386258 0.0005908605765331989
 0.1070578905630452 0.08623442989460235 0.09186277289481146 0.07542760012748327 0.0633937785640572 0.03210342508839287 0.02073134004300352 0.005437338349400423 0.002832324477216055 0.0005915758413088902
 0.1289755239630661 0.1174781360135752 0.1047404063205418 0.08576984512813389 0.07094062007356805 0.03461033536221506 0.02158284089725079 0.005457454975996448 0.002833163183476608 0
 0.05988023952095808 0.0918918918918919 0.07888727423707702 0.07349321330613967 0.06325389820535451 0.03210144513623122 0.02055648853366038 0.005411890749519351 0.002820834010652234 0.0005844420727763118
 0.1113940165499682 0.09240759240759241 0.102221197448313 0.08105568172918787 0.06585893117490323 0.03275289238671977 0.02052311803745838 0.005258782073478518 0.002728866895673689 0.0005896646430748043
