# Created by Octave 3.0.1, Tue Sep 08 21:25:51 2009 PDT <jwawerla@daneel>
# name: prtA
# type: matrix
# rows: 100
# columns: 10
 211.4 254.8 274.9 737.1 773.7 1013 1677.2 1825.8 1893.1 2696.1
 281.9 317 579.9 989.9 1032.5 1161.4 1225 2048.2 2116.7 2732.8
 370.7 409.1 719.5 851.2 901.6 1746.5 1810.5 1859.2 1926.6 2085.8
 281.2 560.9 588 685.7 1530 1665.8 2076.8 2474.7 2543.6 2510.1
 398.7 554.2 684 786.4 1553.1 1692.9 1758.7 1758.7 1826.1 1985.3
 530.8 621.1 736.1 842 1040.7 1596.8 2137.5 2676.2 2745 2905.5
 549.7 626 661.5 1474.5 1529.8 2320 2386.5 2101.4 2480.7 2639.5
 609.3 724.9 762 880.9 941.9 2807.9 2874.4 3032.8 1617.1 1776.4
 689.8 906.6 1128.5 1310.2 1369.6 2083.6 2438.5 2597.5 2429.2 2588
 185.2 225 486.3 1050.4 1104.5 1690.3 2011.8 2951.5 3021.7 3180.9
 87.3 489.3 511.4 766.8 1427.9 1573.2 2031.7 2675.4 2745.7 2904.9
 197.2 322.5 427.3 581.4 837.1 1642.4 1706.5 2111.9 2179.1 2338
 134.6 148.4 162.1 511.8 597.7 1071.1 1919 2097.4 2166.4 2326.5
 40.1 71 122.3 815.2 854.5 1429.4 1489.6 1659.7 1727.6 3156.1
 127.6 143.4 177.8 486.5 522.8 1654.9 1714.1 1881.7 1949.6 2112.9
 68.3 176.1 189.1 358.1 393.5 1437.8 1496.8 1663.1 2075.5 2997.6
 125.6 196.6 210.4 780.1 855.8 1025.9 1085.2 2047.7 2115.6 2278.6
 171.3 189.3 202.1 770.2 1122.8 1240.3 1299.4 1842.2 1910 2608.3
 70 134.7 145.5 623.3 702.2 1618.5 1794.2 2167.8 2235.7 2822.1
 174.1 255.9 360.2 439.3 810.3 923.1 980.9 1654.9 1722.7 1884.4
 156.8 172.7 320.9 367.6 759.5 1224.7 1583 2011.9 2079.9 2929.1
 122.7 137 146.7 279 310.7 1170.3 1228 1388.4 2072.3 2233.3
 56.6 146.8 156.9 679.3 926.1 1128.4 1693.6 1854.3 1922.1 2082.9
 142.7 157.4 204.5 712.2 882.4 1340.2 1398.5 1558 1625.7 1786.5
 66 126.5 135.5 508.3 827.7 1401 1764.2 1924.6 1992.4 2153.1
 79.40000000000001 89.09999999999999 167.7 304.7 698.8 1089.3 1146.4 2123.6 2191.1 2346.6
 66.5 139.6 148.9 504 573 800.9 1278.8 2102.6 2169.7 2721
 69.90000000000001 78.8 139.8 530.2 562.2 1422.6 1479.9 2038.9 2058.9 2681.7
 77.90000000000001 164.9 175.1 442.9 475.1 1482.2 1539.7 1686.9 1754.4 1939.5
 141 282.1 294.8 368.4 400.4 965.9 1746.5 1904.3 1971.9 2644.1
 130.9 144.7 154.9 543.9 819.9 1515.6 1573.1 1879.5 1950.2 2108.9
 102.6 114.7 123.7 621.9 824.2 1121.2 1178.6 1897.6 1968.1 2126.9
 114.9 144.2 152.8 242.3 828.7 1212 1269.5 2072.1 2408.7 2564.5
 171.2 203.4 213.3 284.7 701.6 1552.5 1609.8 1765.5 1835.3 1991
 164 241.6 252.1 573 604.8 1395.7 1608.3 2289.7 2359.3 2515.1
 69.5 78.3 104.8 137.7 386.2 1673.6 1730.5 1686.3 1755.1 1921.5
 78 180.5 190.5 649 680.3 985 1432.5 2085.6 2157.4 2313.4
 91.8 119.5 147 229.2 257 1341.4 1398.1 2430.9 2502.7 3080.2
 40.1 42.7 46.3 312.5 805.8 1593.7 1650.2 2123.8 2195.2 2351.2
 120.9 133.5 197.2 265.4 671.1 1179.8 1236.5 2005.7 2077.2 2233.2
 67.09999999999999 75.5 198.3 267.7 841.3 1074.3 1131 2109.6 2181.1 2337.2
 185 200.5 211.5 432.5 596.6 1245.5 1398.6 2090.5 2162 1876.9
 79.8 89.5 150.3 534.8 663.3 1314.9 1371.7 1900.2 1971.6 2121
 55 62.1 121.1 594.5 892.1 1188.5 1463.8 1618.7 1690 3154.9
 173.9 283.6 295.8 443 773 1068.6 1125.7 1941.3 2012.5 2625.9
 84.40000000000001 155.1 165.3 206.9 864.8 1390.8 1561.4 1716 1787.1 3035.4
 149 163.4 259.6 306.2 888.3 1463.9 1520.8 1989.7 2060.7 2681.7
 95.40000000000001 198.9 248.2 612 858.7 1220.8 1695.5 1985.2 2056.1 2215.8
 53.9 60.9 66.09999999999999 415.1 445.6 1077.4 1134.1 1713.8 1781.7 2754.4
 175 190.5 393.4 487.5 518.2 1169 1225.8 2291.5 2358.5 2069.3
 177.2 193.1 223.3 268.3 584 689.9 1348 2147.3 2857.7 3016.1
 78.2 136.6 145.6 425.8 919.5 1025.6 1605.4 1760.6 1831.2 1991.9
 104.8 134.6 143.6 290.3 644.4 1433 1700 2157 2227.6 2388.2
 55.2 187.5 198.5 315.1 710.6 817.1 873.7 1029.1 1099.6 2521.7
 77.8 283.3 295.7 385.7 642.3 1427.3 1849.7 2004.3 2074.6 2235.8
 88.2 144.7 154.9 446.3 636.4 1712.9 1769.5 1922.5 1992.4 2637.6
 208 397.6 411.2 778.9 912.8 1222.7 1279.4 1660.4 1730.3 1893.2
 51.2 58.4 64.09999999999999 723 754.2 1510.5 1669 1820.6 1890.4 2053.1
 66.2 75.40000000000001 101.9 134.7 777 949.4 1451.3 1601.6 1669.8 2833.1
 83.7 172.4 203.3 666.9 834.7 942.8 1417.3 2338.1 2406.3 2568
 68.2 77.5 84.3 199.7 885.8 1295.8 1352.5 1911.5 1979.7 2140.6
 178.2 211.2 223 268.1 707.5 1405.2 1572.4 2270.6 2613.4 2773.8
 114.7 128.2 138.1 638.7 803.4 1235.3 1291.9 1981.7 2049.9 2797.9
 74.5 132.4 142.5 510.9 951.5 1257.7 1488.7 1639.8 1708 3777.8
 73.8 101.1 109.8 618.2 865.2 1299.1 1355.9 2044.7 2112.8 2275.8
 51.6 59.1 65.09999999999999 716.4 749.1 858.9 1539.7 1691 1759.2 3268.1
 135.7 150.8 162.5 304.5 902.5 1191.2 1558.7 1710.2 1778.4 1941.5
 75.09999999999999 221.2 234.9 280.5 465.5 1018.3 2140.4 2291.6 2800.4 2962.7
 146.2 161.8 292.3 385.2 482.4 1202.8 1259.6 2392.5 2460.7 2973.4
 40.1 78.8 142.2 594.3 1046 1208.2 1265.2 1416.7 1790.7 2574.5
 78.40000000000001 89.2 182.7 226.1 627.4 1190.8 1247.9 1732.5 1800.8 3411
 92.59999999999999 164.5 337.2 430.4 908.9 1160.6 1217.7 1916.6 1984.9 2148.5
 76 148.2 216.8 466.7 565.4 1473.3 1530.4 1919.7 1988 2151.6
 135.8 230.7 455.4 670 736.7 1126.9 1377.2 1687.2 1755.5 2567.4
 79.40000000000001 124 135.3 794.4 828.9 1499.7 1557 1708 1776.3 2532.2
 72.3 157.4 170.1 243.9 588.2 940.5 1435.5 1586.3 1970.9 2752.4
 82 111 121.6 581.4 745 1152.6 1209.9 2153 2221.3 2384.1
 218.5 238 253 721.7 793.7 1400.4 1575.2 1726 1794.3 2761.2
 53.4 61.7 68.7 446 700.2 1256.8 1314.3 1829 1897.3 2060.2
 40.1 63 70.2 644.3 859.7 1221.6 1962.1 2317.6 2384.6 2543.5
 108.3 122.9 134.7 699.2 800.4 1280.5 1705.7 2148.4 2869.8 3029.7
 134.8 184.9 199.1 671.3 707.1 1029.5 1617.6 1755.4 1822.9 1982.1
 84.59999999999999 241.9 308.8 360.3 504.3 1420.4 1591.4 1924 1993.2 2634.5
 74.59999999999999 133.6 417.4 567.7 1000.1 1529.2 1586.7 1736.8 1806 1968.8
 65.09999999999999 75.5 84.3 848.5 987.4 1362 1669.6 1820 2201.5 2810.6
 87.59999999999999 202.7 218 266.5 830.8 1164.1 1221.7 2015.7 2084.9 2225.8
 40.1 96.40000000000001 107.1 171.7 895.8 1460.5 1518.2 1667.4 1736.6 3281.9
 79 91.8 231.5 716.7 796.8 1043.6 1279.5 1428.8 2465.9 3000.6
 66.8 96.7 176.6 441.4 477.6 886.1 1826.6 2150.5 2219.7 2840.7
 77.90000000000001 168.4 183.1 638.7 838.9 1383.2 2101.2 2446.4 2515.6 2679.1
 64 137.2 459.6 514.4 551 880.4 1674.9 2047.4 2116.6 2280.2
 151.2 189.3 280.2 746.6 949.1 1333.2 1390.6 1735.7 1804.9 2374.1
 102.4 206.2 222.4 272.1 306.7 1710 1767.5 1917.1 1986.3 2149.9
 170.8 192.3 263.8 608.5 836.5 1499.3 1556.9 1783.7 1851.9 2011.3
 65.7 77.90000000000001 520.3 654.8 811.7 1119.4 1600.6 1749.7 2353.2 3025.5
 87.90000000000001 216.3 232.6 720.7 757.7 1459.5 1740.1 2170.2 2239.4 2402.9
 79.90000000000001 234.9 251.7 655.4 841.2 1114.6 1172.3 1321.5 1390.7 2773.2
 52.1 116.2 128.8 579.9 617.1 1302.9 1360.6 2443.6 2513 2676.5
 163.5 254.4 433.4 516.3 710.1 1065.3 1928 2077.2 2146.5 2310
 118.5 138 152 320.8 1124.2 1240.7 1298.5 1447.6 1515.6 1679.2
# name: prtB
# type: matrix
# rows: 100
# columns: 10
 386.4 738.4 1074.7 1317.6 1372.9 2883.9 2949.3 3106.7 3175.5 3335.9
 451 915.9 1007.1 1899.2 2070.2 2449.5 2717.6 2459.5 2727.8 3543.9
 307 1078.9 1248.1 1692.2 2111.4 2823.3 3144.2 4031.8 4100.7 4785.5
 591.7 925 1282.6 1651.7 1799.8 2171.5 3384.6 3543.3 2791.7 2952.2
 665.8 1067.4 1658.3 1874.8 2070.2 2220.1 2287.7 2824.2 2254.8 2790.7
 652.5 741.2 766.5 1660.3 1713.8 2257.8 2324.6 2482.2 3091.4 3251.2
 250.4 653.5 1155.8 1682 2401.7 2545.5 2612.2 2769.9 2620.2 2778.8
 416.7 530.2 1249.8 1796.9 1847.3 2687.5 2753.3 2932.7 3002.7 3162.3
 493.1 939 962.1 1713.5 1764.7 2660.2 2907 3388.8 3458.8 3618.4
 173.2 618.9 1109.3 1242.6 1953.1 2649.4 2715.4 2895.6 2965.6 3125.2
 415.6 792 1065.7 1779.1 2192.2 2333.9 2400.2 2580.4 2650.4 3784.5
 129.1 1122.1 1286.5 1572.8 1740.4 2212.9 2278.4 3962.5 4460.9 4621
 622.9 643.1 684.9 1242.8 1794.7 1924.1 2742.9 2933.4 3018.8 3964.5
 421 440.7 458.6 1513.7 1861.5 2199.5 2263.8 2454.6 2539.9 2483.1
 248.3 678.6 924.3 1599.5 1914.8 2383 2445.9 2623.8 2702.4 2862.4
 259.3 590.7 631.1 1828.9 1869.8 2263.5 2326.9 2808.8 2877.8 3037.9
 521.9 595.3 613.1 1213.7 1778.8 1904 1967.2 2142.3 3217.6 3377.6
 365.2 749.9 1046.8 1288.6 1493.1 1774.9 1837.9 2010.5 3005.2 3930.5
 705.9 726.2 743.9 1546.5 1636.2 1926.6 2333.2 2785.1 2853 3527.9
 45.2 71.90000000000001 80.7 1354.7 1393.2 1830.5 1890.8 3176.3 3244.2 3267.4
 224.8 390.3 705.8 790.9 1587.2 1761.3 2457.5 3520.7 3588.6 3752
 131 147 703.6 1163.3 1324.4 2405.2 2464.1 3080.1 3148 3311
 248.4 873.8 1015.4 1154.2 1624.1 2038 2097 2719 2786.9 2950
 87 99.09999999999999 688.3 1192.5 1294.1 2184.8 2243.8 2406.4 2474.3 2533.9
 449 470.8 875.4 1035.5 1482.4 1599.1 1945.7 3006.1 3074 3236.3
 302.6 322.9 729.2 1003.9 1387.8 1711.4 1770.5 2892.7 2960.5 3122.8
 262 486.4 594.4 1061.4 1847.9 1963.3 2022.3 2667.4 3451 3613
 372.4 393.5 576.4 1153.6 1225.3 2235.4 2294.3 2751.2 3148.7 3311.7
 372.7 393.8 464.7 1319 1353.9 1467.7 2605.7 2813.4 2880 3038.5
 163.2 604 617.2 1316.6 1463.4 1677.7 2060.7 3022 3472.5 3134
 210.6 702.8 716.1 1025.8 1624.6 2038 2095.8 2858.1 2241.4 2993.7
 283.9 557.2 740.7 1347.1 1453.9 2283 2341.4 2501.5 2569.2 2730
 217 536.3 607.3 1153.1 1256.4 1459.2 2634.7 3273.6 3870 4030.8
 400.1 596.6 1038 1246.5 1313.9 1842.7 1901 2060.6 2128.3 2289.1
 233 813.7 845.4 1068.9 1261.3 1596.5 2170.1 2614.3 2682.1 2842.8
 314.2 382.9 395.1 893.6 1713.5 1866.6 2544.4 2704.3 2772 2932.7
 296.6 638.9 651.5 998.1 1031.1 1548.2 1605.8 1765.8 1833.6 3831.4
 190.6 268.9 280.8 777.3 1626 1892.8 2051.4 2211.4 2279.2 3065.1
 106.2 212.3 427.8 504.9 1713.6 1871.1 1928.8 2088.3 2912.3 3597.5
 146.5 639.5 1109 1526.2 1558.7 2035.1 2092.7 2583.9 2654.5 2810.1
 270.6 288.9 356.2 1531 1563.7 1750 1807.7 2011.9 2733 2897.7
 130.6 587.5 962.5 1035.2 1214.7 1542.1 2194.2 2945.6 3012 3964.9
 163.5 428.9 1011 1481.9 1514.5 2098.1 2155.6 2525.5 2595.9 2751.6
 154.7 274.5 710.7 1141.8 1174.4 2164.6 2222.1 2806.2 2876.5 3966.2
 310.1 327 1023.7 1236.9 1269.8 1781.5 1839.1 1995.3 3158.5 3314.2
 378.8 505.1 717.4 815.7 1335.3 1797.5 2116 2688.8 2758.5 2914.3
 261.5 335.5 347 1387.8 1419.4 1720.2 2022.3 2176.8 2666.6 3306.6
 42.1 695.8 707.9 1148.9 1180.4 1754.6 1811.4 2503.6 2570.4 2729
 335.9 533.4 565.5 1048.7 1147.5 2015.1 2317.2 2786.7 2858.4 3575.4
 582.1 600.3 682.9 1248.8 1487.7 1962.7 2019.5 2174.5 2245.9 3060.1
 283.1 301.1 367.1 1081.1 1781.2 2165.4 2222.1 2697.6 2768.8 3254.1
 78.8 543.1 612.7 1131.7 1463.8 2461.9 2845.2 3000.1 3071.2 3077.7
 257.8 275.3 340.5 451.3 1392.5 2016.7 2073.5 2961.9 3032.6 3115.8
 329 393.3 680.7 1132.6 1198.6 2063.7 2120.6 2770.4 2841.1 3481.2
 265.1 346.9 486.5 1126.8 1559.9 1665.8 2779 2585.6 2653.1 2821.2
 244.7 326.9 339.6 913.8 944.1 1979.9 2036.5 2191.7 3820.3 3901.8
 310.1 328.8 602.5 930.5 1031.2 1300.2 1981.5 3798.4 3868.5 4029.7
 264.7 283.2 295.7 1056.6 1087.3 1539.6 1596.1 3345.4 3415.6 3576.7
 266.1 654.9 704.5 1389.5 1649.8 1756.9 1920.4 2073.5 2143.6 3124.4
 488.4 538.6 552.1 1204.7 1378.9 1543.7 1600.3 2062.6 3159.8 3505.7
 366.9 386.5 400.1 1160.6 1191.6 1850 2072.9 2625.9 2695.7 3790.1
 311.9 456.6 545.4 1122.5 1153.9 1645.6 2433.9 2739.4 2807.7 2970.3
 93 361.3 858.4 1143.6 1175 1749.6 1806.2 2933.6 3001.9 3164.4
 366.9 386.4 419.3 1184.4 1215.9 1323.3 1379.9 2479 3036.3 3198.8
 297.5 372.6 479.8 1320.8 1514.3 1903.9 2435.6 2585.9 2654.1 2816.5
 85.3 574.9 588.9 821.4 1082.3 2000.1 2358.2 2907.5 2975.6 3137.3
 105.7 118.4 954 1082.3 1113.9 1694.3 1751 2335.6 2403.7 3288.5
 331.8 399.7 412.9 1494.6 1526.2 2168.2 2435.2 2585.4 2653.5 2815.1
 128.9 386.3 631.2 1185.4 1637.6 2100 2156.7 2457.1 2851.6 2809.8
 379 413.6 426.9 1248 1340.4 1670.9 2372.6 2913.9 2980.7 3148.2
 448.7 606.7 829.4 959.1 990.7 1176.1 2366.3 2674.7 3789.5 3442.2
 399.8 641.8 655.9 980.3 1129.4 1859.3 1916 3305.4 3373.6 3356.2
 259 277.9 664 1103.4 1405.2 1806.5 2682.8 2833.7 2901.9 2990.8
 205.1 383.8 606.6 1332.1 1364.4 1473.3 1844.3 1995.3 2716.5 2879.7
 384.1 404.2 417.9 1149.9 1220 2177.1 2233.8 2586.6 2654.7 2817.9
 221 239.4 373 919.8 1491.3 2034.6 2091.4 2725.4 2793.6 2956.5
 247 619.7 634.4 913 945.4 1102.8 2222.6 2520.3 2588.5 3597.4
 217.9 588.4 688.4 1253.3 1286.2 1828.8 1885.4 3139.8 3208 3371
 210.6 423.6 494.5 1342.1 1436.7 1864.8 2045.8 3085.9 3154.1 3317.1
 295.6 548.6 750.6 1029.9 1063.1 1271.6 1834.4 2384.3 2452.6 2615.6
 280.2 605.5 620.8 1222.9 1316.4 1478.8 1535.5 2600.1 2668.3 3303.4
 283.5 387.2 509.9 1148.1 1243.1 1879.8 1936.5 3037.9 3106.1 3269.1
 277.7 768.4 905 1051.9 1352 1730.9 1787.9 1939.2 2007.4 3480
 199.4 453.6 873.1 923.5 997.6 1852.2 2627.9 2779.4 2847.6 2818.5
 245.4 709.8 725.9 1178.9 1321.1 1893.8 1951.1 3003.2 3071.5 3235.2
 153.1 169.7 265.7 1093 1127.3 2718.6 2775.8 2927.4 3668.7 3832.3
 190.6 405.6 439.7 1285.6 1728.9 1841.2 1898.5 2049.7 2118 3446.8
 232.6 334.5 388.4 829.6 1769.3 1943.8 2618.6 2769.8 3151.2 3313.8
 212 510.6 844 1186.2 1772.8 2042.7 2100 2251.3 2319.5 3205.8
 335.6 581 597 1407.4 1441.5 1973.8 2031.2 2182.4 2250.6 3066.4
 40.1 708.1 724.9 807.9 1037.9 1458 1952.5 2733.9 3201.5 3364.4
 232 283 298.8 961.7 997 1110.1 1167.6 2854.2 2922.5 3085.4
 505.3 711.1 882.1 1512 1547.5 1472.8 2859.3 3275.8 3872.9 4033.5
 54.6 373.5 389.9 1337.9 1412.4 1925.6 1983.1 2666.8 3433 3593.5
 136.8 184.8 322.9 1312.1 1348.1 2021.1 2078.6 2228.6 2297.8 3365.4
 431.5 783.2 870.2 1278.9 1315.1 1852.8 2392.2 2947.7 3016.9 3651.5
 280 345.5 506.6 590.3 1478.4 2257.4 2314.9 2932.1 3001.3 3115.8
 40.1 50.4 56.9 1057.6 1168.5 2169.1 2226.6 2376.1 2445.3 3820.9
 217.8 341 462.3 1899 1935.9 2052.1 2373.8 2826.2 2892.7 3051.2
 233.2 369.9 1067.3 1121.8 1582.4 2243.6 2301.3 2450.3 2519.5 3449.4
# name: collectedA
# type: matrix
# rows: 100
# columns: 10
 15 16 16 36 36 39 46 46 46 48
 15 15 26 37 37 37 37 46 46 47
 20 20 32 33 33 41 41 41 41 41
 13 25 25 25 42 42 45 49 49 49
 19 24 27 27 48 48 48 48 48 48
 31 33 36 36 38 45 48 49 49 49
 29 30 30 45 45 49 49 40 48 48
 29 31 31 31 31 49 49 49 45 45
 31 37 42 43 43 48 49 49 49 49
 12 12 21 35 35 41 42 49 49 49
 5 21 21 25 43 43 45 47 47 47
 12 18 22 25 31 45 45 47 47 47
 8 8 8 22 23 30 47 47 47 47
 2 3 5 33 33 39 39 39 39 47
 8 8 9 22 22 48 48 48 48 48
 4 10 10 15 15 46 46 46 47 49
 9 12 12 35 36 37 37 47 47 47
 11 11 11 33 42 42 42 45 45 48
 4 7 7 30 31 46 47 48 48 47
 13 17 22 23 35 35 35 39 39 39
 11 11 19 19 31 40 43 45 45 49
 9 9 9 14 14 41 41 41 48 48
 3 8 8 27 35 37 45 45 45 45
 10 10 12 34 38 45 45 45 45 45
 4 7 7 23 33 43 49 49 49 49
 5 5 9 13 26 34 34 44 44 44
 4 8 8 25 26 28 38 48 48 49
 4 4 7 24 24 44 44 46 46 48
 5 10 10 21 21 47 47 47 47 46
 9 17 17 18 18 32 44 44 44 48
 9 9 9 28 35 46 46 47 47 47
 7 7 7 29 35 38 38 46 46 46
 8 9 9 11 33 40 40 48 49 49
 13 14 14 15 29 48 48 48 48 48
 12 16 16 28 28 43 45 49 49 49
 4 4 5 5 14 47 47 46 46 46
 5 11 11 31 31 34 42 45 45 45
 6 7 8 10 10 38 38 48 48 49
 2 2 2 13 31 46 46 48 48 48
 8 8 11 12 29 40 40 46 46 46
 4 4 11 12 33 35 35 42 42 42
 14 14 14 22 26 39 40 44 44 39
 5 5 8 25 28 43 43 49 49 49
 3 3 6 25 34 39 42 42 42 48
 12 18 18 22 35 39 39 46 46 47
 5 9 9 9 36 46 47 47 47 49
 10 10 15 15 34 44 44 46 46 48
 6 12 14 29 37 41 48 49 49 49
 3 3 3 19 19 34 34 47 47 49
 12 12 24 26 26 42 42 48 48 45
 13 13 14 14 26 26 34 41 46 46
 5 8 8 20 38 38 48 48 48 48
 8 9 9 13 25 41 45 47 47 47
 3 11 11 14 31 31 31 31 31 48
 5 18 18 20 29 45 49 49 49 49
 6 9 9 20 25 46 46 46 46 49
 15 26 26 39 42 45 45 46 46 46
 3 3 3 32 32 46 47 47 47 47
 4 4 5 5 35 36 42 42 42 49
 6 11 12 33 38 38 43 48 48 48
 4 4 4 8 36 43 43 48 48 48
 13 14 14 14 29 42 43 47 48 48
 8 8 8 33 37 43 43 48 48 49
 5 8 8 24 37 41 43 43 43 49
 5 6 6 31 38 44 44 49 49 49
 3 3 3 34 34 34 43 43 43 49
 10 10 10 15 39 42 46 46 46 46
 5 14 14 14 19 29 45 45 47 47
 10 10 17 19 21 39 39 48 48 49
 2 4 7 26 44 45 45 45 46 49
 5 5 10 10 27 38 38 41 41 48
 6 10 19 21 38 40 40 46 46 46
 6 10 13 21 23 45 45 47 47 47
 10 15 27 36 37 42 44 45 45 48
 5 7 7 34 34 46 46 46 46 48
 5 10 10 11 25 32 39 39 40 43
 7 8 8 29 33 41 41 47 47 47
 16 16 16 34 35 46 47 47 47 49
 3 3 3 20 27 40 40 44 44 44
 2 3 3 27 32 38 46 47 47 47
 8 8 8 32 34 42 47 41 46 46
 10 12 12 31 31 36 46 46 46 46
 7 17 20 20 24 46 47 48 48 49
 5 8 25 29 41 47 47 47 47 47
 5 5 5 37 40 45 47 47 48 49
 6 13 13 13 34 39 39 46 46 46
 2 5 5 6 27 39 39 39 39 48
 5 5 12 36 37 40 42 42 47 48
 4 5 9 19 19 27 47 48 48 49
 5 10 10 27 32 39 47 48 48 48
 4 8 27 27 27 31 48 49 49 49
 11 12 16 33 38 42 42 43 43 44
 7 13 13 13 13 48 48 48 48 48
 13 13 16 30 35 48 48 48 48 48
 4 4 28 32 35 39 43 43 45 47
 6 13 13 30 30 45 47 49 49 49
 5 14 14 29 33 36 36 36 36 47
 3 6 6 23 23 40 40 48 48 48
 12 16 24 25 29 34 44 44 44 44
 9 9 9 14 43 43 43 43 43 43
# name: collectedB
# type: matrix
# rows: 100
# columns: 10
 27 48 64 68 68 98 98 98 98 98
 31 61 64 89 91 94 95 94 95 99
 18 63 69 81 87 93 94 98 98 99
 39 54 67 75 76 77 92 92 96 96
 46 63 87 90 92 92 92 94 92 94
 51 54 54 85 85 89 89 89 98 98
 20 43 70 85 97 97 97 97 97 97
 34 39 73 90 90 98 98 98 98 98
 35 62 62 89 89 97 98 99 99 99
 14 42 66 67 84 94 94 94 94 94
 30 51 63 87 96 96 96 96 96 99
 7 70 77 84 86 91 91 98 99 99
 47 47 48 73 85 85 95 95 95 98
 29 29 29 82 93 96 96 96 96 96
 18 47 59 85 93 98 98 98 98 98
 21 42 43 95 95 98 98 99 99 99
 42 45 45 74 89 89 89 89 96 96
 29 54 70 77 82 86 86 86 95 98
 54 54 54 82 83 87 93 95 95 97
 2 3 3 83 83 89 89 99 99 99
 18 28 49 50 81 82 94 99 99 99
 9 9 46 69 73 90 90 97 97 97
 18 60 67 70 85 94 94 99 99 99
 5 5 47 69 71 91 91 91 91 91
 40 40 64 69 84 84 88 97 97 97
 24 24 50 59 73 78 78 97 97 97
 21 34 39 61 92 92 92 95 99 99
 29 29 39 68 69 90 90 98 99 99
 28 28 31 74 74 74 98 99 99 99
 12 44 44 80 83 85 88 96 92 97
 15 50 50 62 84 90 90 97 90 97
 23 40 50 76 78 98 98 98 98 98
 16 37 40 68 70 72 94 97 99 99
 31 43 74 81 82 95 95 95 95 95
 17 59 60 69 75 82 91 94 94 94
 25 28 28 55 84 85 98 98 98 98
 24 46 46 63 63 73 73 73 73 99
 14 18 18 47 91 95 96 96 96 99
 7 13 26 27 86 87 87 87 92 96
 10 45 73 88 88 97 97 99 99 99
 20 20 23 85 85 86 86 89 96 96
 9 43 66 67 72 77 87 93 93 98
 11 29 66 85 85 97 97 98 98 98
 11 18 50 73 73 91 91 96 96 99
 23 23 68 75 75 84 84 84 96 96
 33 40 52 54 76 88 91 94 94 94
 21 25 25 83 83 87 91 91 95 97
 2 52 52 73 73 85 85 94 94 94
 26 39 40 68 70 92 94 96 96 98
 46 46 50 77 84 92 92 92 92 99
 24 24 27 65 90 96 96 98 98 99
 5 39 42 66 77 93 98 98 98 95
 20 20 23 26 78 93 93 99 99 99
 26 29 47 69 70 91 91 95 95 97
 21 25 34 67 82 82 98 97 97 97
 19 23 23 53 53 86 86 86 99 99
 24 24 41 59 61 65 82 99 99 99
 23 23 23 64 64 70 70 98 98 98
 21 50 52 86 94 94 95 95 95 97
 45 47 47 80 85 86 86 90 99 99
 30 30 30 66 66 83 85 87 87 99
 25 34 38 67 67 79 94 95 95 95
 6 25 57 69 69 88 88 99 99 99
 33 33 34 74 74 74 74 95 99 99
 26 30 36 79 84 89 96 96 96 96
 5 44 44 53 64 90 94 97 97 97
 7 7 66 70 70 84 84 90 90 98
 26 29 29 84 84 95 97 97 97 97
 10 29 44 71 87 96 96 97 99 99
 32 33 33 75 77 81 96 97 97 97
 39 49 62 66 66 68 89 91 99 99
 32 48 48 60 64 83 83 98 98 96
 20 20 44 65 74 82 96 96 96 96
 17 29 43 84 84 84 89 89 96 96
 31 31 31 69 70 94 94 95 95 95
 18 18 25 54 77 87 87 93 93 93
 19 45 45 58 58 59 92 93 93 97
 17 45 50 76 76 90 90 99 99 99
 17 31 34 81 83 89 90 96 96 96
 24 41 52 64 64 66 76 83 83 83
 24 48 48 80 82 83 83 95 95 97
 23 29 35 67 69 79 79 95 95 95
 22 58 65 69 78 85 85 85 85 97
 16 35 61 61 62 89 98 98 98 94
 20 53 53 74 77 88 88 98 98 98
 11 11 16 61 61 95 95 95 98 98
 15 30 31 73 86 86 86 86 86 99
 19 25 27 48 87 88 97 97 98 98
 16 38 60 75 92 95 95 95 95 97
 28 45 45 86 86 94 94 94 94 97
 2 58 58 59 65 75 82 94 96 96
 19 21 21 54 54 54 54 95 95 95
 43 56 66 93 93 72 96 97 99 99
 3 29 29 76 77 91 91 98 98 98
 10 12 19 77 77 89 89 89 89 96
 36 59 63 78 78 87 96 98 98 99
 25 28 36 37 75 89 89 93 93 99
 2 2 2 64 66 90 90 90 90 97
 16 22 28 93 93 93 95 98 98 98
 17 24 68 68 85 95 95 95 95 97
# name: avgRateA
# type: matrix
# rows: 100
# columns: 10
 0.06775067750677506 0.05249343832020997 0.04267804747932782 0.02910031525341525 0.020296555223544 0.006485947114585066 0.003939300517247285 0.000887588807119234 0.0004514535331636784 9.548512510839054e-05
 0.05138746145940391 0.04087193460490463 0.03824091778202677 0.02483388146855494 0.01820418204182042 0.006005128704515208 0.003296213808463252 0.0008837961735468278 0.0004504650071927511 9.348902637743151e-05
 0.05253480430785396 0.04356349379220213 0.03904820012202562 0.02442273534635879 0.01735380732015145 0.006077225227895946 0.003471487235934126 0.0007906022460816982 0.0004022502467461879 8.165934985614012e-05
 0.04464285714285714 0.04092322802422655 0.03633720930232558 0.02108459138061904 0.01660079051383399 0.006300819106483843 0.003726152623211447 0.0009337833279656673 0.0004778455213197118 9.751047789885218e-05
 0.04648886713971128 0.03972194637537239 0.03443877551020408 0.02098880597014925 0.01880067369080726 0.007171779049440452 0.004082083903832906 0.0009273803244671911 0.0004713919122896781 9.562032991802748e-05
 0.0573224852071006 0.04917299955297273 0.04305705059203444 0.02682563338301043 0.01862106140049983 0.006821489206888188 0.003954685890834191 0.0009302113668032243 0.0004769088520122634 9.743381211778356e-05
 0.05181347150259067 0.04437869822485207 0.03939592908732764 0.02279057989364396 0.0177879674282552 0.006693989071038252 0.003955919751342187 0.0007677336885381199 0.0004683808756185311 9.549587726392374e-05
 0.04682706281285322 0.04000516195638147 0.03596287703016241 0.02244912738069375 0.0159637468458726 0.006275695129292128 0.003806002609830361 0.0009239564948484711 0.0004428388529095988 8.968137999316029e-05
 0.04429837096313233 0.03867865356470834 0.03418803418803419 0.02375428129488454 0.01814652261985145 0.00677621548365238 0.003939381758250593 0.0009316032130804696 0.0004783792121777774 9.749536399595693e-05
 0.06147540983606558 0.04363636363636364 0.03581784069588948 0.02257481940144479 0.01663102874792112 0.006128275264188451 0.003496561714314258 0.0009253751074096107 0.0004756279502279617 9.738048483159834e-05
 0.05138746145940391 0.03893936584461339 0.03434739941118744 0.01973476476160404 0.01771077886239137 0.006541714842086046 0.003740119850062751 0.0008922571067329342 0.0004574400680515097 9.34570333277723e-05
 0.05791505791505792 0.04832214765100671 0.04172197989759151 0.02311818013685962 0.0168744216428066 0.006774659761531977 0.003844018280442489 0.0009019053229684582 0.0004599766488450182 9.356250174185509e-05
 0.05532503457814662 0.04032258064516129 0.03052270125906142 0.02174342755485274 0.01439569380985166 0.00494144388990463 0.003943283832536287 0.0009021563456141765 0.0004600338271682276 9.356464371280432e-05
 0.03992015968063872 0.02479338842975207 0.02249212775528565 0.02509124087591241 0.01779455378808304 0.006065884841509317 0.00339437404261245 0.0007549405048809807 0.0003833767827020395 9.341037503073103e-05
 0.05813953488372093 0.04136504653567735 0.03239740820734341 0.02230106436898125 0.01444707118465984 0.007212730469278276 0.004097625937972187 0.0009251817114705185 0.0004708208761976506 9.559603029517864e-05
 0.05108556832694764 0.04422821760283061 0.03459010722933241 0.01748048013052092 0.01076426264800861 0.007145298083196122 0.004001113353280913 0.0008903840458663921 0.0004604434952559625 9.741597176606807e-05
 0.06637168141592921 0.04866180048661801 0.03865979381443299 0.02734161393641122 0.01939864209505335 0.0061401616356063 0.003337783711615487 0.0009030178086639756 0.0004602626826851137 9.357356654255229e-05
 0.06067291781577495 0.04596740493104889 0.03641178417742469 0.02598016060462919 0.01978518937252685 0.006730445651651363 0.003717011522735721 0.0008680187183414285 0.0004415660877244627 9.550180528256298e-05
 0.05 0.03789929615592853 0.0285132382892057 0.02670702394729814 0.01821172600164493 0.006950215305582836 0.003985009580980482 0.0009201078059645987 0.0004695033143999601 9.347242295038345e-05
 0.07061379684953829 0.05557371690094803 0.04780530204259018 0.02448631959970191 0.01933381207534663 0.005909067886748493 0.003187352584942947 0.000755010657265816 0.0003833952500277716 7.770713734079003e-05
 0.065947242206235 0.04939380332285586 0.04514136374435733 0.0218994928538497 0.01761864165956237 0.00642601249859431 0.003712337045670379 0.0008651866207540967 0.0004408311528518347 9.742924002607923e-05
 0.06782215523737754 0.0481283422459893 0.03648155654641265 0.01797175866495507 0.0106813153276875 0.006644733643420903 0.003651585322408265 0.0007978454281511002 0.0004702549075508242 9.557311313288068e-05
 0.04504504504504505 0.04065040650406504 0.03114052160373687 0.02289493767489189 0.01817143450495821 0.006037464917433588 0.003848258876650476 0.0008678161695365668 0.0004415136658290989 8.962663337070431e-05
 0.06548788474132286 0.04821600771456123 0.03940886699507389 0.02804817686850355 0.02018699532511687 0.007097567900066245 0.003947887879984209 0.0008728034446642616 0.0004428013779978884 8.967957487895749e-05
 0.05263157894736842 0.0396600566572238 0.029723991507431 0.02281067142715462 0.01805547956447995 0.006717700359318857 0.004165179102701416 0.0009436760225403759 0.0004804279534553555 9.757980185724234e-05
 0.05592841163310962 0.03594536304816679 0.03361972357116175 0.01615508885298869 0.01530492112079115 0.00558356461333815 0.003050312208426039 0.0008441473727831539 0.0004305658711962196 8.758892764477754e-05
 0.05228758169934641 0.04219409282700422 0.03214142225793491 0.0249003984063745 0.01652892561983471 0.004826837214914927 0.003369152746746108 0.0009212592077938529 0.0004698066060681396 9.746957059681215e-05
 0.05006257822277847 0.03105590062111801 0.02919099249374479 0.023296447291788 0.01536294968633978 0.006850808083953538 0.003832785999878048 0.0008839541189379483 0.0004507201233797346 9.548786040947979e-05
 0.05688282138794084 0.04653327128897161 0.03635041802980734 0.022271714922049 0.01423632296115518 0.007250624787880658 0.004072896175810463 0.000909321317393769 0.0004618964880142775 9.164451094205576e-05
 0.05960264900662252 0.05118940078289672 0.04305977710233029 0.02072777521879318 0.01285347043701799 0.005363817697246015 0.003745796620269868 0.0008477139658949258 0.000431491420675696 9.549500332342506e-05
 0.06387508871540098 0.04622496147919877 0.03530796390741467 0.02682249257591723 0.01923182592450134 0.007059979127018233 0.003974734513656669 0.0009059455083414451 0.0004610093947829431 9.360519202109343e-05
 0.06216696269982238 0.04250151791135398 0.0312919088064372 0.02584900615028077 0.01918649270913277 0.00620793308501601 0.003399352333923747 0.0008863608336416328 0.0004511214781877862 9.161030807152535e-05
 0.06405124099279423 0.04634397528321318 0.03560126582278481 0.01481880641250168 0.01804560616831629 0.00643915003219575 0.003549403256577488 0.0009217988135681104 0.0004784749733176967 9.749992289546914e-05
 0.07174392935982341 0.05524861878453038 0.04468560485157996 0.01911558557410475 0.01704278326281147 0.007325448302174743 0.004134438147082638 0.0009272585022843399 0.0004713493258231674 9.561924416971619e-05
 0.06896551724137931 0.05486968449931413 0.04544163589889236 0.0260950605778192 0.01744765702891326 0.00672326719514674 0.00387653661604197 0.0009370870362614435 0.0004787058918925784 9.750950767449576e-05
 0.05031446540880503 0.03117692907248636 0.0244140625 0.007840677434530343 0.0100995527340932 0.007042675617357948 0.00400664933293551 0.0008899843865782615 0.0004520657932624507 9.16477975141531e-05
 0.05681818181818182 0.04772234273318872 0.0378657487091222 0.02697998259355962 0.01844908647265369 0.005680868838763575 0.003673737152853707 0.0008639624003563365 0.0004404967236832574 8.958550578184854e-05
 0.05893909626719057 0.04129793510324484 0.03238866396761134 0.01371365880416895 0.007955449482895784 0.005992367615983853 0.003333888981496916 0.0009154906743923907 0.0004682803477371816 9.739997718057678e-05
 0.03992015968063872 0.02157497303128371 0.01367053998632946 0.016 0.01716690663417876 0.006976356218814929 0.003948430069870045 0.0009208845095714433 0.0004696893787575151 9.555068247074954e-05
 0.06111535523300229 0.04359673024523161 0.0370121130551817 0.01567807682257643 0.01735383878882173 0.006472701381921745 0.003559827348373604 0.0008845184277877234 0.0004506393200440451 9.159091832240481e-05
 0.05188067444876784 0.03187250996015936 0.03687562856185048 0.01563110590074248 0.01792212024113398 0.00576198080437252 0.003144371574880963 0.0008059935213473141 0.0004110349174162345 8.360917726180741e-05
 0.07179487179487179 0.05588822355289421 0.0449438202247191 0.02359249329758713 0.01628460478516848 0.006244496037146745 0.003509202884564771 0.0008446837715130398 0.0004306885143203931 7.770829858875751e-05
 0.0556792873051225 0.03584229390681003 0.03196164602477027 0.02415925782759954 0.01683400468947274 0.006809292308666805 0.003781316777614604 0.0009441196758393995 0.0004805259503626499 9.758604001824261e-05
 0.04615384615384616 0.02676181980374666 0.0271370420624152 0.02284148012791229 0.01796945193171608 0.006302011796073361 0.003663706624330501 0.0008136586159666943 0.0004130199626315272 9.539805733780988e-05
 0.06525285481239804 0.0539568345323741 0.04547751389590702 0.02332979851537646 0.01974055273547659 0.006426523415614804 0.003505397413196473 0.0008856151078236393 0.0004509251317240534 9.350890990695068e-05
 0.05296610169491525 0.0438810336421258 0.03392385978137957 0.01273164521148677 0.0193050193050193 0.00719784690492583 0.004065251613126438 0.0009088096527186944 0.0004617480997100811 9.740865155812096e-05
 0.06289308176100629 0.04686035613870666 0.04171301446051168 0.01860580501116348 0.01800561351480167 0.006807035999938118 0.003819179223665023 0.0008847906412231654 0.0004507121742257304 9.548786040947979e-05
 0.05692599620493358 0.04821213338690237 0.0402067777139575 0.02607913669064748 0.01990638618389197 0.006590792181069958 0.004104142618956009 0.000942575963928195 0.0004801280864152167 9.75676193381411e-05
 0.04694835680751173 0.02705139765554554 0.01806140878988561 0.02076275816850617 0.01314333148865523 0.005594497647020108 0.003053681932082521 0.0009088483151499212 0.0004617725976280609 9.746309530060801e-05
 0.06486486486486487 0.0498960498960499 0.04864207539521687 0.02632911392405063 0.01712554340666579 0.006808234721997083 0.003741381460564058 0.000917931212529761 0.0004689400489456176 8.962906116745239e-05
 0.06944444444444445 0.053475935828877 0.04330343334364367 0.01822204867890147 0.01641414141414142 0.004569500342712526 0.002996122664786746 0.0007862343783858416 0.0004472197997816401 9.14483651716118e-05
 0.05668934240362811 0.04287245444801715 0.03257328990228013 0.02160293799956794 0.0197968220890857 0.006306425916091343 0.004136005652541058 0.0009273462826937865 0.0004713683036240367 9.561907273802625e-05
 0.06968641114982578 0.04875406283856988 0.03694581280788178 0.01644944957611034 0.0152031135976648 0.006373387222135862 0.003846153846153846 0.0009011254481661138 0.0004597584214047869 9.355315272134178e-05
 0.0460122699386503 0.04631578947368421 0.03685092127303183 0.01717580664949086 0.01812229627031451 0.0053291158824844 0.002850915511739334 0.0006074965068950854 0.0003066283150477351 9.551826319142039e-05
 0.05694760820045558 0.054005400540054 0.04548900682335102 0.02258100937111889 0.01765816233331304 0.007001384718310954 0.004135125783775117 0.000942229777153043 0.0004800410680032055 9.756373400701424e-05
 0.06109979633401222 0.04622496147919877 0.03530796390741467 0.02113494663425975 0.01527743827914935 0.006852478064621848 0.003908407324015464 0.0008859357696566999 0.0004510139971213542 9.748574320743215e-05
 0.06880733944954129 0.0580875781948168 0.05086071987480438 0.03049495660333099 0.0219573400250941 0.007231587574525528 0.003989573913506038 0.0008904305812575977 0.0004521759986945876 9.165296521251931e-05
 0.04901960784313725 0.02767527675276753 0.01828153564899452 0.02616516762060507 0.01824193364496637 0.007065509561477613 0.004027765875396349 0.0009069752183494595 0.0004612799635686974 9.36155956411782e-05
 0.05249343832020997 0.03189792663476874 0.02476473501733531 0.007877737513786041 0.0196961170512099 0.006051030356002286 0.003667705849990831 0.0008139282502868129 0.0004131020224294727 9.74478410430817e-05
 0.06403415154749199 0.04946043165467626 0.03956478733926805 0.02828005827405947 0.02071183299722025 0.006394292252810123 0.003766214428980582 0.0009171139189233083 0.000468721162662844 9.550946339599815e-05
 0.05115089514066496 0.03137254901960784 0.02170374389582203 0.01143347148778048 0.01909004136175628 0.006829950125480479 0.003787711957718564 0.0009246506072835499 0.0004706819102233092 9.559075685176622e-05
 0.06907545164718384 0.05359877488514549 0.04334365325077399 0.01822679338627783 0.01698389458272328 0.006557172297508275 0.003715737444263938 0.0008991670269711846 0.0004677751638674871 9.547036858324757e-05
 0.06415396952686447 0.04489337822671156 0.03359932801343973 0.02898041626416088 0.02051680159698347 0.006896219909226501 0.003808039391067934 0.0009234018895111165 0.0004703581287193814 9.745466319568956e-05
 0.05917159763313609 0.04385964912280702 0.03298969072164949 0.0237412206944307 0.01895977453241096 0.006551928024673602 0.003742808150617563 0.000832691063869341 0.00042277893577693 9.726510378186574e-05
 0.05966587112171838 0.03970880211780278 0.02859866539561487 0.0277231264532284 0.02037315033240403 0.006985124859106857 0.003874637853450629 0.0009414983658278365 0.0004798614865129543 9.755596427301495e-05
 0.0487012987012987 0.02749770852428965 0.01817080557238038 0.02795133179875041 0.01943856840660911 0.005803137107648194 0.00372626671403936 0.000831866282331547 0.0004225662151432008 9.736361195951026e-05
 0.06863417982155114 0.049800796812749 0.0380952380952381 0.01864512119328776 0.02049934296977661 0.006783822199250549 0.0039796862969019 0.0008895730436161532 0.0004519623024138718 9.164414578192877e-05
 0.05875440658049354 0.05162241887905605 0.04180352343983279 0.0179372197309417 0.01296485841009894 0.004818636492032634 0.00370663240090936 0.000860558866051144 0.0004571966646044179 9.344629333348179e-05
 0.06402048655569782 0.04721435316336166 0.04333418302319653 0.02146407591504745 0.01416621694549379 0.006287483072160959 0.003463710966641799 0.000916161664360357 0.0004684723020631325 9.742065882609299e-05
 0.03992015968063872 0.03105590062111801 0.02890173410404625 0.02375948094672393 0.02150537634408602 0.007248477819657872 0.003994602847707985 0.0008752020258009557 0.000451907689012847 9.749798288611937e-05
 0.05656108597285067 0.03591954022988506 0.03537318712415989 0.01377220768489189 0.01659088116013272 0.006138140466498675 0.003378408414015061 0.0007925385396027642 0.0004027473261506786 9.534952553678804e-05
 0.05847953216374269 0.04662004662004662 0.04345837145471181 0.02257093723129837 0.01990675258001991 0.006492874070707398 0.003565793344446722 0.0008860364507691182 0.000451047164825381 9.160636743911413e-05
 0.06976744186046512 0.05045408678102926 0.04103535353535354 0.02172338884866039 0.01469273029257698 0.006951632088733721 0.003902726705057934 0.0009052440595766155 0.00046083853002314 9.359723238958116e-05
 0.06858710562414265 0.05343783398646242 0.04861361181130717 0.03076923076923077 0.02130477342085564 0.006855016403074965 0.003867383890588194 0.0008706217400052625 0.0004422365375827351 9.550957742185426e-05
 0.05592841163310962 0.04022988505747126 0.02974925626859328 0.02626699629171817 0.01859040953578654 0.00707724971921781 0.00398027169680713 0.000889610891931616 0.0004519716279723275 9.551626741530194e-05
 0.06075334143377886 0.04821600771456123 0.03702332469455757 0.01478693372765157 0.0157410905427528 0.005386751956905985 0.003410432425342136 0.0007560146783157543 0.000392268774719062 8.552917897557525e-05
 0.07608695652173914 0.04968944099378882 0.03610108303249097 0.02681708895875716 0.01891117478510029 0.006663849429509475 0.00365748133346417 0.0009011945621536633 0.0004597867567718274 9.355391621669556e-05
 0.0700218818380744 0.05555555555555555 0.0453257790368272 0.02783007284930834 0.01951273903105313 0.007187050809324418 0.00406040500380123 0.0009086339558442562 0.0004617154398625463 9.746177708224102e-05
 0.04731861198738171 0.02685765443151298 0.01778304682868998 0.02114164904862579 0.01588048464886484 0.006393044367727912 0.00353534907152895 0.0008489455710123676 0.0004318073197228974 8.763889270649217e-05
 0.03992015968063872 0.02654867256637168 0.01762632197414806 0.02359521104605436 0.01720707641017368 0.006107753632506107 0.003845478636694226 0.0008983592519534536 0.0004590534123295886 9.352424218003019e-05
 0.0676246830092984 0.04626951995373048 0.03408606731998296 0.0266844563042028 0.01888469229060209 0.006687365655600669 0.004015137924259122 0.0007862177938345184 0.000447167195814515 9.144589275742565e-05
 0.06906077348066297 0.05108556832694763 0.04012036108324975 0.02646631947408862 0.01815945170171636 0.005970644332034166 0.003959509709406418 0.0008887961449433295 0.0004517647798285062 9.163673366042335e-05
 0.07399577167019028 0.05823912298732443 0.04892367906066536 0.02324770428920144 0.01595426444193312 0.00716466263784188 0.004054730231033352 0.0009244280101687081 0.00047061960993478 9.748634445108722e-05
 0.0591016548463357 0.04357298474945534 0.04831851565519907 0.02716118759951297 0.02049897505124744 0.007198431660846659 0.004056374981660006 0.0009084442795070433 0.0004616623774630179 9.363131732490147e-05
 0.06657789613848203 0.0398406374501992 0.02712967986977754 0.02743789395624768 0.02012679883264567 0.007073247406475951 0.004027558785219716 0.0009069857197993052 0.0004696604257276068 9.745220168389449e-05
 0.06147540983606558 0.05144440047487139 0.04088050314465409 0.01696020874103066 0.01857111645182434 0.006326957706721176 0.003475409251717654 0.0008843483794315947 0.0004506053294855557 9.159226786039268e-05
 0.03992015968063872 0.03415300546448087 0.02414292612264607 0.008932559178204555 0.01424200865070155 0.006036684467146506 0.003385945720685523 0.0007548279959897343 0.0003833428677585058 9.537398424223084e-05
 0.05617977528089887 0.03526093088857545 0.03619909502262444 0.02958823045943947 0.02059216384683882 0.006618571712224502 0.003723569307150139 0.0008166630370531686 0.0004586891834259007 9.542732155786693e-05
 0.05208333333333334 0.03408316291751875 0.03253796095444685 0.02018270660718079 0.01285868976719004 0.004587078031294065 0.003974092300407556 0.0009204130353496131 0.0004695768036885258 9.744636820368757e-05
 0.05688282138794084 0.04578754578754578 0.03532320734722712 0.02371124967067709 0.01740170754255261 0.006109788194009274 0.003883912339272138 0.00091522011043656 0.0004682214219104214 9.54883542999898e-05
 0.05405405405405406 0.04273504273504274 0.04824874910650465 0.02661671924290221 0.01740812379110251 0.005271750221073397 0.00411138425168524 0.0009414495248561888 0.0004798436297330698 9.755510967782525e-05
 0.06823821339950373 0.0501462599247806 0.04208311415044713 0.02647200385047329 0.01949617772305167 0.006631718562496052 0.003687250891085632 0.0008311475441522972 0.0004223765260807682 8.758413301959636e-05
 0.06227758007117437 0.0507416081186573 0.0403225806451613 0.01683719725424168 0.009948725797811279 0.007153502235469449 0.004079031230082855 0.0009245508705224291 0.0004706514502438072 9.55889864759507e-05
 0.07190265486725664 0.05365249690466364 0.0439802089059923 0.02706359945872801 0.01905799074326164 0.007385410736540858 0.004153362926044181 0.0009269326062062 0.0004712725044893615 9.561537758213809e-05
 0.05284015852047556 0.03127443315089914 0.04513944865387716 0.02771042604780049 0.01931887177788817 0.006373173840572606 0.003706704825612468 0.0008309226913392735 0.0004396540606449041 9.34346270715898e-05
 0.06128702757916241 0.0488171235448742 0.03908598917618761 0.02457606291472106 0.01706775900324287 0.006966483473953092 0.004003373054743997 0.0009392335087847085 0.0004792672883448064 9.753128415460977e-05
 0.05561735261401557 0.04914004914004914 0.0398066533977822 0.02509953262939242 0.01792309363458614 0.00588754783632617 0.003222255041486534 0.0007014604015860799 0.0003550621506706237 9.348151413002921e-05
 0.04830917874396135 0.03610108303249097 0.02622377622377622 0.02129826835818131 0.01422299177540041 0.006346285043392724 0.003520940795380526 0.0009152689746699311 0.00046823329724035 9.54888481956089e-05
 0.069164265129683 0.05256241787122208 0.04499437570303712 0.02459903571779986 0.01695807262733174 0.005605658417555603 0.003688799463447351 0.0008448994953645742 0.0004307538682186859 8.75953096693277e-05
 0.07003891050583658 0.04787234042553191 0.03571428571428571 0.01705653021442495 0.02024291497975709 0.006890252696011665 0.003805814931185556 0.0008358018644212753 0.0004235802182127673 8.571214433446713e-05
# name: avgRateB
# type: matrix
# rows: 100
# columns: 10
 0.06811301715438951 0.06088280060882801 0.05448199540308164 0.03741197183098591 0.02865691769564668 0.01243039612374586 0.007567976647386346 0.001845341548241559 0.0009498378975628904 0.000194700993908839
 0.06724511930585683 0.06315353556268766 0.05780868936862073 0.03709569856618873 0.02963976288189695 0.01261829652996845 0.007469962886079134 0.001791858481304625 0.0009247740144342622 0.0001966064925024412
 0.05678233438485805 0.05580653733723093 0.05118314665084193 0.03694918346866162 0.02796168927171048 0.0118875666278936 0.007151443222105567 0.001813746719524428 0.0009413961673648689 0.0001961229076508735
 0.06481635366461691 0.05538461538461539 0.04845942427310864 0.03485616024538737 0.0271447960568612 0.0107369448511469 0.006873571119047263 0.001718235521531172 0.0009339275447336701 0.0001908730094032793
 0.06806747558449246 0.05638088419545373 0.04947961098788603 0.03789792824658918 0.02996547456191779 0.01274220578662345 0.007487161958706674 0.001779487431896744 0.0008997132652941476 0.0001869565208743917
 0.07698113207547169 0.06825075834175935 0.06231967686093479 0.03934638707586909 0.03132139435477927 0.01226266912838601 0.007221329698326923 0.001695813056617291 0.000950612757223202 0.0001947337631783094
 0.07680491551459294 0.06112295664534471 0.05574136008918618 0.03895508707607699 0.02851515418761208 0.01285534424491419 0.007690965890169836 0.001838169107767875 0.0009452330048080203 0.0001929277845446149
 0.0796812749003984 0.06721820062047569 0.05408208623499778 0.03918324698506682 0.03160889263512801 0.0127479674796748 0.007684285635874637 0.001851407542029785 0.0009514313702456344 0.0001947681692368446
 0.06956867421983701 0.06268958543983821 0.05837491761604369 0.04020781567653038 0.03219155785437842 0.0126628547557505 0.007592779112109708 0.00185432150563414 0.0009569026511036276 0.0001965774086093757
 0.07641921397379914 0.06278965465689938 0.05457702803274622 0.0384482956501779 0.02844468524601267 0.01228854550683714 0.007392610535256461 0.001777085428655692 0.000912926258867039 0.0001868322238679359
 0.07048872180451128 0.06057007125890736 0.05404477996053873 0.03817296301171515 0.03007330367771443 0.01308989759882191 0.007741810615957806 0.001825775383983385 0.0009352131116878259 0.0001965125961596675
 0.0503235082674335 0.05972186673492023 0.05553552109628561 0.04052489386337321 0.03138227995913005 0.01261628471211302 0.007411389106072453 0.001816075978688904 0.0009477230236385098 0.0001961868412135048
 0.07426133670406068 0.06781128264319723 0.06115428717034017 0.04188661923341749 0.03041471356496225 0.01227596366314756 0.007455131877359157 0.001794708067118303 0.0009221617801799283 0.0001944581413968643
 0.06728538283062645 0.05909924597513756 0.05191550304332259 0.04072106073397229 0.03250043683382841 0.01333425932356414 0.007827916306528156 0.001830154076096281 0.0009362209247327139 0.0001910512015229965
 0.06968641114982578 0.06450727422454021 0.05760031240847408 0.04048582995951417 0.03190613421160971 0.01327373696329405 0.007874079013972473 0.001862275244281105 0.0009542133387340511 0.0001948843262093169
 0.07797994801336799 0.06555330107694708 0.05881548351798659 0.04079179011550517 0.0331033521499756 0.01349211812487093 0.007950092886289334 0.001874687552074654 0.0009623067367303733 0.0001968042566971594
 0.07896221094190638 0.0697350069735007 0.06310475389145982 0.04318142031860886 0.0320282136173888 0.01289107763615295 0.007436994451500768 0.001706867552831386 0.0009300739408782998 0.0001907117042951454
 0.07729211087420043 0.06750843855481936 0.0610394140216254 0.04305043050430504 0.03289077854879467 0.0126939143013181 0.00726480203414457 0.00165351227156055 0.0009222835352001647 0.0001944712614140244
 0.07542952926386368 0.06956969853130636 0.06398862424457874 0.04006840947959932 0.0314847128442455 0.01256027488233765 0.007540622060779035 0.001799750308325645 0.0009236483136126316 0.000192640765288279
 0.03623188405797102 0.02461033634126333 0.01660210293303819 0.04475117269639295 0.03468159786060505 0.01302979284093405 0.007484778147811754 0.001861731636086001 0.0009588916374963436 0.0001967145100199218
 0.0766609880749574 0.06359300476947535 0.06080913378009432 0.03873266713145867 0.03130797773654917 0.01212784523686273 0.007545655227774433 0.001849751591440321 0.0009557036198963978 0.0001965252743413426
 0.06382978723404255 0.04568527918781726 0.05724240915878546 0.04148379727048639 0.03140595422474617 0.01215362177929023 0.007220737959419452 0.001827426851117462 0.0009403963237290107 0.0001927237831082571
 0.0696594427244582 0.06494912318683699 0.06006813699121391 0.04231652762664732 0.03239205822948821 0.01335606706450696 0.007770521616929817 0.001877880839924885 0.0009631577564845326 0.0001968386519534745
 0.05154639175257732 0.0335345405767941 0.05962197133071166 0.04076809453471197 0.03094895601761039 0.01266562743569758 0.007432333099201229 0.001736429138425841 0.0008880275347087026 0.0001810823110639899
 0.08714596949891068 0.07680491551459294 0.0656141070330121 0.04493650276782807 0.0338382210763777 0.01272900850115925 0.007366667503787973 0.001829978059129044 0.0009410714632205988 0.0001927523908748236
 0.07677543186180422 0.06436041834271923 0.0602990834539315 0.03923133187047011 0.03057207471312505 0.01162201627082278 0.006626736332356315 0.001833901464663366 0.0009421088669926816 0.000192795874088791
 0.07720588235294118 0.06338553318419091 0.05616359447004608 0.03906750352247983 0.03230450507391411 0.01321212643430557 0.007652445871422274 0.001803772352536863 0.0009569747996636089 0.0001965795164143896
 0.07583682008368202 0.06538895152198422 0.0576581904198699 0.04112239961296565 0.03100705522850851 0.01243884235840451 0.007320465581610991 0.001857777642973051 0.0009597794252375454 0.0001966971957933821
 0.07316435850535667 0.06309148264984227 0.0548964051708872 0.04068169323804288 0.03143718934534177 0.01144147069282743 0.007774260850250283 0.00187452426846217 0.0009622861586314152 0.0001968040219585579
 0.06928406466512703 0.06727828746177369 0.06134969325153374 0.04403831333259936 0.03369326946496712 0.01272893361486739 0.007296425580604774 0.001810569197691524 0.0008891251298654232 0.0001927915823617565
 0.06799637352674524 0.06641870350690755 0.06126700159294204 0.04063442128719361 0.03200487693362798 0.01278772378516624 0.007440599216256883 0.001835101904911452 0.000880269636370394 0.0001928453577052754
 0.07825791085403198 0.06587615283267456 0.05947424765076721 0.04114557955714363 0.03178613635437467 0.01345599340930935 0.007940752264734957 0.001866613334857099 0.0009554525140100537 0.0001949356513436636
 0.07048458149779736 0.06310762408323384 0.05655308921249824 0.04113483757788398 0.03102286828576493 0.01114689125588308 0.007439828409063927 0.001820789283998078 0.0009531144700105901 0.0001964165681938485
 0.07559131919044135 0.06650170120630992 0.06502636203866433 0.04637847122817063 0.03543800509961537 0.01388340859602204 0.007982522477102764 0.00182479648717072 0.0009302025001884884 0.0001891341062348357
 0.06995884773662552 0.06831075604955424 0.06346519991537973 0.0439798584995857 0.03316676248175827 0.01243083453346472 0.007477342010336809 0.001786586536359887 0.0009154468013412269 0.0001869371501391688
 0.07711289327575571 0.06468006468006468 0.05655423146839022 0.03946613088404134 0.03095632946379215 0.01237876095884426 0.007812250884856988 0.001859430824429885 0.0009535671194488771 0.000194857085252162
 0.07827788649706457 0.06677311656263608 0.06121091151031271 0.04205326747213137 0.0310176751513958 0.01114810176842491 0.006289958469041341 0.001410197466280826 0.0007168557332746755 0.0001964943034515117
 0.06979062811565304 0.05644402634054563 0.04726890756302521 0.03679636733735223 0.03465346534653466 0.01378249767873723 0.007965879482881657 0.001838678909203737 0.0009386072632558722 0.0001967936157765665
 0.06024096385542169 0.04956157072054899 0.04926108374384237 0.02686834510896607 0.03169221698113207 0.01266172810758103 0.007293273422305681 0.001670240725844383 0.0008939650556833343 0.0001906284284572501
 0.06389776357827476 0.06526468455402465 0.06038047973531845 0.04343105320304017 0.03439246492359402 0.01378800585634888 0.008021368263497813 0.00188270554295136 0.0009644000019482828 0.0001968934196031464
 0.07127583749109051 0.05901445854234288 0.05041648399824639 0.04185130477597242 0.03315520536724266 0.01274074074074074 0.007283382877274998 0.001711146872158102 0.0009344611760583259 0.0001908936946818409
 0.06401137980085349 0.06745098039215686 0.06211764705882353 0.04364252214695154 0.03251004650742764 0.01176992097338775 0.007134539371176461 0.001756519899670605 0.0009028074399099134 0.0001944579870542571
 0.06340057636887608 0.06055543954896638 0.0594059405940594 0.04288813764569353 0.03380393716444621 0.01366562883025035 0.007979861133962946 0.001865760440167157 0.0009552038629223976 0.0001949272762135416
 0.06678809957498483 0.05546995377503852 0.06167509559639817 0.04446339383603362 0.03357247976453274 0.01270133712977696 0.007445529000744553 0.001817968344626199 0.0009331577182349711 0.0001964417454980116
 0.0718525460793502 0.0610079575596817 0.0605143721633888 0.04318037883585699 0.03304255881575469 0.0123866401238664 0.007095133920652752 0.001615530634499657 0.0009306067847050897 0.0001907357273051307
 0.08487654320987655 0.07205908845253108 0.06361634450697333 0.04104279090978186 0.03254399862972637 0.01294593600588452 0.007510729613733906 0.001784060369566208 0.0009147661750609438 0.0001869105730340139
 0.07734806629834254 0.0648508430609598 0.05592841163310962 0.04396652187731751 0.0343060262875093 0.01294604327252165 0.007569267111950293 0.001744070161451066 0.0009253252761852442 0.0001927254679354493
 0.03838771593090211 0.06972378653794584 0.06436440153484342 0.04427193886833646 0.0334800953953403 0.01258401681816836 0.00719643734019676 0.001790353423384301 0.0009164437303549563 0.0001869794660741672
 0.07516623301532235 0.0668495029139527 0.06010518407212622 0.04390779363336992 0.03259604190919674 0.01311456714800929 0.007631604585457734 0.00181863992255625 0.0009333219260653482 0.0001946083942940819
 0.07768957946292855 0.07073658311548517 0.06386511687316387 0.04403019213174748 0.03376612935643366 0.01321326496904936 0.007654228545280585 0.001763313496056503 0.000899791580884906 0.0001967955717418257
 0.0818833162743091 0.06835659356308743 0.05780346820809248 0.0411106191891721 0.03236013231698548 0.01339771680576102 0.007854624000785463 0.001859667233422395 0.0009535968114836409 0.0001967197087912448
 0.05630630630630631 0.06575619625695497 0.05893082643468499 0.04044861187718331 0.03125253673187758 0.01246331363325695 0.007629309002584623 0.001849053114994123 0.0009507990592910532 0.0001888376288593193
 0.07468259895444361 0.06148170919151552 0.05221339387060159 0.02733102070850415 0.03260188087774295 0.01325409380478003 0.007702820226115045 0.001869268285314537 0.0009608609313945294 0.0001967737844846057
 0.07669616519174041 0.06541845251522671 0.06020238247726399 0.04226387357589122 0.03183844264531975 0.01288276682192052 0.007507879147896968 0.001800251656231524 0.0009237551912610814 0.0001926586335299113
 0.07633587786259541 0.06298815822625346 0.05797101449275362 0.0411851487582985 0.03203250126958084 0.01230159920789703 0.007668831676970029 0.001844611452564961 0.0009449300605631978 0.0001929115160617731
 0.0745975657636435 0.06102414433536747 0.05232029117379436 0.03748762201159994 0.02726197212077568 0.01232109342540724 0.007144934158600922 0.001647771580538668 0.0009535707371294438 0.0001964668512793564
 0.07497656982193064 0.06335797254487856 0.05836298932384341 0.0412443201677735 0.03003150846790075 0.01031713278943526 0.006843884321662564 0.001840203426124197 0.0009531282342577393 0.0001964169968555424
 0.08372770294867128 0.06902761104441776 0.05812484205205964 0.04111525118848773 0.0306616202749964 0.01070401859440944 0.006036512275678892 0.001837084359663626 0.0009476326589025253 0.0001946078919060393
 0.0760593987685621 0.07093204709887928 0.06463642013673089 0.04551468642498015 0.03547437542456034 0.01391170507185248 0.007969531223784437 0.00182434443622956 0.0009300631659741775 0.0001927952609732305
 0.09028892455858749 0.07985049269452939 0.07207483514798343 0.04692907843022232 0.03573079994955652 0.01314241178538136 0.007413601372378301 0.001728688156181213 0.0009596761529200328 0.0001966214086553538
 0.07959671000265323 0.06872852233676977 0.0599880023995201 0.0397446706009876 0.03011498448622011 0.01211678832116788 0.00704056191967133 0.001653178377946981 0.0008471630263000301 0.0001965104117766506
 0.07766387076731905 0.06711409395973154 0.05887821506042765 0.04129429892141757 0.03110636519801291 0.01188756470446611 0.007559977159217945 0.001801309836668601 0.0009240552993598728 0.0001888779516404845
 0.05825242718446602 0.06078288353999513 0.05947412353923205 0.04198101727914334 0.03172413793103449 0.01303780964797914 0.007453710762141925 0.001870267656082337 0.000961147318641695 0.0001967547783587233
 0.08755638100291856 0.07561869844179651 0.06547275178124398 0.04393255758727143 0.0333950088000361 0.01170275014628438 0.00650269334528423 0.001810247908687284 0.0009608264271911938 0.0001967413276820215
 0.08455284552845528 0.07098911500236629 0.06209037599172128 0.04338752196836555 0.03340890108578928 0.01289126435782674 0.007719772266718132 0.001825584424722216 0.000935179403452955 0.0001909245221666353
 0.05246589716684155 0.07041126580252841 0.06386993758165191 0.04010897532919631 0.03073524468136195 0.01285695918629734 0.00760628570503795 0.001833388460993243 0.0009419707192771879 0.0001927903178714836
 0.06050129645635263 0.04156769596199525 0.06261859582542695 0.04423939834418252 0.03311414920289512 0.01254798858730562 0.007148327801889201 0.001719670740375576 0.0008788744937927048 0.0001947193309602743
 0.07606787595084845 0.06448743606849011 0.0565412361084032 0.0421137070089241 0.03325152402818463 0.01325297843252141 0.007800437467833247 0.001844618468244037 0.0009449263785453005 0.0001929138564056648
 0.07199424046076314 0.06646802658721063 0.06017505470459518 0.04212649816067402 0.03298453139217471 0.01352112676056338 0.007896879909843954 0.001849130051032177 0.000962551870850818 0.0001968935370790307
 0.08226221079691516 0.07118205349439172 0.06263048016701461 0.04290617848970252 0.03290035891300632 0.01214228964607474 0.007759080548954949 0.001833166710448483 0.0009419240692673482 0.0001927861413396689
 0.08502289077828647 0.07461550175118013 0.0667097051861416 0.04523336303200604 0.03315416687597327 0.01101018442058904 0.007196978886166437 0.001727584589945458 0.0009538537135259347 0.0001966462088398629
 0.07808687164470474 0.06938421509106679 0.06350046302420956 0.04053232452881173 0.03005541467079928 0.01210036009505343 0.006965424639140651 0.001838462894941225 0.0009480176756928268 0.0001907198123317047
 0.07434944237918216 0.06099420555047271 0.05759162303664921 0.0405388549332668 0.03076667221021121 0.01204730772056123 0.007569306462295393 0.001817022090067514 0.000932927380349634 0.0001908583616241092
 0.0790330079033008 0.06685108344859382 0.06085479762241721 0.04584902570820371 0.0355269835899171 0.01297637989896961 0.007514162930692401 0.001711693172267493 0.0009346112844577064 0.0001909005275019055
 0.07866023851814261 0.06825187142228094 0.05985711527321877 0.04182071640705497 0.03153153153153153 0.01309721196583578 0.007683630597197928 0.001806543872393347 0.0009254325422995732 0.0001889351990054451
 0.07792207792207792 0.06219765031098826 0.05285412262156448 0.03803352584871109 0.03090755830289407 0.01236744093480795 0.007195196586003275 0.001763855750738733 0.0009047255860287021 0.0001849066469963108
 0.07392996108949416 0.06719426608929371 0.06127450980392157 0.04104741684359519 0.02981392001644906 0.009667693517729567 0.007527040073306825 0.001770743883793504 0.0009065343581395576 0.0001926141795013239
 0.07459412022817025 0.07048872180451128 0.06341958396752917 0.04334683168881538 0.03324293587612633 0.01317947516401125 0.007572315614114797 0.001863010398985318 0.0009592279668242772 0.0001966740237319989
 0.0770625566636446 0.06545608108108107 0.05719091673675358 0.04397155420444059 0.03406246152583412 0.01296468943013635 0.007471483836689967 0.00180838979842105 0.0009306464793934511 0.0001907346283287415
 0.07853403141361257 0.0684931506849315 0.06113331765812367 0.041832799529381 0.0310212786583297 0.01052363033356719 0.006421956330696951 0.00158444419415741 0.0008101307336270626 0.0001651361398253457
 0.08270158511371468 0.07322654462242563 0.06659267480577137 0.04643333913750072 0.03539975824555344 0.01281101438538001 0.007195180096224697 0.001806080216577535 0.0009253099544844903 0.0001927266932828191
 0.07836456558773425 0.06633119853613907 0.0573864567961961 0.04065287300527881 0.03076100040123044 0.01148289194453327 0.00661835546433209 0.001791171973249318 0.0009213809852181393 0.000188765811372087
 0.0764685436218283 0.07086999022482894 0.06467661691542288 0.04446162768219602 0.03316326530612245 0.0126283260782362 0.007210783939463348 0.001636528864518514 0.0008332728802028089 0.0001926590927147057
 0.07640878701050621 0.06949960285941223 0.06268626040489159 0.04285212504390586 0.03103724469363236 0.0129885292314877 0.007760593606221146 0.001856785033554758 0.0009528661825847175 0.0001869461843587696
 0.07830853563038372 0.06975519873650961 0.06417241796827704 0.04407647864673297 0.03317392615570204 0.01276509327221561 0.007363338939511844 0.001848944969360341 0.0009507962918944616 0.0001947399545977706
 0.0674432863274065 0.05006827492034593 0.04375170905113481 0.03829252981795354 0.02867484604898228 0.01230793149016661 0.00743593356189045 0.001794911520308951 0.0009453190789505415 0.0001945091650535307
 0.07477567298105683 0.06584723441615452 0.05743931813970724 0.0408826164874552 0.03151452966396717 0.01257089399520552 0.007227801823759298 0.001652266967917202 0.0008421629879159404 0.0001966444120808793
 0.07831821929101401 0.06501950585175553 0.05528255528255528 0.03610108303249097 0.03141588126963493 0.01267317607073936 0.007687065126083717 0.001838172591141145 0.000950061657062642 0.0001947095430325972
 0.07207207207207207 0.06778451658936853 0.0635593220338983 0.04447870952437433 0.03317945758799769 0.01348914478822043 0.007851239669421488 0.001818136582247714 0.0009284642712288469 0.0001927640738640135
 0.08101851851851852 0.07131537242472266 0.06456241032998565 0.04508755373807277 0.03522424738890027 0.01347902148039806 0.007813019482678369 0.001801373643220703 0.0009193100089388228 0.0001928174889040492
 0.03992015968063872 0.0765070571164754 0.07031155291550491 0.04511048245278691 0.03189557878207959 0.01161350263239393 0.006860489437356202 0.001782534574533649 0.0009302190375139897 0.0001907167054324859
 0.07851239669421488 0.06306306306306306 0.05265797392176529 0.03694328521584456 0.02704056084126189 0.00883782589482987 0.004835416741287295 0.001797397368610252 0.0009230246058927834 0.0001888347385950775
 0.08344653599844751 0.07357771646301406 0.06720293249159963 0.04622266401590457 0.03650637880274779 0.01112347052280311 0.007465414136072726 0.001820714095330338 0.0009530878602599909 0.0001964155160321685
 0.04643962848297214 0.06847697756788666 0.05919575423555828 0.04135154252135589 0.03191842148897363 0.01313965576989719 0.007594028256461182 0.001860754782899284 0.0009474732435489641 0.0001946013997400681
 0.06811989100817438 0.05110732538330494 0.04492787893118941 0.0424921361955742 0.03279247050807035 0.01267607639828517 0.007368403622936432 0.001704047207851637 0.0008700089346984979 0.0001907163265492622
 0.08154020385050963 0.07081132981277004 0.06493506493506493 0.0438473213783799 0.03369184916418298 0.01269554050898903 0.007746808476299607 0.001850883041189702 0.0009513002235555526 0.0001965644895329409
 0.08620689655172414 0.07079646017699115 0.05934718100890207 0.03393561405117858 0.0302614590058102 0.01226334499958663 0.007227017677772455 0.001756967889050312 0.0009029012255185128 0.0001967737844846057
 0.03992015968063872 0.0199203187250996 0.01274697259400892 0.04108885464817669 0.03043578510491123 0.01255387705569737 0.007360999787348894 0.001718340999043457 0.0008785176089093399 0.0001925287339211216
 0.07023705004389816 0.05626598465473145 0.04979548283834252 0.03876615256356816 0.03167682822984434 0.01318756115199728 0.007677512162795584 0.001855140063074762 0.0009524485216152361 0.0001948111842293588
 0.06990131578947369 0.05715646582519648 0.05825409063651161 0.0419287211740042 0.03291511771995043 0.01311502567783975 0.00772276100899905 0.001811238448588473 0.0009266529782139008 0.0001926708026665639
