# Created by Octave 3.0.1, Tue Sep 08 14:19:10 2009 PDT <jwawerla@daneel>
# name: prtA
# type: matrix
# rows: 100
# columns: 10
 270 329.9 560.9 637.9 685.7 1603.8 1665.8 2091.2 3719.7 3770.3
 435.1 569.7 623.3 920.1 1287.3 1426.7 2020.5 2177.2 2245.9 2268
 313.4 448.6 482.8 1430.5 1480.6 1621 1686.9 1844.8 2828.8 2989.2
 322.2 630.8 824.6 1116.8 1175 1868.7 1935.6 1890.1 1957.4 2116.4
 401.5 635.2 918 1715.4 1770.4 1916.8 1983.9 2627.2 2696.1 2856.7
 120.2 721.5 744.5 1128.3 1517.9 1757.6 1823.5 1978.2 2047 2941.7
 235.9 285.3 586.3 679 1327.4 2092.4 1385.4 2147.3 2857.7 3016.1
 77.2 218.8 241.9 443 483.4 1048.4 2149.1 2294.5 2798 2956.5
 75.09999999999999 75.3 118.5 460.6 571.5 800.4 1670.1 1758.7 1826.1 1985.3
 64.40000000000001 64.90000000000001 75.59999999999999 129.3 775.7 965.3 1525.3 1680.6 2748.2 3019.9
 77.8 82.8 204.1 247 280.7 1399 1910.1 2275 2615.1 2773.8
 64.90000000000001 69.3 152.4 191.9 564.9 924.5 1455.4 1974.4 2042 2244.4
 78.3 83.7 154 312.9 721.1 1426.8 1743.3 2226.1 2293.6 2366.3
 92.8 99.09999999999999 183.6 467.9 505.4 1171.3 1516.2 2379.4 2446.9 3070.5
 66.40000000000001 71.7 80.40000000000001 256 317.5 1081.8 1165.8 2033.7 0 0
 104.3 111.8 288.8 554.5 831.3 1223.3 1306.7 1664.1 1731.8 1891.1
 57.9 62.6 70.40000000000001 251.4 828.2 1074.6 1779.9 2158.4 2267.4 3148.1
 71.5 79 85.09999999999999 215.8 243.8 1095.1 1163.1 1968.2 2064.8 2225.8
 58.7 64.2 69.2 200.1 425.4 817.3 1369.5 1726 2160.1 2365.1
 40.9 67.2 72.59999999999999 93.2 555.3 798 861.1 1595 2162 2743.1
 57.9 63.4 107.4 134.4 582.7 1103.3 1235.3 1399.4 2025 0
 40.1 46.5 50.3 64.5 121.8 1050 1241.3 1823.9 1891.3 2050.5
 40.1 40.1 40.1 193.8 218.7 977.2 1099 1704.8 2044.1 3017.9
 60.7 66.90000000000001 72.2 141.4 347.1 966.9 1029.9 1715.1 1799.1 1989.2
 52.6 58 62.8 287.6 340.4 899 962 1848.3 1932.3 2651
 67.2 74 79.90000000000001 200.6 486.2 884.8 1039.7 2076.5 2382.8 2574.3
 51 55.6 60.2 172.9 196.9 1343.1 1405 1565.9 1654.7 2945.6
 85.7 92.59999999999999 112.9 138 249.8 1097.1 1158.5 1318.8 2021.9 2206.8
 72.3 89.5 96.3 207.4 233.1 329.7 783.6 1839.4 1926.3 2110.8
 73.5 79.59999999999999 85.90000000000001 264.8 357.3 1132.9 1193.7 2334.3 2419.5 2952
 90 97.5 104.7 240.2 266 822.3 1284.9 1715.4 1782.9 2742.3
 40.1 40.1 40.1 42.2 50.8 1046.5 1583.1 2060.2 2152.6 2333.5
 57.9 63.1 67.59999999999999 116.4 154 861.6 1322.1 1480.3 2444.3 3043.1
 60.7 66.09999999999999 70.90000000000001 130.7 205.7 942.2 1160.6 1318.8 2019.5 2196.6
 40.1 46.3 49.7 61.6 161.4 945.5 1094.4 1758.6 1846.3 2022.5
 40.1 45.4 98.3 179 201 1131.4 1189 1345.8 1811.3 1986.3
 40.1 40.1 40.1 93 108.5 903.5 960.6 1667.3 1734.7 3255.3
 40.1 44.2 47.2 73.40000000000001 143.5 708.4 838.3 1838.1 2199.5 2075.1
 47.5 51.7 54.9 130.1 149.1 519.5 1265 1741.4 1827.6 2054.4
 40.1 40.1 40.1 174 252.2 923.8 1051.8 1897.5 1983.6 2159.2
 50.4 54.9 70.90000000000001 86.59999999999999 187.3 780.9 837.4 1306.5 1725.5 1901
 71 77.40000000000001 82 166.1 325.9 779.8 1191 1646.5 1998.1 2861.7
 67.7 73.7 90.8 139.1 424.2 839.5 896.4 1788.2 1871.6 2048
 40.1 40.1 74.40000000000001 151.1 172.4 980.8 1366.2 1637.4 1717.6 0
 67.2 73.3 77.8 239.4 315.7 519.4 1377.8 1831.2 1910.9 2086.4
 40.6 55.7 59 73.09999999999999 126.9 1136.3 1265.4 1994.7 2073.3 2536.9
 50.6 55.4 58.6 104.8 249.5 843.1 1056.8 1213 1291.6 2681.5
 41.2 44.7 47.3 58.2 139.6 665.4 1448.1 1601.9 2329.3 0
 80.8 87.3 92 110.9 146.3 662.1 1121.8 2066.3 2142.9 2384.2
 48.3 104.4 109.7 182.1 259 642.9 1436.4 1590.1 1710.8 1937.2
 70.09999999999999 76.09999999999999 80.40000000000001 225.9 298.7 789.6 845.2 1848 1922.1 2623.3
 64.90000000000001 70.8 74.8 108 125.2 759.1 1109.8 1263.8 1338.1 2304.6
 58.3 63.7 67.5 99.59999999999999 116.1 994.3 1050.3 1204.7 1279.2 3032.8
 50.4 55.1 58.5 72 141.3 849.7 1369.5 1829.9 1904.6 2134.2
 50 54.8 58.1 131.6 460 555.9 612 1716.6 2014.1 2185.6
 72.7 79.40000000000001 83.90000000000001 129 203.9 854.7 961 1116.5 1989.6 2160.5
 59.5 65.2 69.09999999999999 212.8 300.9 788.8 1398.3 1920 1996.5 2167.7
 88.2 96.2 101.3 137.9 157.9 1069.9 1179.9 1982.7 2059.2 2494.3
 58.7 64.59999999999999 68.40000000000001 130.5 191.5 1103.5 1229.5 1559.9 1636.4 2880.1
 40.1 88 93 159.4 267.8 1162.9 1439.9 1911.1 1987.8 2621.6
 67.8 136.2 142.7 196.3 280.6 623.8 1222.3 1690.7 2089.2 2255.2
 52.2 57.8 61.3 107.6 183.7 765.9 822.7 979.8 2812.9 2978.9
 40.1 40.1 86.3 163.3 347.5 933.1 1042.2 1833.6 1910 2075.8
 40.1 45.7 48.5 59.6 71.59999999999999 1002.7 1059.7 1216.9 2285.9 2902.8
 86.90000000000001 95.8 101.2 249.4 368 835.2 892.2 1049.4 1718.4 1877.8
 41.5 46.2 49.2 60.5 189 921.8 1168.5 1541.3 1620 2410.1
 40.5 45.1 48 59.4 71.59999999999999 781.1 838.2 1615.3 1693.9 1859.5
 58.8 65.40000000000001 69.3 177.3 222.7 713.4 968.8 1512 2085.3 2252.6
 40.1 68.7 72.7 89 437.4 942.4 999.3 1327.8 1487.2 2972.6
 40.1 40.1 40.1 66.59999999999999 122.7 857.2 914.3 1517 1598 1940.8
 66.5 74.09999999999999 78.59999999999999 167 285 963 1288 1438.8 1715.7 2349.6
 58.6 65.5 69.5 133.1 428.6 1023.4 1080.8 1646 1727.6 1892.8
 65.5 73.09999999999999 126.8 184.5 358.1 938.2 995.7 1677 1759.8 1924.8
 94.7 105 169 213.2 260.9 796.5 982.6 1749.5 1832.6 1997.8
 40.1 40.1 49.3 139.8 161.6 594.2 651.9 1934.2 2017 2182.1
 40.1 40.1 62.2 77.7 362.9 791.4 849.2 2055.9 2138.7 2301.1
 48.9 66.5 70.7 88 144.2 734.7 792.7 1558.5 2579.4 2738.1
 57.6 64.8 69 232.9 609.3 769.5 1105.5 1606 1690.7 2501.4
 85.8 96.2 151.1 241.7 388 985.9 1384.5 1689.2 2300.6 2462.9
 40.2 45.6 48.7 114.3 134.4 1205.5 1262.1 1778 2430.3 2592.8
 59.4 66.90000000000001 71.8 152.5 234 603.8 1456.3 1843.6 1928.6 2088.7
 66.90000000000001 75.59999999999999 81.09999999999999 158.8 220.7 966.1 1327.6 1477.3 1562 1724.1
 40.1 47.2 64.09999999999999 80.2 176.3 1232.9 1289.6 1848.1 1932.8 2094.9
 51.2 58 62.6 78.3 612.3 1028.7 1085.4 1658.7 1741.5 2946.7
 40.1 40.1 40.1 82.59999999999999 330.1 1138.6 1195.4 1345 1427.2 2529.5
 65.40000000000001 74.09999999999999 105.7 128.8 288.6 838.1 1260.6 1778.1 1787.5 1946.8
 40.1 69.40000000000001 74.7 171.5 196.1 867.9 1109.8 2361.2 2441.9 2603.8
 83.3 151.3 160.2 207.2 233.5 747.6 1547 1698.7 1779.7 1941.7
 40.1 40.1 64.59999999999999 81.59999999999999 120.7 1310.6 1673.5 2053.7 1645.3 1877.8
 40.1 40.1 40.1 68.3 128.2 1144.7 1202 2049.9 2384.6 2543.5
 50.7 58 62.8 146.3 429.1 625.8 1222.8 2048.7 2125.8 2682.2
 40.1 61.2 66.3 138.1 509.5 1083.9 1424.7 1889.2 2125.7 2301.2
 41.3 59.3 64.2 81.59999999999999 615.1 1158.4 1347.8 1750.2 1825.6 2300.1
 82.90000000000001 93.90000000000001 114.7 140.1 246 1153.2 1210.9 1364.9 1492.7 1652.1
 40.1 48.3 52.4 195.5 266.9 765.1 822.9 976.9 1051.9 2197.8
 88.2 125.1 133.7 162 286.4 958.7 1195 1660.1 1735.3 1937.2
 77.8 88.59999999999999 160.1 259.5 451.4 743.9 1040.7 2000 2073 2232.8
 40.1 92.2 99.3 156.2 399 864.2 922.3 1800.4 1873.6 2033.3
 50.6 70.40000000000001 76.2 150.5 517.4 804.6 1326.4 1854.5 1927.7 2087.5
 40.1 73.59999999999999 79.59999999999999 136.3 326.1 1121.4 1502.5 1655.2 1728.3 2480.5
# name: prtB
# type: matrix
# rows: 100
# columns: 10
 450.8 630.2 640.3 1426.5 1905.3 3011.1 3262.4 3401.6 3467.6 4349.1
 340.7 908.7 995.2 2387.1 2853.6 3735.1 3794.1 3840.6 3906.3 0
 379.4 1195 1252.2 2834 3014.7 3823.8 3887.3 4213.6 3935.9 4264.1
 658 911.4 1167.7 3027 3253.3 3883.7 3947.9 4142.2 4207.5 4365
 918.9 1587.5 2325.2 3436 3478.4 3775.4 4285 4442.5 4511.3 4442.5
 345.5 1506.4 1656.3 2869 3521.4 3779 3803.3 3961.4 0 0
 733.6 842.5 2485.1 2942.3 3464 3774.6 4247.4 4401.1 4468.8 4684.8
 1246.3 1266.1 1336.5 3046.2 3160.4 3405.7 3469.4 4679.3 4747.1 4963.1
 722.9 1186 2102 2776.5 3144.7 3373.5 4251.3 0 0 0
 463.8 472 2358.2 2525.6 3292.3 3473.2 3570.7 4592.1 4660 4876.5
 717.8 1144.1 1165.5 2640 3482.7 3990.7 4088.2 0 0 0
 880.3 894.5 1335.5 2772.5 3512 3773.8 4217.5 4403.6 4471.5 4405.3
 707.2 1705.2 2178.6 2405.1 3089.4 3425.8 3968.6 4154.8 4789.5 5017.8
 404.4 417.7 435.1 2938.9 3340.5 4055.4 4135 4461.1 4327.9 4485.4
 488.4 691.3 1481.9 3121.3 3303.3 3794.3 3951.6 4129.6 4229.6 4687.8
 724.6 792.8 837.4 2655 3056.3 3827.7 3907.9 4289 0 4306.7
 1273.7 1432.1 1543.2 2316.8 2378.8 4094.6 4174.2 4144.8 4210.2 4367.7
 538.3 562.6 834.5 2878.1 3478.8 4508.5 4587.2 4763.2 4865.6 0
 1078.9 1376.3 1754.8 1881.7 3215.7 3440.5 4072.3 0 4067.2 0
 43.8 1004.2 1020.7 2673.7 2915.5 3117.6 3815.2 3985.7 5111.5 5305
 673.7 689.7 1379.1 2496.3 2876.7 3948.2 4022.8 4193.3 4755.1 6070.8
 791.5 1167.2 1511.6 2076.1 3377.7 3835.1 4023.2 4345.7 4235 4392.6
 70.7 78 850.1 2730.5 2783.9 3477.9 3669.2 4728.9 4826.8 0
 349.5 964.8 1189.7 2392.8 2504.4 3599.4 3750.8 0 0 0
 277.7 1097.2 1271.8 2026.1 2765.6 3507.3 3571.6 3604.3 0 0
 476.4 1344.4 1355.9 2290.7 2320.1 3931 3995.4 4396 4323.4 4480.9
 40.1 40.1 40.1 2177.6 2655.4 3641.5 3704.6 4998.5 5086.3 5947.2
 329.6 373.1 613.4 2321.3 3212 3881.8 3944.9 4464.7 4552.2 4751.4
 284.1 297.5 719.9 2140.6 3110.1 3306.2 3673.9 4518.5 4604 4612.5
 479 493.4 504.9 571.2 3133.2 3417.7 3480 3951.4 4035.7 4226.9
 306.9 320.9 369.5 2225.3 3074.1 3909 4285 4447.3 4531.7 4722.8
 804.5 906.8 1547.2 2300.5 2450.5 3172.9 3480.8 4167.1 4236.2 4404.9
 500.3 514.7 573.6 2275.1 2861.2 3193.4 3255.6 4830 4912.9 4548.7
 756.1 792.5 1054.9 2359.7 2388.9 3755.8 3818.4 3979.8 4838.9 5026.7
 293.2 788.1 813.1 2683.9 2910.3 3520.9 3952.2 4641.3 4730.2 5280
 263.5 714.8 1616.8 2057.5 2355.7 3654.4 4239.4 4399.7 5722.1 5907.3
 397.9 529.4 651.9 2450.1 2479.3 3002.4 3871.7 4655.2 5230.7 5413.7
 763.6 852.7 864.8 2127.8 2156.9 3786.1 3846.5 4146.3 4231.1 4412.5
 373.3 385.7 1041.5 2715.1 2744.1 3376.3 3436.8 4509.5 4918.9 5099.9
 315.9 328.4 340.2 1661.5 2546.1 3635.9 3961.9 4119.4 4443.6 4618.3
 113.6 122.3 389.9 2968.5 3120 3657.9 3717.6 0 0 0
 316.6 329 339.3 2384 2465.9 3076.8 3695.9 5103.4 5193.5 5651.5
 243.6 255.6 265.6 2278.7 2376.8 3879.1 4255.3 4412.3 4499.1 5422
 66.09999999999999 618.3 1424.1 2144.1 2572.3 3041.6 3566.3 5106.2 5175.6 5627.5
 230.6 918.1 928.3 2533.9 2580.6 3403.3 3577.2 4396.2 4136.4 5128.8
 288 374.3 787.3 2421.8 2681.2 3601.2 3658.2 4179.1 4266.8 4305.7
 299.3 311.5 1161.6 2418.9 2650 3326.3 3433.2 4082.7 4169 0
 237.5 996.4 1212.4 1433.9 1477.3 3020.5 4109.8 4391.6 4671.9 5982.3
 277.6 290.1 445.3 2224.6 2486.5 3650.9 4103.1 4764.5 5075.4 5116.2
 321 376.5 1195 1425.6 2961.5 3164.9 3221.5 3643.4 4863.6 5038
 79.3 571.1 591.6 1848.7 2800.6 3632.6 4067.7 4386.1 4692.6 0
 283.5 295.5 303.6 2343.5 2425.2 3340.9 3396.8 4836.2 4913.8 4965.7
 276.5 662.6 949 2513.5 2888 3404.7 3460.3 4047.1 4124.1 5116.3
 290.8 721.1 729.5 2250.2 2841.8 3666.1 3826.1 4182.8 4469 4640.2
 41.5 252.1 260 1863.4 1970.8 3991.6 4047.3 4285 4259.7 4417.2
 40.1 40.1 40.1 2130.7 2776.1 3360.6 3416.1 4144 4218.2 0
 333.6 347 355.9 1893.1 2535.2 3396.1 3452.3 4305.3 4379.8 4551.6
 316.9 330.3 1293.2 1435.4 2699.1 3575.4 3631.5 4431.1 4505.4 4676.8
 230.2 343.9 352.5 2772.8 2978.9 3849 4019.8 4343.9 4260.4 0
 312.5 337.5 797.8 2168.1 2606.1 3470.5 3673.6 3827.2 3800.8 3958.6
 352.5 1179.5 1303.2 2301.7 2349.2 3465.5 3848.8 3523.1 3589 4610.9
 40.1 46.2 49 2351.5 2763.5 2964 3393.4 3606.9 3672.8 3830.7
 310.7 541.7 1138.1 2103.9 2130.7 3565.1 3949.5 4105.6 4182 4350.5
 270.1 361.5 370.2 1693.9 2884.4 3750.1 4122 4730.8 5101.8 6057
 390.3 555.9 665.4 2236.3 2701.9 4030 4086.9 4244 4320.9 4487
 294 308.8 376.6 2427.6 3152 3860.1 4073.1 4814.2 4890.7 5056.6
 42.3 47.2 1260.3 2384.4 2534.2 3277.3 3900.4 4320.3 4357.7 5230.4
 1219.8 1574.7 1632.7 2517.7 2546.1 2733.1 2962.6 3775.4 3735.2 3893.1
 578.5 606.7 616 2152.9 2298.2 3198.6 3646.2 5263.6 5342.3 6021.7
 118.6 369 378.4 1851.7 2917.5 3774.9 3832.1 3984.9 4326.6 5439.1
 688.2 716.2 1638.4 1845.5 2553.1 3054.3 3745.4 4621.2 4699.5 4485.4
 305.7 345.2 1193.8 2008.5 2071.1 3469.9 3527 3979.8 4057.9 5223.3
 126.2 588.9 610.5 1803.7 2379.4 3044.7 3976.1 4128.4 4206.3 4373.6
 488.5 718.9 727.8 2079.2 2127.9 3557.2 3693.9 3960.2 5690.2 5863.1
 183.9 632.7 641.8 1008.8 2597.7 3232.5 4233.5 4383.9 4350.6 5337.3
 101 388.9 1286.6 2481 2915 3500.5 3557.4 4593 4672.2 4839
 318.7 334.6 489.3 2269.6 2874 3165.1 3589.7 4070.2 4975.4 5148.1
 416.1 905.8 997.4 2475.8 2505 3081.6 3554.2 4328.9 4230.2 4402.8
 120.4 656.4 699.6 2309.4 2338.6 3583.6 4271.3 4789.5 4750.2 5243.5
 363.3 391.4 475 2467.9 2592 3451.5 4169.9 4464 4547.1 4712.2
 274.3 312.1 321.2 435 2993.4 3437.4 3592.6 4244.5 4327.4 4492.4
 410.4 814.7 824.5 2720.3 2806.2 3039.4 3739.1 4299.2 4382 4547
 40.1 40.1 376.4 1875.6 3070.3 3741.8 4338.9 4488 4570.8 4733.5
 521.6 847.5 1351 2491.8 2904.8 3496.2 3554.1 3703.3 0 0
 40.9 1212.7 1223.6 1315.8 2790.7 3332 4112.6 4404.5 4722.9 4883
 314.2 353.7 364.4 2569.6 2599.2 3520.1 3692.1 3841.7 3926.8 0
 40.1 40.1 40.1 1950.9 2567.6 3769.9 3898.4 4158.2 4242.9 4269.8
 310.9 390.8 1092.6 2260.1 3159.5 3658.1 3714.8 4906.1 4988.5 5150.5
 539 1189.4 1201.1 2862.5 2915.2 3695.2 3752.1 4336.3 4407.5 4582.1
 144.7 1019.7 1115.5 2726.6 3348.4 3645.2 3985.4 4019.5 4085 4242.6
 173 437 448.6 1902.5 2881.5 3632.5 3897.8 4629 5247.9 5410
 526.5 1290.9 1697.4 2760.5 2840 3484.3 3605.8 4340.4 4278 4435.5
 738.1 1306.9 1404.5 2629.8 2686.8 3285 3342.6 4146.3 4219.5 5032.6
 447.1 673.4 1180.6 2120.8 2984.4 4046.8 4196.1 4684 4755.2 4933.1
 237.5 373.7 386.4 2759.7 3237.2 3705.2 4375.3 4401.6 4340.8 5226.6
 163.8 203.4 1436.3 2797.8 2936.2 3708.2 4046.7 4376.4 4451.4 4349.1
 60.8 1329.5 1755 2690 2745.2 3336.9 4203.6 4357.9 4430.9 4590.7
 298.8 767.9 794.5 2892.4 2965.6 3810.8 3868.9 4125.7 4198.8 4358.6
 59.9 69 74.7 3100.5 3200.5 3679.3 4012.1 4377.5 4448.5 5209.6
 772.1 1075.2 1087.8 2498.1 3309.7 3524.4 3744.7 4004.9 4072.5 5372
# name: collectedA
# type: matrix
# rows: 100
# columns: 10
 13 14 25 25 25 42 42 44 49 49
 25 30 31 38 44 44 49 49 49 49
 17 21 21 47 47 47 47 47 49 49
 15 29 35 38 38 46 46 46 46 46
 19 25 33 46 46 46 46 49 49 49
 5 32 32 39 46 47 47 47 47 49
 14 14 26 26 34 41 34 41 46 46
 5 14 14 19 19 29 45 45 47 47
 5 5 7 21 24 27 48 48 48 48
 4 4 4 5 35 36 42 42 49 49
 6 6 14 14 14 42 46 47 48 48
 5 5 10 10 25 32 39 40 40 46
 6 6 10 16 30 45 47 49 49 49
 7 7 12 26 26 42 44 48 48 49
 5 5 5 12 13 34 34 48 0 0
 8 8 20 31 40 45 45 46 46 46
 4 4 4 12 33 35 41 42 42 44
 6 6 6 13 13 39 39 46 46 46
 5 5 5 12 22 31 43 45 47 47
 3 5 5 5 31 36 36 45 48 49
 5 5 8 8 32 42 43 43 48 0
 3 3 3 3 5 37 40 44 44 44
 2 2 2 12 12 34 35 41 42 49
 5 5 5 8 18 38 38 48 48 48
 4 4 4 17 18 32 32 44 44 48
 6 6 6 12 26 38 39 47 48 48
 4 4 4 10 10 46 46 46 46 49
 8 8 9 9 14 41 41 41 48 48
 6 7 7 13 13 13 23 48 48 48
 6 6 6 16 19 39 39 48 48 49
 8 8 8 16 16 35 45 47 47 49
 2 2 2 2 2 37 46 48 48 48
 5 5 5 7 8 30 38 38 48 49
 5 5 5 8 11 37 40 40 46 46
 3 3 3 3 8 35 37 45 45 45
 3 3 7 11 11 42 42 42 45 45
 2 2 2 5 5 27 27 39 39 48
 3 3 3 4 7 31 32 47 48 49
 4 4 4 8 8 22 44 48 48 48
 3 3 3 11 14 38 39 49 49 49
 4 4 5 5 10 31 31 38 41 41
 6 6 6 11 19 31 40 43 45 49
 6 6 7 9 25 35 35 47 47 47
 3 3 5 9 9 38 46 47 47 0
 7 7 7 17 20 24 46 48 48 48
 3 4 4 4 6 42 43 48 48 49
 4 4 4 6 14 33 36 36 36 47
 3 3 3 3 7 30 45 45 49 0
 8 8 8 8 9 25 36 47 47 47
 4 9 9 13 16 30 48 48 46 46
 6 6 6 15 18 35 35 46 46 47
 7 7 7 8 8 33 41 41 41 47
 5 5 5 6 6 37 37 37 37 49
 4 4 4 4 7 33 43 49 49 49
 4 4 4 8 27 27 27 48 49 49
 7 7 7 9 12 36 37 37 47 47
 5 5 5 14 18 33 45 49 49 49
 8 8 8 9 9 39 40 48 48 49
 5 5 5 8 10 40 41 43 43 47
 3 7 7 10 15 40 44 46 46 48
 6 12 12 14 17 26 39 42 44 44
 4 4 4 6 9 31 31 31 49 49
 3 3 6 10 19 38 39 46 46 46
 3 3 3 3 3 34 34 34 45 47
 8 8 8 17 22 35 35 35 39 39
 3 3 3 3 9 34 39 42 42 46
 3 3 3 3 3 34 34 43 43 43
 5 5 5 11 12 31 34 42 45 45
 3 5 5 5 24 40 40 42 42 48
 2 2 2 3 5 33 33 39 39 48
 6 6 6 11 16 38 42 42 43 44
 5 5 5 8 25 41 41 47 47 47
 6 6 10 12 20 36 36 46 46 46
 9 9 14 15 16 36 39 46 46 46
 3 3 3 8 8 23 23 47 47 47
 3 3 4 4 18 27 27 48 48 48
 4 5 5 5 7 25 25 43 47 47
 5 5 5 15 35 37 42 45 45 48
 8 8 12 16 22 36 43 45 49 49
 3 3 3 6 6 40 40 44 48 48
 6 6 6 10 13 23 45 47 47 47
 6 6 6 10 12 39 45 45 45 45
 3 3 4 4 8 43 43 48 48 48
 4 4 4 4 32 39 39 43 43 47
 2 2 2 4 16 45 45 45 45 49
 6 6 8 8 15 34 42 47 47 47
 3 5 5 10 10 32 36 48 48 48
 8 13 13 14 14 29 48 48 48 48
 3 3 4 4 5 41 47 49 39 39
 2 2 2 3 5 38 38 46 47 47
 4 4 4 8 23 26 38 48 48 49
 3 4 4 7 24 38 44 48 47 47
 4 5 5 5 29 43 45 47 47 48
 8 8 9 9 13 43 43 43 43 43
 3 3 3 11 13 31 31 31 31 49
 8 10 10 10 15 39 42 46 46 46
 7 7 12 16 24 29 34 44 44 44
 4 7 7 9 20 33 33 41 41 41
 4 5 5 8 25 30 43 49 49 49
 3 5 5 7 15 40 46 46 46 48
# name: collectedB
# type: matrix
# rows: 100
# columns: 10
 59 81 81 161 208 279 286 286 286 298
 42 109 116 238 267 295 295 295 295 0
 40 130 133 264 270 297 297 298 297 298
 84 110 131 276 284 292 292 294 294 294
 104 161 220 290 290 292 299 299 299 299
 35 161 171 257 286 291 298 298 0 0
 81 88 238 266 288 293 299 299 299 299
 137 137 140 275 278 281 281 299 299 299
 88 134 215 265 280 283 299 0 0 0
 56 56 239 245 282 283 283 295 295 295
 81 118 118 240 284 294 294 0 0 0
 100 100 136 239 277 282 290 290 290 290
 90 191 236 247 283 290 295 295 298 298
 49 49 49 255 277 298 298 299 299 299
 54 75 149 277 283 292 293 293 293 294
 90 95 97 252 272 296 296 298 0 298
 147 161 169 225 226 295 295 295 295 295
 55 56 79 244 273 298 298 298 298 0
 125 156 189 194 279 283 297 0 298 0
 3 103 103 245 253 256 281 281 292 292
 88 88 161 244 261 298 298 298 295 299
 97 135 167 206 284 291 292 293 293 293
 6 6 86 252 253 282 284 299 299 0
 43 111 132 236 240 283 284 0 0 0
 36 136 151 216 262 289 289 289 0 0
 55 150 150 230 230 295 295 298 298 298
 2 2 2 207 237 272 272 296 296 299
 41 44 65 211 266 289 289 295 295 295
 34 34 79 210 275 279 286 295 295 295
 58 58 58 60 284 291 291 295 295 295
 37 37 40 205 261 289 298 298 298 298
 111 120 189 241 247 283 288 298 298 298
 58 58 62 229 265 275 275 296 296 293
 87 89 116 228 228 293 293 293 299 299
 35 85 86 248 258 279 289 294 294 295
 33 78 180 212 229 280 290 290 299 299
 46 59 69 233 233 250 284 296 298 298
 89 96 96 215 215 293 293 294 294 294
 44 44 110 250 250 272 272 293 295 295
 41 41 41 180 246 291 298 298 298 298
 11 11 40 266 273 288 288 0 0 0
 38 38 38 220 223 246 274 297 297 298
 27 27 27 211 215 284 296 296 296 299
 6 74 162 226 254 270 284 297 297 298
 25 97 97 254 255 281 284 296 290 299
 35 42 87 242 257 294 294 298 298 298
 36 36 136 245 258 288 289 298 298 0
 26 115 138 153 154 253 292 294 295 299
 34 34 47 206 224 283 293 297 298 298
 39 43 135 152 273 279 279 281 297 297
 7 59 60 175 246 283 294 296 297 0
 32 32 32 227 230 275 275 298 298 298
 35 78 106 248 270 285 285 290 290 299
 36 83 83 221 264 290 292 294 295 295
 3 27 27 179 184 297 297 298 298 298
 2 2 2 226 269 290 290 299 299 0
 43 43 43 205 246 286 286 298 298 298
 35 35 134 142 248 285 285 298 298 298
 24 35 35 247 260 292 294 295 298 0
 38 39 90 215 248 289 292 292 292 292
 45 137 149 241 242 281 290 283 283 295
 3 3 3 247 275 280 293 295 295 295
 37 59 117 209 209 285 295 295 295 295
 32 40 40 161 248 281 289 294 296 299
 46 60 69 215 242 295 295 295 295 295
 36 36 41 222 267 290 293 298 298 298
 3 3 136 234 241 278 293 295 290 296
 159 201 205 278 278 280 284 297 297 297
 67 68 68 215 223 260 268 294 294 297
 12 41 41 187 257 289 289 289 291 296
 88 89 189 203 251 269 291 298 298 299
 35 37 133 205 207 278 278 284 284 298
 13 66 67 190 227 261 298 298 298 298
 63 88 88 211 212 290 291 292 299 299
 21 71 71 106 235 267 292 292 292 299
 10 42 138 241 267 288 288 298 298 298
 38 38 52 224 267 275 288 296 299 299
 51 103 110 255 255 279 287 297 297 297
 12 66 69 218 218 277 292 296 296 299
 42 43 49 228 234 273 292 294 294 294
 34 36 36 42 256 275 277 294 294 294
 46 88 88 259 262 265 285 294 294 294
 3 3 38 173 258 281 295 295 295 295
 65 99 151 253 276 296 296 296 0 0
 3 142 142 146 253 270 291 292 293 293
 42 44 44 260 260 296 298 298 298 0
 2 2 2 205 248 295 296 297 297 297
 37 43 112 217 274 288 288 299 299 299
 66 131 131 266 267 297 297 298 298 298
 15 106 113 250 285 293 298 298 298 298
 19 44 44 182 255 283 286 295 298 298
 62 140 179 267 269 289 290 298 298 298
 88 150 157 256 257 282 282 292 292 296
 56 76 129 207 265 297 298 298 298 298
 25 37 37 245 269 285 298 298 295 298
 17 19 146 249 254 284 289 291 291 298
 5 149 191 262 263 281 295 295 295 295
 34 83 84 253 255 287 287 288 288 288
 5 5 5 269 272 287 292 294 294 298
 94 124 124 241 281 284 286 284 284 298
# name: avgRateA
# type: matrix
# rows: 100
# columns: 10
 0.04642857142857143 0.03685180310608055 0.03782720532607051 0.02197029615959223 0.01483063415791659 0.006359974560101759 0.003600267448439027 0.0008446724206775809 0.0004724271281154882 9.726655183920132e-05
 0.05616715344866322 0.04841052121994513 0.04285911793170193 0.02675867896626998 0.01923665457089144 0.006846437518477601 0.004076369535377065 0.0009391075028939844 0.0004792368202539173 9.755747927401308e-05
 0.05256648113790971 0.0421179302045728 0.03603294440631435 0.02434602434602435 0.01894702894461018 0.007098625585259024 0.004021596830639434 0.0009065518624818689 0.0004765201966764175 9.741759862836021e-05
 0.04515352197471403 0.04259694477085782 0.03785420722474583 0.02350321622958931 0.01747126436781609 0.006697046020353196 0.003854016555514595 0.0008864889449047121 0.0004511688214881902 9.161222377918746e-05
 0.04617253948967193 0.03648569760653823 0.03241650294695481 0.02076374469621739 0.01660410049090384 0.006650474207726116 0.003838483298425387 0.0009310774656451417 0.000477135937976223 9.744326763469592e-05
 0.03840245775729647 0.04147764095917045 0.0378922439313203 0.02395136031443837 0.01826919258111919 0.006955131999526459 0.00397513426650315 0.0009042252328860946 0.0004605720893313865 9.742679916976461e-05
 0.05693371289141928 0.04175365344467641 0.0378843071543057 0.02205258693808312 0.01460857609349489 0.005780835824262591 0.00298628067525076 0.0007862343783858416 0.0004472197997816401 9.14483651716118e-05
 0.0573394495412844 0.05208333333333333 0.04094764551038316 0.02014846235418876 0.01280841310502899 0.004794656438066266 0.003703978072449811 0.0008605111436193099 0.0004572073386641763 9.344744525620009e-05
 0.05875440658049354 0.03990422984836393 0.03203661327231121 0.02186133666458463 0.01527203308940503 0.004654851389559341 0.004113075294984619 0.0009273803244671911 0.0004713919122896781 9.562032991802748e-05
 0.05376344086021505 0.03481288076588337 0.02277904328018223 0.00794533608771651 0.01971053668975615 0.006034901849026872 0.003644156768153541 0.0008126840632655194 0.0004768939991162862 9.741165309762098e-05
 0.0683371298405467 0.04518072289156626 0.04603748766853009 0.01874163319946453 0.0109315218240025 0.006563525550867323 0.003862268158957523 0.000899091343854615 0.0004677674143474011 9.547036858324757e-05
 0.06675567423230974 0.04191114836546522 0.03961965134706814 0.01445295562942622 0.01597546169084287 0.005401299687737362 0.003404507917663285 0.0007696096539834995 0.0003919954528527469 9.158887585406627e-05
 0.0679501698754247 0.04487658937920718 0.03937007874015748 0.01968261778816583 0.01743071291615827 0.007001929420551441 0.004002282152376249 0.00093822820390571 0.0004790133498087856 9.753838981635513e-05
 0.06809338521400779 0.04694835680751174 0.04231311706629055 0.02686227916107036 0.01727115716753022 0.006805697340916825 0.003820704746357305 0.0009163907948544657 0.0004685354071231048 9.740185520717275e-05
 0.06544502617801047 0.04108463434675431 0.02771618625277162 0.01587301587301587 0.009867172675521821 0.005590450195665756 0.003045012448727364 0.0009224790856694797 0 0
 0.0699912510936133 0.04944375772558714 0.051440329218107 0.02939781887150308 0.02184240703325507 0.007230890363633442 0.003979941096871766 0.0008903668117706493 0.0004521693315167922 9.165334870452973e-05
 0.0589101620029455 0.03552397868561279 0.02347417840375587 0.0159701889805696 0.01805054151624549 0.005761696243374049 0.003480504927885636 0.0008052394245222246 0.0004106880589513374 8.744940108091435e-05
 0.0736196319018405 0.04651162790697674 0.03241491085899514 0.01816149762503493 0.01045184113201479 0.006398582467884038 0.003493653196692675 0.0008851566919770167 0.0004506940688660537 9.159226786039268e-05
 0.07278020378457059 0.04378283712784588 0.02955082742316785 0.01714040851306956 0.01543426406622702 0.005328932666357244 0.003782048462993096 0.0008699686811274794 0.000460062196493543 9.355745452858888e-05
 0.05893909626719057 0.04266211604095563 0.02896871378910777 0.008428860418071477 0.01993184594611972 0.006209037599172128 0.003314581395991198 0.0008721775365830022 0.000469842015622247 9.746528594823082e-05
 0.07363770250368187 0.04409171075837742 0.03857280617164899 0.01261034047919294 0.02021861376129399 0.006881523110448446 0.003827223127108311 0.0008365856410775223 0.000470472923303112 0
 0.05988023952095808 0.0310880829015544 0.01996007984031936 0.005314437555358724 0.004457122481725798 0.006115702479338843 0.003558307313211106 0.0008490291159098408 0.0004318327472512373 8.764058595699039e-05
 0.03992015968063872 0.02219755826859046 0.01427551748750892 0.01729605073508216 0.009846557807499795 0.005688282138794084 0.003153437246598793 0.0007929631291485509 0.0004115867551382196 9.741204040651435e-05
 0.07072135785007072 0.0427715996578272 0.02903600464576074 0.01247271593389461 0.01336203696830228 0.006368466037640986 0.003445180826662073 0.0009281621808717377 0.0004715169387548613 9.56195870349402e-05
 0.06389776357827476 0.03703703703703703 0.02457002457002457 0.02158456069070594 0.01342882721575649 0.005424648245465333 0.002919175332968436 0.0008486295596962677 0.0004316590521355841 9.549369244266897e-05
 0.07772020725388601 0.04838709677419355 0.03335186214563646 0.01712817584927205 0.0174942807159198 0.006457313757476889 0.003532704693062311 0.0009025184104154465 0.0004688287485788629 9.550826614094672e-05
 0.06557377049180328 0.03787878787878788 0.02496878901373284 0.01486104919007282 0.008354916868577157 0.007251974586558622 0.004033318719859711 0.0008920623900678549 0.0004525122793141881 9.74260436914052e-05
 0.08359456635318704 0.05610098176718093 0.04227336777829967 0.01410658307210031 0.01120179228676588 0.006724508372832986 0.003674328986870995 0.0007989274885616967 0.0004704872189206436 9.557815624957687e-05
 0.07290400972053464 0.05017921146953405 0.03565970453387671 0.01837715578173594 0.01054253507420323 0.002439161678893746 0.002132868429837902 0.0009259366427852174 0.0004709285042231495 9.559643011064491e-05
 0.0718562874251497 0.0462962962962963 0.0322754168908015 0.02092050209205021 0.01399837913504752 0.006359144939588123 0.003484102664891859 0.0009171805106784651 0.0004686607530792476 9.74248039574353e-05
 0.08 0.05423728813559322 0.03908158280410357 0.0216157795190489 0.01263823064770932 0.00601137007711729 0.003987629487190848 0.0009088201966918945 0.0004617671534216455 9.746544104206072e-05
 0.03992015968063872 0.02219755826859046 0.01427551748750892 0.003688675765400221 0.001903311762466692 0.006119242537004878 0.003971303019053621 0.0009220095197482915 0.0004698852501062136 9.555404925214026e-05
 0.07363770250368187 0.04420866489832007 0.02983293556085919 0.01135626216742375 0.006932409012131715 0.005118056503343796 0.003356267830172848 0.0007381464365980773 0.0004685472983855617 9.740716053952435e-05
 0.07072135785007072 0.04306632213608958 0.02925687536571094 0.01268431901062312 0.009123330845152194 0.006226650062266501 0.003584036700535813 0.0007794414522553138 0.0004508941917966663 9.159759345244472e-05
 0.05988023952095808 0.03115264797507788 0.02004008016032064 0.005341880341880342 0.006888238333046323 0.005886805146749643 0.003335015863859244 0.0008694207339456631 0.0004418422662384397 8.963741664965215e-05
 0.05988023952095808 0.03144654088050314 0.03530005042864347 0.01620029455081002 0.009159034138218152 0.006849985321460026 0.003753686656537671 0.0008179831651274301 0.0004419941597838354 8.96438807194539e-05
 0.03992015968063872 0.02219755826859046 0.01427551748750892 0.008431703204047217 0.004510599909788002 0.00457355805877869 0.002463368793679178 0.0007548294569292375 0.0003833500270802391 9.537902531776615e-05
 0.05988023952095808 0.03184713375796178 0.0203804347826087 0.006975933031042902 0.006121556624398776 0.005430593511316657 0.002952492549569582 0.00090666903300854 0.0004696696167789471 9.759496139123411e-05
 0.06956521739130435 0.03933136676499508 0.02582311168495804 0.01269639739723853 0.006961970237577235 0.003985868285170759 0.003905903240124279 0.0009276903987909101 0.0004713849683190019 9.560716926293245e-05
 0.05988023952095808 0.03329633740288569 0.02141327623126339 0.01632047477744807 0.01118032263216739 0.006414801309969951 0.003528836931540564 0.0009441687942579123 0.0004804694088069062 9.757861650249563e-05
 0.06622516556291391 0.03813155386081982 0.02925687536571094 0.008523695874531197 0.008422471153036301 0.005362486810012283 0.002860464687102072 0.0007406468965920497 0.0004030454507473544 8.168941683718502e-05
 0.07407407407407407 0.04709576138147566 0.03296703296703297 0.01651403693139168 0.0143298891319104 0.005363507387798886 0.003574300777410419 0.0008325830404770895 0.000441184688734398 9.744229874734942e-05
 0.07722007722007722 0.04850444624090541 0.03668763102725367 0.01408230323892974 0.01755371436595984 0.005993663841082284 0.00321207004148159 0.000907542644849599 0.0004613650909576369 9.36165466250239e-05
 0.05988023952095808 0.03329633740288569 0.0286697247706422 0.01382276148057134 0.007676560900716479 0.00635366506153023 0.004047086977177948 0.0009101929996475422 0.0004620635956805902 0
 0.09067357512953368 0.05677210056772101 0.03937007874015748 0.02299161482282932 0.01520103367028958 0.004348298728122623 0.004042960853592083 0.0009260831313957616 0.000470999667356485 9.560107583077335e-05
 0.05928853754940711 0.03784295175023652 0.02515723270440252 0.006979584714709474 0.005324341112787292 0.006844515424604404 0.003816997177197436 0.0009231710155073498 0.0004702503005193326 9.750527772189464e-05
 0.066006600660066 0.03795066413662239 0.02522068095838588 0.009920634920634922 0.01120448179271709 0.005647687015454125 0.003255914912090298 0.0007029465174857946 0.0003554095305040102 9.349856718419118e-05
 0.05859375 0.03167898627243928 0.02036659877800407 0.005374417771408097 0.006142506142506143 0.005295301302644121 0.003930783274080415 0.0008720609124857805 0.0004788462346561542 0
 0.0881057268722467 0.0582665695557174 0.04166666666666666 0.0130954329677525 0.007851347814708191 0.004415322936719592 0.003236886115556835 0.0009026952174439128 0.0004601396670742656 9.355389759470939e-05
 0.0686106346483705 0.05829015544041451 0.04291845493562232 0.019058789033866 0.01270849880857824 0.005316415318364671 0.004197124969395964 0.0009304110672396449 0.0004522626899011707 9.16449308797993e-05
 0.0749063670411985 0.04758128469468676 0.03325942350332594 0.02066400330624053 0.01386001386001386 0.006045322647505872 0.003227234168111238 0.0008872087640796173 0.0004513250806253011 9.350939361545714e-05
 0.09345794392523364 0.05794701986754967 0.04004576659038901 0.0131578947368421 0.007109847138286526 0.005730061988852424 0.003690435471385624 0.0007997846433545698 0.0004045862316344988 9.356872304175594e-05
 0.07320644216691069 0.04397537379067722 0.02985074626865672 0.01000667111407605 0.005375862377923125 0.00617253057070884 0.003348325384831181 0.0007225899185035749 0.0003653267403376014 9.740915502925456e-05
 0.06622516556291391 0.03805899143672693 0.02523659305993691 0.006993006993006993 0.006133356698501709 0.005641314939227653 0.003782048462993096 0.0009454002419452864 0.0004808418854497245 9.758347469660501e-05
 0.06666666666666667 0.03816793893129771 0.02530044275774826 0.01266624445851805 0.01849315068493151 0.004859698698680682 0.002544289483603468 0.0009281352602452598 0.0004803257588901926 9.757348677461082e-05
 0.08464328899637243 0.05409582689335394 0.03806416530723219 0.01430842607313196 0.0099676052828308 0.006148906007139563 0.003375604415655506 0.0007238367259104203 0.00046083130044632 9.359557352679074e-05
 0.07194244604316546 0.04340277777777778 0.02956830277942046 0.01964085297418631 0.01383657467906834 0.005700663349917081 0.003947957151505049 0.0009437596302003081 0.0004804086414729917 9.757696482669036e-05
 0.0814663951120163 0.05471956224350206 0.03974167908594138 0.01410879448189372 0.007772691942309353 0.006425147037018732 0.003577849533537867 0.0009233841258726461 0.0004703152680013169 9.751354393472722e-05
 0.07278020378457059 0.04363001745200698 0.02969121140142518 0.0126883425852498 0.008392782207301721 0.00655361677725895 0.003651097555545661 0.0008339814468220457 0.000423076771707774 9.346164224832122e-05
 0.05988023952095808 0.05072463768115942 0.03626943005181347 0.01516530178950561 0.01183151916706105 0.00649045092407795 0.00384618746667366 0.0008861303266546076 0.0004510343394013793 9.549927818462239e-05
 0.07712082262210797 0.0644468313641246 0.04944375772558714 0.02010627603044665 0.01327502733093862 0.004623208506703652 0.003475223439045472 0.0008125252705032047 0.0004309956391077607 8.76048670078478e-05
 0.06430868167202572 0.03710575139146568 0.02479851208927464 0.00987491770901909 0.007603277857565261 0.005376437329818415 0.002864349931163203 0.0006080839862063012 0.0004765938904553806 9.741959354557418e-05
 0.05988023952095808 0.03329633740288569 0.0322061191626409 0.01507613447911955 0.01410018552875696 0.006404746254066171 0.003531904874028726 0.0008874552413878257 0.000451378667451673 9.161963193605428e-05
 0.05988023952095808 0.03134796238244514 0.0202020202020202 0.00536097212294496 0.002799552071668533 0.005664117813650524 0.003074224436467535 0.0006638433798218948 0.0004399433352984136 9.345742358165435e-05
 0.0825593395252838 0.05486968449931413 0.03976143141153082 0.02268481451828129 0.01608187134502924 0.005998080614203455 0.003213308606158535 0.0006856104087413368 0.0003834114575140781 7.77081592371689e-05
 0.05825242718446602 0.03118503118503118 0.02010723860589813 0.005352363960749331 0.007569386038687973 0.005741497517646662 0.003491964005909478 0.0008148804938951869 0.0004133044676244834 9.155866890414822e-05
 0.0594059405940594 0.03154574132492114 0.02027027027027027 0.005362888809438684 0.002799552071668533 0.005881233675252114 0.003137052278053551 0.0008330863135543143 0.0004228375546615874 8.568135105542488e-05
 0.07267441860465117 0.04332755632582322 0.02953337271116361 0.01624095673999705 0.009814345301382187 0.00542584100535583 0.003099700970024068 0.0008153439975151421 0.0004408078342327446 8.959635052162995e-05
 0.05988023952095808 0.04212299915754002 0.02895193977996526 0.008488964346349746 0.01669681369138723 0.006731287022078622 0.003636595056049022 0.0008182700213139858 0.0004138452928053981 9.543263390490855e-05
 0.03992015968063872 0.02219755826859046 0.01427551748750892 0.005294740557712672 0.004453549478934711 0.005634091374718295 0.003023556251889723 0.0007570316594522196 0.0003838658241303962 9.562880722188752e-05
 0.07843137254901961 0.048348106365834 0.0335946248600224 0.01649175412293853 0.01245136186770428 0.006372631225893007 0.003720765414599575 0.0008165042730390289 0.0004227469309064382 8.758840456924819e-05
 0.0728862973760933 0.04329004329004329 0.02949852507374631 0.01263623440214816 0.01749965000699986 0.006806786864561543 0.003700093856039275 0.0009100414359292104 0.0004620181740255348 9.364549561181193e-05
 0.07947019867549669 0.0487408610885459 0.04409171075837742 0.01753104455807158 0.01472645607834475 0.006062443164595332 0.003274007111871004 0.0008901445517348144 0.0004520449136102862 9.164719495828858e-05
 0.08595988538681948 0.05806451612903226 0.05204460966542751 0.02103196859226024 0.01268934887778571 0.006210644354351764 0.003551071695226995 0.0008888974772703117 0.0004517217472597184 9.163386771814538e-05
 0.05988023952095808 0.03329633740288569 0.02009377093101139 0.01250390747108471 0.006887052341597796 0.004111401093990204 0.002159239196763019 0.0009049913159343939 0.0004607075291373006 9.359154776723425e-05
 0.05988023952095808 0.03329633740288569 0.02466091245376079 0.006924009001211701 0.01320713185119965 0.004662085160755603 0.002488662758544409 0.0009220856809698804 0.0004699491965337331 9.556021278870383e-05
 0.06791171477079797 0.04291845493562232 0.02929115407147042 0.008503401360544218 0.006117811571403601 0.0043594259507908 0.0023163805164602 0.0008340040924386861 0.0004581816622050822 9.348804079102022e-05
 0.07396449704142012 0.04355400696864112 0.02958579881656805 0.02046663937781416 0.02174858634188778 0.006413034058410608 0.003781909864481563 0.0008719916288803627 0.0004425183423852919 9.552212192841651e-05
 0.08350730688935282 0.05471956224350206 0.04778972520908005 0.02157206417689092 0.01585014409221902 0.00601413321305067 0.003777065308094339 0.0008705880532103419 0.0004789805729389661 9.7519637768281e-05
 0.0597609561752988 0.03138075313807531 0.02017484868863484 0.009767214715936839 0.005289139633286318 0.006445894770767867 0.003551735466742437 0.0008497817605933022 0.0004686113386371025 9.550475056546771e-05
 0.08645533141210374 0.05132591958939264 0.03492433061699651 0.01532567049808429 0.01053484602917342 0.004104357757236161 0.003927969763361644 0.0009065728460214954 0.0004611070886875715 9.360895793910518e-05
 0.07802340702210663 0.04777070063694268 0.03313086692435119 0.01517911353976928 0.009830425165888425 0.006536933675265248 0.003972597902468307 0.0008741717222931272 0.000443079104389437 8.969072843022689e-05
 0.05988023952095808 0.0308641975308642 0.02437538086532602 0.006894174422612891 0.006800986142990734 0.00689887532288341 0.003808815192743764 0.0009257812726020818 0.0004708984742889433 9.559945739341308e-05
 0.06535947712418301 0.03703703703703703 0.02460024600246002 0.006916825177243646 0.01984742293617813 0.006469056347139516 0.00351814097822361 0.0008323864131307989 0.0004226397291174201 9.344926609519458e-05
 0.03992015968063872 0.02219755826859046 0.01427551748750892 0.006865774116031583 0.01202917073904218 0.007330661714397419 0.004019508012219304 0.0008764241893076249 0.0004436679707218577 9.750671353622026e-05
 0.07957559681697612 0.048348106365834 0.03889158969372873 0.01272264631043257 0.01164054012106162 0.005823812541751597 0.003729819014972559 0.0009077196729891595 0.000461746285152892 9.363542112431038e-05
 0.05988023952095808 0.04187604690117253 0.02862049227246709 0.01489203276247208 0.008360504974500461 0.005453399001346308 0.003240382365119084 0.0009167093191141533 0.0004685582754712672 9.550266034598226e-05
 0.0857449088960343 0.06458022851465474 0.04996156802459647 0.01979638009049774 0.01134981759221727 0.005045584243858306 0.004156923876331515 0.000928456614963239 0.0004716068135394386 9.562863575590551e-05
 0.05988023952095808 0.03329633740288569 0.02430133657351154 0.006877579092159559 0.00446149727848666 0.006497005039140493 0.00402621321797233 0.0009413355822929015 0.0003836871945874526 7.77081592371689e-05
 0.03992015968063872 0.02219755826859046 0.01427551748750892 0.005278901988386416 0.004431838326537848 0.006184191254251631 0.003392251383681486 0.0008837673079102938 0.0004590534123295886 9.352424218003019e-05
 0.06589785831960461 0.03703703703703703 0.02457002457002457 0.01237815256073031 0.01609404520327479 0.004621564932987308 0.003385964286987205 0.0009222132349126876 0.0004700085580724949 9.747709387760299e-05
 0.05988023952095808 0.03597122302158273 0.02405291641611545 0.01097006738755681 0.01589930440543226 0.006245993523890925 0.003851304629443224 0.0009250479868643186 0.0004602171637501628 9.356935639413165e-05
 0.07797270955165693 0.04574565416285453 0.03045066991473813 0.008596973865199449 0.01795554454832518 0.006982333073525591 0.003965526357531857 0.0009082090503998053 0.0004615735139296994 9.556040303396316e-05
 0.08611410118406888 0.05559416261292564 0.04191895668374476 0.01406030307764412 0.01043338683788122 0.006988233764545278 0.003835552899410395 0.0008371475462816047 0.0004236757914608637 8.571677463325679e-05
 0.05988023952095808 0.03051881993896236 0.01968503937007874 0.01581595974119339 0.0102612676612203 0.005377183396645331 0.002864296999879884 0.0006081185791995983 0.000306773054242424 9.757111640074887e-05
 0.0814663951120163 0.05711022272986865 0.04278990158322636 0.01510574018126888 0.01166044776119403 0.006545051773037744 0.003751674854845913 0.0008904357521568871 0.0004521537755331728 9.16449308797993e-05
 0.07972665148063782 0.0505050505050505 0.04613610149942329 0.02106649111257406 0.01653575857792476 0.005048834415640941 0.003079514885831514 0.0008461538461538462 0.0004310640424010267 8.760877425767493e-05
 0.07984031936127745 0.04922644163150493 0.03512293025589563 0.01371533069186224 0.01429592566118656 0.005627366051635347 0.003021341658808127 0.0007914996795391541 0.0004024595184620942 8.166788936112405e-05
 0.066006600660066 0.04152823920265781 0.02837684449489217 0.01229823212913144 0.01647555028337946 0.005168314784825828 0.003796440175165984 0.0009449517399647089 0.0004807329116618937 9.7592551099161e-05
 0.05988023952095808 0.04045307443365696 0.02783964365256125 0.011001100110011 0.01131136415051655 0.006534452902930703 0.003999130623777439 0.0008905202186807911 0.0004521848885708303 9.552609504249419e-05
# name: avgRateB
# type: matrix
# rows: 100
# columns: 10
 0.1280381944444444 0.1190826227580123 0.1094151019856815 0.08357124318712691 0.07159329501256324 0.03482667798429678 0.02156472433345398 0.005355644774688399 0.002764150323386258 0.0005908605765331989
 0.1197604790419162 0.1136956294982789 0.1059167275383492 0.08243566208305912 0.06928586257006436 0.03377179425536055 0.02138595486476102 0.005479136562371148 0.002839096378179186 0
 0.1027221366204417 0.1044176706827309 0.09835823103091258 0.07918416316736653 0.06725284579171545 0.03365896779165439 0.02138644660949213 0.00549677571679431 0.002857530458676935 0.000590960173448794
 0.125748502994012 0.1144164759725401 0.1033367515973811 0.07825347320669124 0.06677168316366115 0.03286918738813782 0.02093505115465411 0.005430145062446668 0.00282129405273133 0.0005829111853518781
 0.1119603832490042 0.0983206106870229 0.09071416790367805 0.07367886178861789 0.06475526973919257 0.03327483647469062 0.02093104655232762 0.005492032878725261 0.002860934654912914 0.0005927335622989736
 0.09845288326300984 0.103443844769982 0.09736377612025281 0.07628376372810923 0.06325474410580795 0.03314728328966852 0.02158904030195678 0.005522466059071855 0 0
 0.1089295320064551 0.09859943977591036 0.09206607094503114 0.07727391569590099 0.06451612903225806 0.03339183552526611 0.02098628521695187 0.005496212392764117 0.002862098540425467 0.0005924489899438224
 0.1090503860542864 0.1040954334776993 0.09745910198398886 0.07754779764254696 0.06682049802903567 0.03342969651545975 0.02086210224657372 0.005468248496231664 0.002854494301035542 0.000592122473899578
 0.1200709510165098 0.1084142394822006 0.09763851044504995 0.08087898672363802 0.06755615605472048 0.03379709798769929 0.02098054212598149 0 0 0
 0.1181933305192064 0.10727969348659 0.09722561223659588 0.08097567424643046 0.06569904247140228 0.03339942406646839 0.02085375109611147 0.005403712258733407 0.002818650869482133 0.0005843013093301035
 0.1112943116240726 0.09881919437233064 0.09324377716317661 0.07643312101910828 0.06335467463805296 0.03270045713904367 0.02086852827188711 0 0 0
 0.1123216893182074 0.1058761249338274 0.09474050853361198 0.07303284950343773 0.06139184397163121 0.03214114750735143 0.02039739757341305 0.005330529597306061 0.002775876674499744 0.0005749344822506821
 0.1254880089235917 0.1088195077484047 0.1035723689985079 0.08502289077828647 0.06920330610847557 0.03441809679793017 0.02111879501166903 0.005447347234224851 0.002843796372728184 0.0005900782111046383
 0.1182432432432432 0.1047680136839855 0.0915716688469445 0.07415161825002181 0.06381753254233383 0.03290854076020938 0.02108241952599929 0.005490157194768376 0.002865963946365258 0.0005926831579268696
 0.108346709470305 0.1011736139214893 0.09419053037486566 0.07649186756137298 0.0657634838379848 0.03320332488088876 0.02100117549241664 0.005412934882208625 0.002811101644830259 0.0005825383534137342
 0.1225156547781105 0.1127195064072141 0.1034777042884574 0.07987321711568938 0.0670561842072825 0.03353081776680222 0.02128286801026755 0.00548914144670191 0 0.0005909102536214569
 0.1145127366207058 0.1086296471223264 0.1028481012658228 0.07987787560352172 0.06688765242097786 0.03243683064675742 0.02081246207898858 0.005448353304472451 0.002830816944982353 0.0005848907453827832
 0.1003100492431151 0.09141364675155077 0.08453718566078117 0.07222995174802405 0.06095382691792444 0.03134037966030394 0.02042886914555226 0.005441610424518655 0.002841732655894783 0
 0.1147947469923776 0.109373904508168 0.1018977787362519 0.08145442331108033 0.06618117987522831 0.03352881938273799 0.02110529195653873 0 0.002863534331662618 0
 0.05576208178438662 0.09770442041358375 0.09190684393682519 0.07719696253584145 0.06461499169965522 0.03153641470385336 0.02033991545544038 0.00520508208655255 0.002778002406967839 0.0005778688119056808
 0.1287114231388036 0.118967148844126 0.1088499763369617 0.08143376831425424 0.06732530244795831 0.03330278715272345 0.02125110534272756 0.005498834726802022 0.002816092008885486 0.0005908264219156688
 0.1210230817217717 0.1109102859020703 0.1036237279722015 0.07996583983541011 0.06487424903488133 0.03293680886464216 0.02082263677334702 0.005391410911994877 0.002810956012855567 0.0005808967062561981
 0.07434944237918216 0.046875 0.0905167877065572 0.07800650054171181 0.06686223208858585 0.03326295426933557 0.02077663652591227 0.005463292702758506 0.002852324024009127 0
 0.1196105702364395 0.1093811588490343 0.1023493835775762 0.08158185840707964 0.06848533272457481 0.0329092727399586 0.02065334380545132 0 0 0
 0.1251303441084463 0.1185495118549512 0.1100743548622248 0.08550730374886188 0.06957722540896537 0.03397082505612827 0.02129446785935335 0.005391358529073227 0 0
 0.1130756578947369 0.1075731497418244 0.1030290541932825 0.08241659798616835 0.06927502183669167 0.03303101556376666 0.02107835431641825 0.005478343995882051 0.002856501992841491 0.0005907062090953295
 0.03992015968063872 0.02219755826859046 0.01427551748750892 0.07730803704810278 0.06483558570881436 0.03147601689521495 0.01984735052464136 0.0053819649626808 0.002816732533165598 0.0005909707574229089
 0.1207302709069493 0.1039943275821319 0.09111298009531819 0.07478821819728493 0.06315289648622982 0.03253844941340719 0.02072442254874542 0.005416352242828841 0.002821557078665011 0.0005844461253599297
 0.115606936416185 0.09784172661870504 0.09635321380656178 0.07952738014087708 0.06690834772876572 0.03358936697888324 0.02091575922012008 0.005411007272760623 0.002820159840923865 0.0005846070004211152
 0.1186094069529652 0.1067353698932646 0.09588361712679783 0.05601194921583271 0.06871189393206233 0.03457001318649987 0.02158753709198813 0.005467884058615717 0.002835565099288033 0.0005850540699038468
 0.1167560744714421 0.09975734699379887 0.08519701810436635 0.07522107657872527 0.06406322868854471 0.03243910652149512 0.02086104305215261 0.005473182324927039 0.002850809850026356 0.0005904230995706951
 0.136279926335175 0.1254180602006689 0.1147401651287032 0.086056061417604 0.07158382843066222 0.03462663191767916 0.0213637172868079 0.005501494449582865 0.002858891632657368 0.0005907952123383416
 0.1136586321771507 0.1027094032229502 0.09204275534441805 0.08251954884508667 0.06863151351911323 0.03356359997070813 0.02074594888198195 0.005398504468356739 0.002821388027592412 0.0005807169852979504
 0.1135621981464561 0.1056379821958457 0.1004415966750368 0.07972864286463616 0.06727846793944937 0.03346353274400968 0.0212036125745383 0.005427956383684267 0.002851994822532476 0.0005920479055859819
 0.1154353562005277 0.101419878296146 0.09418464571240828 0.07789189358962278 0.06597959235864255 0.03274302010351019 0.02071357922048136 0.00538054548482558 0.002807213201158787 0.0005838347055098163
 0.1206581352833638 0.1019874476987448 0.1048462255358807 0.08289345063538613 0.06824209553893376 0.03235348493251988 0.02036602665842662 0.00533091175135157 0.002828169323159491 0.0005910173662249981
 0.1127727384162785 0.1018294787711426 0.09176752227689852 0.07898037354665943 0.06696749346132842 0.03124062781165651 0.02047333780286482 0.00541577013715072 0.002831873208103719 0.0005896159918102734
 0.1150465356773526 0.1063476237952808 0.09950248756218906 0.08181748991551868 0.06810478634103076 0.03334812943171601 0.0211605820965587 0.005429733887634058 0.002820655255485167 0.0005828562932124005
 0.1147925906600574 0.1009869176038559 0.09636443276390715 0.0777580790644148 0.06677172084078951 0.03247257142174946 0.02024291497975709 0.00537520982581018 0.002811695509579304 0.0005840428794383052
 0.1258054617980976 0.1083509513742072 0.093139482053612 0.08327550312283137 0.06937198612560277 0.03369654581456479 0.02134379991261934 0.005506343381486122 0.002853214557904936 0.0005905453686479464
 0.0889967637540453 0.06384213580963435 0.08164931618697693 0.07669021190716448 0.0662621359223301 0.03326441746843923 0.02099492622616201 0 0 0
 0.1163502755664421 0.1002638522427441 0.08650125199180514 0.07628294036061026 0.06434115237023573 0.03045760697305864 0.02000598719324762 0.005389867049946102 0.002823368364014887 0.0005893387046216614
 0.1064668769716088 0.08835078534031413 0.07385120350109409 0.07593478964983626 0.06366974650556739 0.03198522372763005 0.02076420699669597 0.005439946482688657 0.002832560280423467 0.0005915848538449058
 0.07884362680683311 0.1107287146491097 0.1062922380421232 0.08547331795317878 0.07110265095316742 0.03357540787902905 0.02093422672357238 0.005389593185521775 0.002823848877496301 0.0005893666780386747
 0.1039068994181214 0.1001962607168681 0.0943304483127492 0.08372062361976333 0.07121711445009217 0.03343924410648198 0.02091742038122735 0.00544155657931988 0.00278480915414783 0.0005919282369170002
 0.1174496644295302 0.09898656610888522 0.09805026484841654 0.08282565541789308 0.06981419102466588 0.03418127703111194 0.02152553045057182 0.005500275936661923 0.002858052611185919 0.0005909114253517261
 0.1163918525703201 0.09958506224066389 0.1077996195307546 0.08393572921305971 0.07068493150684932 0.03458919327912759 0.02151386117976357 0.005510079933139433 0.002860735919515403 0
 0.105050505050505 0.1099006116207951 0.1051508686376105 0.07911474223072547 0.06216445323537722 0.03154416806932236 0.02069483621312846 0.005405246398340921 0.002818330421058565 0.0005909297617722991
 0.1182197496522948 0.09997059688326962 0.08619108747478453 0.07560742861337444 0.0642478129929729 0.03271335930365627 0.02077557416454538 0.005423221247340887 0.002836058677863706 0.0005899632599390001
 0.1178247734138973 0.100820633059789 0.1042471042471042 0.07893643539675946 0.06891329042029534 0.0341706573258705 0.02110199296600234 0.005238295857458699 0.002832250657044007 0.0005880745607261236
 0.07838745800671892 0.0949927547898889 0.08675534991324464 0.0745093030186912 0.06472662211229806 0.03278270741144036 0.02089893870355495 0.005442567126526815 0.002836876722901141 0
 0.1090289608177172 0.09261939218523878 0.07928642220019821 0.07983119395111658 0.06714936354081513 0.03297006318263018 0.02052729009912815 0.005434366349236453 0.002840427093480553 0.0005901390926155974
 0.1221640488656195 0.1094583216390682 0.1010486177311725 0.0822963331674133 0.06944444444444445 0.03390959820100658 0.0211733765220686 0.005365690296056587 0.002785138118840883 0.0005919428852325692
 0.1196808510638298 0.1076384385942161 0.1000602772754672 0.08035779216057015 0.06871778853662346 0.03346372647442333 0.02111947693131107 0.005426076171774068 0.002823804190716863 0.0005845749109959928
 0.05825242718446602 0.08937437934458788 0.075 0.07573834306507574 0.06193617880705533 0.03303082877352195 0.02114285307496815 0.00548954591507783 0.002858247242223026 0.0005907808060470578
 0.03992015968063872 0.02219755826859046 0.01427551748750892 0.08590869350363022 0.0712375201927915 0.0346865057531756 0.02161581979860019 0.005522310874704492 0.002868980657888929 0
 0.1251455180442375 0.1083123425692695 0.09431892958982234 0.08566294764113493 0.06958587915818058 0.03406343421350388 0.0212603049292686 0.005487493854191027 0.002854958526458184 0.0005906234367307527
 0.1070663811563169 0.09203260583749671 0.09618145277060006 0.07336984602666115 0.06704333486523749 0.03323460130139702 0.02090745699299417 0.005474811275171731 0.002851527289498916 0.0005904769151266712
 0.09991673605328893 0.08885503935008886 0.07734806629834254 0.0754705450989978 0.06534469325693031 0.03299807887896938 0.02097034194496355 0.005428392147048703 0.002858228052069626 0
 0.1178294573643411 0.1006451612903226 0.1002450434395188 0.08058168734305311 0.0687723579490308 0.03411841095566968 0.0213550198923473 0.005424766660721717 0.002813080438686407 0.0005794126739775846
 0.1241379310344828 0.1114274095160634 0.1061858608893957 0.08601920262697649 0.07225606114893109 0.03319355029236312 0.02094044249321241 0.005287436639507054 0.002731950303603665 0.0005846088540695415
 0.05988023952095808 0.03118503118503118 0.02013422818791946 0.08662107662633702 0.07307028032416633 0.03515821195379206 0.02187644660803082 0.005503022931749458 0.002845490813405252 0.0005855141419528425
 0.1153726223885251 0.09971269224269054 0.09449963653985947 0.08026421905603133 0.06675823298303894 0.03327456772250178 0.02114771138750493 0.005452300686065768 0.002831583190954291 0.0005849106920683136
 0.1142449125312388 0.09720534629404617 0.08507018290089324 0.07338529559232417 0.06384512408608795 0.03211391869807202 0.02046452343860643 0.005371746804358789 0.002816317132532459 0.0005908425335485923
 0.1149138146390207 0.09902624195411784 0.09014894172981448 0.07857325585644849 0.06537183608417299 0.0326688815060908 0.02094144204899587 0.005438389499299462 0.002827813026919822 0.0005847524316781206
 0.1184210526315789 0.1003344481605351 0.08602601762484263 0.07583003142505806 0.06430635838150289 0.03273100755070484 0.02081986200623885 0.005436547463978312 0.002841052638603804 0.0005900328794832104
 0.05736137667304016 0.0308641975308642 0.09997794604131442 0.08112605741228678 0.06819082111934809 0.03358583112850809 0.02107853011424132 0.005430750566546945 0.002778903712902833 0.0005858713173237398
 0.129289315335827 0.1237151474118299 0.1183124603220407 0.0921231401398416 0.07839598432080314 0.03620798903415189 0.02190918488574823 0.005522971470226162 0.002863059019503505 0.0005894107301727291
 0.1138487680543755 0.1035480432465357 0.09497206703910614 0.08104338648271703 0.06761263719604634 0.0317127314419535 0.01963916694757515 0.005319957440340478 0.002790901660586488 0.0005869313509677549
 0.09331259720062209 0.09785202863961814 0.08570234113712374 0.07951694518858698 0.06560306317804722 0.03293484826037904 0.02089342905271072 0.005353348806795975 0.002789317393646491 0.0005856294061935454
 0.1260383844170725 0.1161576611850692 0.1087206626783249 0.08654871029631209 0.07064253750246265 0.0333983089778131 0.02117071893142433 0.005455757105299774 0.002846240908504816 0.0005926831579268696
 0.1108647450110865 0.09362348178137653 0.1027979594991498 0.08172214470799283 0.06740255934355768 0.03282211124098278 0.02055148961336586 0.005261227348007959 0.002729249773443439 0.0005898381962985476
 0.09544787077826726 0.1033025512599781 0.09429978888106967 0.08247601684247081 0.06717168728176599 0.03244372071052991 0.02132211418063694 0.005505427834556351 0.002859711936802286 0.0005908318754193321
 0.1263791374122367 0.1144492131616595 0.1063058709833293 0.08180831265508685 0.06777710284855654 0.03388959005282102 0.02125033774162218 0.005411395806538894 0.002829022936847503 0.0005910690066146354
 0.1083032490974729 0.1039988281822177 0.09571313022378 0.07025450689289502 0.06531950968674431 0.03243243243243243 0.02051498226016089 0.005369236115835753 0.002798258946283011 0.0005916840098682603
 0.09009009009009009 0.09569377990430622 0.09952401557767201 0.08084535390808453 0.0681992337164751 0.03388035997882478 0.02124301119683715 0.005458575275218434 0.002846983248656281 0.0005902872004738144
 0.115606936416185 0.09880395215808632 0.08824028508399798 0.08087810514153669 0.068921011874032 0.03367993043563459 0.02119252080619881 0.00547436480723208 0.00284828636042349 0.0005919056213415432
 0.1196902135648909 0.1077631303620004 0.1002369236376891 0.08569124269104106 0.07275320970042796 0.03452286675905761 0.02117424857239822 0.005466703724905161 0.002849462056102742 0.0005888151294957126
 0.09202453987730061 0.09343148357870895 0.08629314657328664 0.07759663985192568 0.06529683100700892 0.03227084207092595 0.02046064479059371 0.005402495003604705 0.002825770261059167 0.0005917938578131139
 0.1125100455397803 0.09741730856366108 0.08521739130434783 0.07682199535024765 0.06514476614699331 0.03230195823226646 0.02060706144715206 0.005398061104582844 0.002812129652568077 0.0005825101909563509
 0.1195919803024974 0.09942004971002485 0.08547008547008547 0.04491978609625669 0.06410577452797116 0.03259297887974968 0.02037873548842753 0.005419904322097172 0.002818051633607279 0.0005827639821729722
 0.1094196003805899 0.1017693997918353 0.09518658734451055 0.08042728938297673 0.06883505858861858 0.0329626589048934 0.02074371683734742 0.00541444441170404 0.002816577570845548 0.0005827009178530445
 0.05988023952095808 0.03329633740288569 0.07976490344248531 0.07282370769489814 0.06338599120457951 0.03214440961815645 0.02057340521239426 0.00541403611804434 0.002821055208528576 0.0005844668523091889
 0.1222723852520692 0.1103064066852368 0.104066161268091 0.08456447623504244 0.07068223724646588 0.03483910454085355 0.02183841051785069 0.005511765571203259 0 0
 0.05893909626719057 0.1124574324859428 0.1072831671199758 0.0804053309835885 0.06674229034215316 0.03240518482957273 0.02061987160409846 0.005367203080627521 0.002797859875920166 0.0005803324730680177
 0.1295496607032696 0.108991825613079 0.09474590869939707 0.08470158978368518 0.0722382751722605 0.03474137627492635 0.02176437507759949 0.005534743516642305 0.002867402825835107 0
 0.03992015968063872 0.02219755826859046 0.01427551748750892 0.08364274348198621 0.06951451956497365 0.03363778378316742 0.02129741552984516 0.005483934104161512 0.002849114903748841 0.0005889704281319246
 0.1153007167341851 0.09754990925589836 0.09391246017105484 0.07862033984275932 0.06587330207957687 0.03326364906850233 0.02099921252953015 0.005445660864639813 0.002847930963867471 0.0005919028091628138
 0.1202185792349727 0.1056963046635469 0.1006840365844286 0.07910780669144982 0.06819574989783408 0.03415677615235992 0.02159670159466554 0.00548436312373128 0.002854201087086656 0.0005905877358709316
 0.09696186166774402 0.09909320370197251 0.09296585767174002 0.07748093968883654 0.06554134854199246 0.03389163929116735 0.02130793541836487 0.005516526439526467 0.002863044626987558 0.0005909853709305799
 0.1038251366120219 0.09034907597535935 0.08020415603353992 0.07575442247658688 0.06569625144918202 0.03278308717057631 0.02057879664407316 0.005400062238005455 0.002831410412939356 0.0005896203082645773
 0.1155638397017707 0.1044074875083899 0.09958829420273728 0.08188928078515566 0.07005208333333333 0.03406291620994072 0.02131443943024298 0.005483949326836018 0.002857745641458409 0.0005907593735968226
 0.1176313327095308 0.1105460977227504 0.1043536058491193 0.08179436385711547 0.06970814798741455 0.03403741701870851 0.02113531095888357 0.005392796922412057 0.002801778937722787 0.0005861007784447974
 0.1225114854517611 0.1050594415261266 0.1007340309230049 0.07898351648351648 0.0665093866077703 0.03282928770393952 0.02099168081374462 0.005449491624606832 0.002844727517106549 0.0005901771937708184
 0.101010101010101 0.08732593816379514 0.07606907894736842 0.07516029082430899 0.06348532049466629 0.03273905252033267 0.02073000215647674 0.005477780065292198 0.002827273703096008 0.0005898343436390721
 0.09781357882623705 0.0749802683504341 0.09503352209854847 0.07550488204257383 0.06452924140033535 0.03261293952826072 0.02057422739860608 0.005351586349960645 0.002785984678041654 0.0005908605765331989
 0.07062146892655367 0.1080101486045669 0.1029649595687332 0.08213166144200627 0.0702232190537221 0.03370557401432187 0.02076938241009322 0.00542699405238245 0.00282483441203705 0.0005846322573919813
 0.1101036269430052 0.1014793984594694 0.09390721073225265 0.07457846952010376 0.06430300585031269 0.03257365959958233 0.02069378249176215 0.0053209473503345 0.002763947377512985 0.0005710222845411975
 0.07153075822603719 0.04201680672268908 0.02862049227246709 0.07471184557700319 0.06475419592905607 0.03306718283732559 0.02083913189314949 0.005406647970208267 0.002814784319545039 0.000589854191210935
 0.1201892341132847 0.1102026306434412 0.1043946792389291 0.08038424335412428 0.0652017541824257 0.03331612782131294 0.0208080205461014 0.005258782073478518 0.002728866895673689 0.0005896646430748043
