# Created by Octave 3.0.1, Tue Sep 08 15:53:55 2009 PDT <jwawerla@daneel>
# name: prtA
# type: matrix
# rows: 100
# columns: 10
 461.4 517.8 598.5 798.2 1287.4 1782.3 1846 2001.8 2070.3 2230.5
 423 574.5 605 1236.4 1288.2 1788.5 2413.9 2570.8 2639.5 2799.9
 329.2 496.5 754.7 1195.3 1249.7 1954.2 2020.3 2858.3 2927 3087.5
 316.5 734.4 924.4 1289.3 1344.9 1685.2 1752.1 2314.2 2383.1 4192
 57.4 145.4 149.1 360.9 406.4 1710.1 1775.1 1929.4 2525.6 2685.9
 40.1 182.5 187.1 488.4 834.3 1137.7 1645.8 2841 2909.7 3070
 85.7 169.3 333.1 446.2 988.9 1210 1822.1 1911 2046.1 2137.5
 69.09999999999999 82.7 84.8 858.4 1133.3 1506.2 1709.6 2176.5 2245.2 2851.5
 70.90000000000001 141.5 144.6 634.6 724.6 1771.5 1836.2 2201.7 1826.1 1985.3
 58 201.8 249.3 704.3 751.9 884.8 950 1105.2 2736.6 3019.9
 145 459.8 604 730.9 779.6 1383.6 1607.1 1762.5 2478.9 3163.5
 81.40000000000001 216.7 222.5 680.7 728.8 1448.6 1513.4 2163.4 2231.5 2391.6
 179.9 260.6 267.4 626.6 1410.9 1543.1 1743.3 2226.1 2293.6 2366.3
 102.8 249.9 256.6 823.6 1029.2 1162.7 1168.2 1319.6 1387.4 2739.5
 128 205.7 213 678.5 968 1260.9 1325.9 2007.2 2074.4 2233.4
 92.59999999999999 133.6 144.3 421.3 771.7 955 1742.1 1897.8 1966.1 2085.8
 63.7 69.3 75.59999999999999 198.2 578.4 1383.6 1446.3 1634.1 1986 3148.1
 72.90000000000001 79.3 86.5 624 832.1 1053 1441.7 2399.3 2435.2 2565.7
 67.5 73.59999999999999 80.59999999999999 294.5 699.7 1110.9 1173.9 1726 2160.1 2365.1
 87.7 95.40000000000001 104.1 322.5 822.2 1139.9 1203.1 1890.1 1957.4 2116.4
 70.5 91 126.3 433 546.6 909 1556.6 1892.2 1941.5 2142.8
 40.1 40.1 40.1 72.40000000000001 464.5 1166.7 1962.1 2317.6 2384.6 2543.5
 68.59999999999999 76 82.8 313.3 348.8 1372.4 1435.1 1923.4 1976.1 2647.5
 40.1 47.6 65.8 167 197.6 1269.2 1332 1933.1 1985.8 2178.9
 91.3 100.6 216.3 260.4 600.7 1269.8 1423.6 1732.2 1785.3 2781.5
 90.3 99.90000000000001 108.8 184.6 242.6 1186.3 1249.5 2354.1 2407.3 2553.9
 66.8 74.59999999999999 81.40000000000001 126.3 572.8 1112.2 1184.7 2168.7 2221.9 2414.1
 61.5 68.7 74.2 306.7 416.8 992.9 1586.4 1759.1 1826.5 1985.7
 70.40000000000001 78.5 84.7 208.9 703.4 1301.2 1371.4 1571.3 1625.1 1815.4
 51.3 57.2 62.1 178.8 207.6 1363 1431.3 1619.3 1686.8 2943.9
 59.8 66.7 72.3 111.5 305.3 1035.9 1104.1 1318.7 1782.9 2742.3
 51.5 56.9 61.5 147 432.9 632.3 1239 2118.9 2169.7 2721
 40.1 40.1 40.1 73.40000000000001 136.9 886.3 953.4 1611.4 1668.2 3043.1
 40.1 69.8 75.40000000000001 177.6 206.1 1069 1379.6 2440.9 2498 2686.9
 67.40000000000001 74.5 106.6 134.3 373.7 1219.9 1286.7 1758.6 1846.3 2022.5
 40.9 104.7 111.5 410.4 555.4 971.7 1240.2 1658.9 1718.2 1900.2
 71 78.5 83.7 221.9 314.4 1377.7 1442.6 2140.2 2207.4 2366.3
 40.9 45.4 48.7 62.3 124.4 794.1 856.9 1665.5 1728 1904.2
 50 55.8 71.90000000000001 90.2 195.4 795 1170.9 1684.6 1807 3397.5
 40.1 40.1 74.2 126.7 310.9 1096.8 1158.2 1657.2 1732.1 2498.5
 65.59999999999999 73.09999999999999 134.9 191.9 236.7 618.6 679.1 2147.3 2857.7 3016.1
 40.1 40.1 40.1 96.3 114.1 916.1 1425.9 1598.2 1672 3225.5
 40.4 67.7 72 90.2 550.2 790.1 850.6 1592.2 2187.1 2726.9
 57.3 64.3 107.2 131.8 579.6 950.7 1227.6 1400.5 2013.2 0
 58.6 65.59999999999999 69.8 225.5 251.8 777.6 837.9 2240 2313.4 2956.5
 72 80 84.90000000000001 134.2 212.6 918.3 978.1 1147.1 2016.6 2187.2
 40.1 68.5 72.5 89.90000000000001 614.8 942.6 1001.7 1419.4 1487.2 2972.6
 57.7 64.3 68.09999999999999 142.2 326.5 800.6 859.6 1708.6 2125.4 2295.2
 40.1 44.3 46.9 58.5 70.2 516.4 1055.7 1223.6 2142.9 2384.2
 40.1 43.3 45.8 57.5 69.40000000000001 830.3 1145.6 1761 1889.9 2049
 56.9 63.2 66.90000000000001 115.7 196.8 860.7 1321.2 2365.9 2438 3031.9
 81.7 146.8 153.4 180 222.4 726.2 1395.4 1692.4 1764.2 1935.9
 60 66.40000000000001 70.40000000000001 118.8 138.8 712.5 770.6 1694.3 1769.6 1937.8
 69.59999999999999 77 81.5 278.7 327.2 798 1044.1 1869.4 1944.2 2111.8
 58.8 65.09999999999999 69 145.9 225 584.3 641.4 1838.4 1912.7 2079.6
 40.1 54.6 57.9 71.90000000000001 142.4 849.3 1370.2 1838.7 1913 2079.9
 40.1 88.90000000000001 94.3 186 403.9 780.3 1146 1997.6 2295.1 2167.7
 68.40000000000001 75.8 80.5 200 224.8 892.8 1119.3 1473.6 1999.7 2225.8
 50.3 56 59.6 74.2 602.8 818.3 1067.4 1653.7 1727.7 2938.1
 82.3 91.40000000000001 96.8 132.5 242.2 1081.6 1139.2 1301.7 1372.4 2155.1
 48.3 65.40000000000001 69.5 86.2 141.1 723.7 781.3 1560.4 2024 2678.3
 40.1 45.8 48.7 179.4 226 1133.9 1191.6 1353.9 1803.6 1969.6
 40.1 43.7 46.5 57.9 69.90000000000001 623.5 681.3 1672.5 1910 2075.8
 60.3 78.90000000000001 83.8 162.1 305.6 881.7 1178.6 1515 2454.5 2961.7
 57.8 65.09999999999999 69.40000000000001 133 429 1020.8 1079.1 1656.2 1721.6 1890.1
 49.1 55.3 59.1 73.7 209.9 920 1057.3 2120.2 2187.4 2346.4
 50.5 57.1 61.1 109.1 187.2 770.5 829 2379.2 2813.3 2981.7
 74.90000000000001 84.2 89.5 246.7 435.8 719.1 1016.1 1983.2 2051 2219.1
 40.4 45.6 48.7 61.4 192.6 927 1175 1555.9 1623.8 3101.7
 40.1 87.59999999999999 93.3 162.8 275 1173.5 1450.4 1927.1 1994.9 2630.8
 83.90000000000001 94.3 100.3 252.7 374.1 843.1 899.7 1573.5 1641.4 1809.6
 40.1 40.1 85.09999999999999 197.8 438 940.4 1068.4 1980.8 2048.1 2207.2
 64.59999999999999 72.90000000000001 127.2 186.4 362.6 942.5 999.2 1693.6 1761.6 1929.5
 40.1 46.3 49.8 62.5 120.1 1045.8 1231.1 1759 1827.1 1995
 40.1 56.5 60.8 76 134.6 1151.9 1281.1 2018.2 2086.3 2543.5
 69.09999999999999 89.5 95.8 204.3 231.7 326 775.1 1834.9 1903 2070.9
 56.4 64 68.59999999999999 102.1 121.6 902 1283.4 1446 2051.8 2221.1
 40.1 40.1 49.6 140.7 164.1 596.9 653.5 1947.5 2015.5 2184.8
 81 91.59999999999999 110.5 133.2 236.9 1137.1 1193.8 1354.2 1422.2 1590.9
 58.2 65.7 70 216.7 349.9 852.8 1411.3 1936 2003.9 2171.5
 40.1 40.1 62.8 77.59999999999999 226 957.9 1405.5 1877.2 1928.6 2088.7
 94.3 105.4 170.1 213.4 262.8 798.3 983.4 1758.6 1893.1 2696.1
 80.40000000000001 90.3 96.2 134.2 157 895.8 1423 2095.1 2161.2 2329
 40.1 40.1 40.1 42.3 51.8 1050.7 1584.7 2060.4 2126.4 2293.7
 40.1 46.7 50.2 62 164.2 1042.7 1099 1763.5 1831.6 1999.6
 86.5 95.8 127.7 150.6 270.5 933.7 1168.7 1638.9 1707 1875.1
 40.1 40.1 62.1 76.09999999999999 112.6 1293 1655.2 2042.8 2441.9 2603.8
 40.1 56.6 61.1 75.2 111 811.5 932.5 1537.4 1683.1 2828.8
 85.7 94.90000000000001 101.8 239.4 385.5 807.2 1380.2 1695.7 2287.2 2454.5
 40.1 40.1 40.1 79.40000000000001 153.3 1128.9 1185.7 1345.3 1410.1 2517.5
 68.5 75.8 81.7 212.1 238 744.2 1072.9 1966.3 2273.1 2714.9
 49.7 54.9 59.4 134.7 467.5 568.8 625.6 1735.8 2023.8 2190.8
 58.2 64.5 69.7 162.2 311.9 508.6 1463.5 1623.2 1688 2300.1
 57.8 63.9 68.8 132.3 196.1 1113.9 1240.7 1576.9 1641.7 2886.4
 66.5 134.6 143.2 197.8 283.9 1173.4 1230.5 1704.3 2090.6 2257.5
 47.9 75.3 81.3 144.6 167.7 1094 1702.2 1864.8 1929.5 2587.1
 40.1 40.1 62.8 77.59999999999999 364.1 793.8 851.2 2071.8 2136.4 2303.6
 40.1 40.1 76.09999999999999 153.3 176.1 990.8 1376.2 1651.8 1716.6 2033.3
 41 45.5 49.5 61.5 191 687.3 1471.9 1634.1 2349.7 2087.5
 46.8 51.9 56.3 134.6 178 1224.9 1281.9 1767.8 1895.2 2054.4
# name: prtB
# type: matrix
# rows: 100
# columns: 10
 468.1 1019.8 1025.5 1218 1283.2 2812.5 2893.5 4152.9 4360.4 4751
 378.6 726.7 1271.5 2391.2 2674.3 3472.5 3528.3 4559.1 4626.2 4785.1
 886.5 991.9 1211.5 1887.2 1929.7 4094.6 4282.7 4629.9 4698 5991.8
 680.5 1443.8 1622.4 2391.7 3284.5 4256.5 4321 5709.8 5778.3 5938.6
 250.2 626.3 1657.9 2330.3 2810.8 4240.6 4302.4 4455.1 4523.3 5430.4
 372.8 1035.7 1046.4 2728 2791 3415.8 4265.1 4543.8 4936.6 5096.7
 199.4 1427.2 1890.5 2924.1 3551.2 4034.4 4274 4428.7 4468.8 4684.8
 697.7 2061.2 2073.7 2591.2 2966.8 3604.7 4176.1 4679.3 4364.4 4963.1
 469.6 2310.5 2364.9 3135.1 3319.8 3511.5 3576.2 4597.8 4666.5 4610.9
 726 1847.5 2077.3 3223.9 3535.2 3745.3 3925.5 4592.1 4660 4876.5
 636.3 2140.3 2154.7 2883 3187.5 3811 3875.7 5389.6 5971.2 6129.9
 953.5 2504.7 2519.2 3021.2 3406.2 3539.2 4036.4 4192.2 4260.6 4405.3
 328.4 343.4 357.7 2555.5 3140.5 3976.1 4038.8 4154.8 4789.5 5017.8
 303.3 375.2 389.2 3161 3201.7 4086.1 4312.8 4290.7 4356 4932.3
 307.5 768.5 797.1 2955.1 3198.5 3851.5 4016.1 4187.9 4236.5 6040.3
 915.3 1128.6 1210.2 3022.4 3291.7 3806 3868.7 4289 0 4306.7
 484.4 500.4 541.3 3128.4 3195.4 3469.4 3531.6 3517.8 3891.7 4049.5
 283.2 363.1 458.9 2493.4 3552.4 4113.3 4175.5 5098.8 5147.5 5350.2
 439.7 731 781.4 2848.9 2886.6 3837.4 3900.8 4495.4 4547.4 4742.3
 114.2 124.4 393.3 3103.8 3138.8 3687.5 3815.2 3985.7 5111.5 5305
 755.8 1043.6 1056.4 2368.7 3341.9 3779.6 3841.6 4805.2 4859.8 5048.6
 771 1069.1 1082.7 2733.8 3317.4 3536.3 3760.8 4345.7 4235 4392.6
 323.4 485.6 1244.4 2869.2 3001.7 3579.8 3972.5 3971.9 4037.4 0
 358 374.5 1259.5 2862.8 3249.5 3724.2 4407.7 0 0 0
 42.2 337.9 349.7 2808.4 3110 3757.2 3826.5 3604.3 0 0
 501.9 552.1 1262.8 2728.4 2897.3 3210 3276.4 4890.4 4948.5 4928.4
 318 796 808.4 2601.4 3119.4 3660.5 3727.4 3735 3800.8 3958.6
 450.9 672.5 1177 2120.6 2985.5 4047.1 4203.8 4464.7 4552.2 4751.4
 278.9 315.9 325.8 2120.4 3280.3 3550.2 4114.6 4302 4364 5522.9
 272.4 365.5 375.7 2868.8 2899 4086.3 4148.9 5080.2 5142.6 6108.2
 806 909.9 1549.1 2300.4 2452 3173.8 3481.2 4447.3 4531.7 4722.8
 310.1 387.6 481.1 1750.8 3157.9 3654.1 3716.1 4230.8 4679.5 5015.4
 520.7 845.5 1348.3 2490.6 2601.8 3492.8 3553.8 3952.5 4912.9 4548.7
 345.9 963.5 1186.2 2317.8 2471.5 3585.7 3646.2 3979.8 4838.9 5026.7
 662 723.4 1188.3 2688.8 2780.1 3323.9 3383.9 4337.8 4730.2 5280
 366.8 553.6 663.5 2238.9 2705.1 4033.2 4092.8 4261.6 4334.4 4505
 41.2 45.9 48.6 2382.9 2532.6 3274.2 3899.2 4655.2 5230.7 5413.7
 663.5 680.2 689.3 1861.5 1908.6 3458.2 3951.2 4120.5 4192.5 4412.5
 306.7 495.4 1136.5 2105 2832.3 3567.3 3953.9 4121.5 4197.1 4231.8
 326.8 372.8 610.2 1830.3 2435.8 3866 3924.4 4447.4 4519.5 4691.6
 378.2 832.9 1289.9 2707.1 2771.5 3452.5 3574.3 4325.5 4397.4 4569.4
 170 244.3 437.7 1066.4 1916.7 3605.9 3736.1 4615.5 5232 5399.7
 120 437.1 697.5 2306.9 2335.2 3574.1 4261.9 4792.8 5204.4 5371.6
 672.8 709.4 718.9 2195 2397.7 3357.9 3415.3 4035.8 4110 5627.5
 330.1 346.3 355.9 1961 2799 3399.7 3457.3 4318.7 4389.7 4556.7
 318.3 377.1 1196.5 1427.7 3072.4 3168.2 3225.8 3654.1 4866.3 5033.1
 281.2 297.9 306.9 2364.7 2431.6 3348.7 3406.4 4853.6 4924.4 5091
 67.7 75.90000000000001 842.9 2629.6 2763.3 3445.8 3626.2 4685.6 4756.2 4922.2
 295.8 1153.3 1219 2422.4 2656.1 3384.4 3940 4102.4 4173.1 5116.2
 361.7 391.1 475 2468.6 2593.1 3449.8 4169 4475.2 4540.6 4709.1
 350.1 1180.8 1305.7 2306.8 2357.6 3476.4 3861.8 4386.1 4692.6 0
 114.3 588.1 611.3 1806.4 2383.8 3049.2 3982.1 4144.9 4210.3 4378.7
 207.1 344.7 354.8 2777.7 3196.5 3860.7 4033.6 4366.3 4124.1 5116.3
 684.1 714.1 1599.4 1845.5 2554.2 3054.8 3747 4632.2 4338.2 4739.3
 282.4 329.9 339.8 2387.3 2658.1 3644.9 3701.2 5111.8 5179.6 5627.1
 312.6 330.8 1294.8 2638 2755.9 3591 3647.5 4455 4522.9 4690.8
 236.8 412.1 421.9 2128.4 2947.1 3886.4 4070.5 4380.8 4448.6 4616.4
 273 1097.8 1271 2020.5 2761.5 3500.7 3557.2 4431.1 4505.4 4676.8
 40.1 40.1 48.9 2805.5 2934 3709.3 3765.9 4339.9 4407.9 4575.8
 407.5 813.5 824.6 2755.9 2809.5 3041.9 3740.6 4315.5 4383.6 4551.5
 311.3 351.2 362.1 2547.5 2596.9 3514.7 3686.8 3850.1 3918.2 4610.9
 76.90000000000001 336.1 383.7 1621.3 2843.1 3770.3 3826.9 4160.8 4228.8 4264.1
 302.1 344.1 1194.6 2044.2 2969.7 3474.5 3531 3993.9 4061.9 5355.6
 40.1 40.1 377.2 1875.8 3072.2 3742.7 4338.7 4499 4566.9 4736
 299.8 715.6 1143.7 2475.4 2635.4 3585.6 3986.7 4244 4320.9 4487
 40.1 47.4 1840.7 2359.6 2847.3 2982.4 3412.7 3606.9 3672.8 3830.7
 134.5 1302 1311.5 2495.7 2648.1 3265.6 3322.3 4133.3 4201.3 5020.6
 425 1345.6 1355.2 2283.2 2313.6 3922.4 3979 4372.3 4440.3 4608.3
 40.1 44.7 47.6 2544 2673.7 3068.6 3125.3 3908.3 3976.2 5177.9
 40.1 40.1 40.1 2170.9 2650.2 3635.3 3691.9 4980.5 5048.4 5216
 137.6 1282.4 1532 2263.2 2317.1 3582.4 4101 4260.3 4326.4 5202.3
 354.2 530.2 651.1 2411.4 2476.8 2998.1 3863.1 4646.4 4939.3 5369.3
 414.9 905.4 998.2 2475.6 2506.3 3082.6 3554.1 4336.5 4206.3 4373.6
 143 1015.8 1026.4 1143.7 3341.7 3634.6 3974.3 4132.8 4085 4242.6
 40.1 40.1 40.1 2137.1 2786.5 3377.5 3433.9 4166.5 4234.4 5337.3
 302.7 1161.8 1172.5 1975.7 2079.5 3448.4 3849.6 4278.6 4346.6 4392.6
 41.1 254.6 277.4 1949.6 3153.9 4005.8 4062.1 4303.9 4371.9 4870.4
 304.6 320.6 368.4 692.3 3067.8 3900.6 4270.5 4428.2 4496.3 4664.4
 665.3 907.5 1088.7 2587.2 3025.4 3310 3366.5 4789.5 4750.2 5243.5
 116.7 366.3 377.5 1849.9 1933.9 3773.4 3829.8 3881.6 3947.1 4367.2
 289.4 685.2 696.7 1794.8 3124.6 3675.9 3879.3 4038.7 4106.9 4492.4
 288.5 786.3 810.8 2640.9 2704.7 3510.3 3936.1 4623.4 4691.6 4737.3
 749.9 854.4 866.2 2125.7 2155.3 3783.8 3840.6 4141.8 4206.6 4373.9
 41.2 1572.3 1633 2519 2548.5 2737.6 2966.9 3784.8 3849.6 4016.7
 282.3 297.2 719.8 1854 3104.2 3299.2 3661.1 4502.4 4567.2 4734.2
 59.7 1321.1 1333 2592.7 2706.3 3315 4180.7 4340.3 4405.1 4572.1
 286.7 375.8 790.7 2426.8 2713.2 3616.2 3673.2 4198.9 4263.8 4269.8
 296.4 1081.2 1377.3 1845.8 1876.3 3386.2 3443.2 4906.1 4988.5 5150.5
 40.1 40.1 40.1 1945.7 2563.5 3764 3892.8 4046.6 4112.2 4269.8
 326.3 341.4 925.6 1819.7 2566.5 3509.1 3566.1 4019.5 4085 4242.6
 78.59999999999999 572.4 596 1852.5 2808.3 3646.6 4082.7 4291.8 4357.1 4742.8
 91.90000000000001 421.4 1257.1 1337.1 3031.7 3330.9 3387.8 4607.9 4672.9 4839.7
 58.5 64.7 70.09999999999999 86.40000000000001 3114.5 3654.7 3986.7 4362 4426.7 5195.1
 40.1 883.2 895.7 2302.8 2769.9 3721.5 3778.8 4300.2 4365 5227.8
 643.3 658.6 741.6 1928.5 2909.4 3298.9 3356.1 3518.4 4310.6 4477.3
 717.9 733.5 799.4 2080.7 2756.5 3716.1 3837.2 4202.1 4266.9 4349.1
 330.3 502.5 560.8 1506.5 2725.4 3780.4 4515.8 4676.3 4741.1 4779.7
 182.6 630.4 643.6 1011.7 2601.2 3240 4241.2 5232.9 5297.8 5464.5
 65.5 619.7 1818.2 2198.2 2623.1 3057.9 3582.6 4377.5 4448.5 5209.6
 321.1 730.2 1195.5 1391.9 2906.7 3685 3742 3785.2 4072.5 5372
# name: collectedA
# type: matrix
# rows: 100
# columns: 10
 24 25 27 30 43 49 49 49 49 49
 19 23 23 40 40 44 48 48 48 48
 19 23 31 40 40 45 45 49 49 49
 17 33 38 42 42 43 43 44 44 49
 4 9 9 18 18 44 44 44 48 48
 2 12 12 21 32 35 41 49 49 49
 6 10 19 21 39 40 46 46 46 46
 5 5 5 37 43 46 47 48 48 49
 4 7 7 30 31 47 47 48 48 48
 3 11 13 31 31 31 31 31 49 49
 10 27 35 37 37 44 45 45 48 49
 5 12 12 31 31 42 42 45 45 45
 13 16 16 30 48 48 47 49 49 49
 6 14 14 33 36 36 36 36 36 47
 8 11 11 29 37 40 40 46 46 46
 7 9 9 20 32 33 41 41 41 41
 5 5 5 10 25 39 39 39 40 44
 6 6 6 32 38 39 43 48 48 48
 5 5 5 13 26 34 34 45 47 47
 7 7 7 15 35 38 38 46 46 46
 6 7 9 25 28 35 46 47 47 47
 2 2 2 3 21 38 46 47 47 47
 7 7 7 20 20 46 46 48 48 49
 3 3 4 8 8 43 43 48 48 48
 8 8 16 16 30 45 46 47 47 49
 8 8 8 10 11 40 40 49 49 49
 7 7 7 8 29 41 41 47 47 47
 5 5 5 17 20 38 48 48 48 48
 6 6 6 12 34 45 45 45 45 45
 4 4 4 10 10 46 46 46 46 49
 5 5 5 6 15 37 37 37 47 49
 4 4 4 8 23 26 38 48 48 49
 2 2 2 3 5 33 33 39 39 49
 3 5 5 10 10 36 39 48 48 48
 6 6 8 8 18 42 42 45 45 45
 3 8 8 26 31 42 45 46 46 46
 6 6 6 13 16 45 45 49 49 49
 3 3 3 3 5 34 34 43 43 43
 4 4 5 5 10 31 38 41 41 48
 3 3 5 7 15 40 40 46 46 48
 6 6 11 13 14 26 26 41 46 46
 2 2 2 5 5 27 39 39 39 48
 3 5 5 5 31 36 36 45 48 49
 5 5 8 8 32 39 43 43 48 0
 5 5 5 14 14 27 27 45 45 47
 7 7 7 9 12 37 37 37 47 47
 3 5 5 5 34 40 40 42 42 48
 5 5 5 9 18 31 31 45 47 47
 3 3 3 3 3 20 34 34 47 47
 3 3 3 3 3 33 39 47 47 47
 5 5 5 7 10 30 38 48 48 49
 8 13 13 13 14 29 46 48 48 48
 5 5 5 7 7 27 27 48 48 48
 6 6 6 18 19 35 39 46 46 46
 6 6 6 10 13 23 23 47 47 47
 4 4 4 4 7 33 43 49 49 49
 3 7 7 12 24 34 42 47 48 49
 6 6 6 13 13 35 39 40 46 46
 4 4 4 4 32 35 39 43 43 47
 8 8 8 9 14 41 41 41 41 48
 4 5 5 5 7 25 25 43 45 47
 3 3 3 11 12 42 42 42 45 45
 3 3 3 3 3 25 25 42 46 46
 5 6 6 10 17 33 39 40 48 49
 5 5 5 8 25 41 41 47 47 47
 4 4 4 4 11 34 35 42 42 42
 4 4 4 6 9 31 31 46 49 49
 7 7 7 16 24 29 34 44 44 44
 3 3 3 3 9 34 39 42 42 48
 3 7 7 10 15 40 44 46 46 48
 8 8 8 17 22 35 35 39 39 39
 3 3 6 12 23 38 39 49 49 49
 6 6 10 12 20 36 36 46 46 46
 3 3 3 3 5 37 40 44 44 44
 3 4 4 4 6 42 43 48 48 49
 6 7 7 13 13 13 23 48 48 48
 5 5 5 6 6 38 44 44 49 49
 3 3 3 8 8 23 23 47 47 47
 8 8 9 9 13 43 43 43 43 43
 5 5 5 14 20 34 45 49 49 49
 3 3 4 4 11 36 44 48 47 47
 9 9 14 15 16 36 39 46 46 48
 8 8 8 9 9 32 41 47 47 47
 2 2 2 2 2 37 46 48 48 48
 3 3 3 3 8 37 37 45 45 45
 8 8 10 10 15 39 42 46 46 46
 3 3 4 4 5 41 47 49 48 48
 3 4 4 4 5 35 36 42 42 49
 8 8 8 16 22 32 43 45 49 49
 2 2 2 4 7 45 45 45 45 49
 6 6 6 14 14 29 35 46 47 48
 4 4 4 8 27 27 27 48 49 49
 5 5 5 10 17 21 47 47 47 48
 5 5 5 8 10 40 41 43 43 47
 6 12 12 14 17 39 39 42 44 44
 4 6 6 9 9 37 46 46 46 49
 3 3 4 4 18 27 27 48 48 48
 3 3 5 9 9 38 46 47 47 41
 3 3 3 3 9 30 45 45 49 49
 4 4 4 8 9 44 44 48 48 48
# name: collectedB
# type: matrix
# rows: 100
# columns: 10
 57 124 124 142 145 253 254 291 292 293
 42 78 138 236 254 288 288 298 298 298
 106 115 138 185 185 292 294 295 295 299
 76 166 180 230 271 290 290 299 299 299
 27 59 162 213 240 296 296 296 296 299
 44 110 110 250 251 272 292 293 295 295
 19 146 184 254 282 289 291 291 299 299
 75 218 218 255 270 284 295 299 296 299
 56 236 239 276 282 283 283 295 295 295
 88 196 211 282 290 291 292 295 295 295
 69 215 215 252 260 269 269 294 297 297
 106 248 248 273 285 285 290 290 290 290
 41 41 41 246 274 298 298 295 298 298
 36 41 41 267 267 293 295 295 295 298
 34 83 84 255 265 287 288 288 288 299
 109 127 132 275 284 295 295 298 0 298
 58 58 60 284 285 291 291 291 295 295
 34 40 47 224 282 293 293 298 298 298
 52 83 86 264 264 292 292 295 295 295
 11 11 40 273 273 288 281 281 292 292
 87 116 116 228 282 293 293 299 299 299
 94 124 124 256 281 284 286 293 293 293
 38 52 132 267 272 288 296 296 296 0
 37 37 128 250 269 285 298 0 0 0
 3 35 35 255 268 291 291 289 0 0
 58 61 141 259 266 275 275 296 296 296
 38 90 90 248 276 292 292 292 292 292
 56 76 129 207 265 297 298 295 295 295
 34 36 36 191 273 277 294 294 294 299
 32 40 40 248 248 289 289 296 296 299
 111 120 189 241 247 283 288 298 298 298
 37 43 50 175 274 288 288 295 298 299
 65 99 151 253 258 296 296 297 296 293
 43 111 132 232 239 283 283 293 299 299
 84 88 134 261 265 283 283 299 294 295
 44 60 69 215 242 295 295 295 295 295
 3 3 3 234 241 278 293 296 298 298
 88 88 88 201 202 287 298 298 298 294
 37 55 117 209 254 285 295 295 295 295
 41 44 65 175 216 289 289 295 295 295
 47 94 140 265 267 289 290 298 298 298
 19 25 44 106 182 283 284 295 298 298
 12 45 69 218 218 277 292 296 299 299
 88 90 90 236 247 290 290 295 295 298
 43 43 43 209 262 286 286 298 298 298
 39 43 135 152 279 279 279 281 297 297
 32 32 32 228 230 275 275 298 298 298
 6 6 86 247 253 282 284 299 299 299
 36 136 141 245 258 289 298 298 298 298
 42 43 49 228 234 273 292 294 294 294
 45 137 149 241 242 281 290 296 297 0
 13 66 67 190 227 261 298 298 298 298
 22 35 35 247 271 292 294 295 290 299
 88 89 186 203 251 269 291 298 296 298
 35 38 38 220 233 274 274 297 297 298
 35 35 134 246 250 285 285 298 298 298
 32 49 49 198 255 296 298 299 299 299
 36 136 151 216 262 289 289 298 298 298
 3 3 3 261 266 293 293 299 299 299
 46 88 88 261 262 265 285 294 294 294
 42 44 44 259 260 296 298 298 298 295
 7 37 40 163 264 297 297 298 298 298
 35 37 133 207 262 278 278 284 284 298
 3 3 38 173 258 281 295 295 295 295
 38 81 118 232 240 285 294 295 295 295
 3 3 198 247 279 280 293 295 295 295
 14 150 150 249 256 282 282 292 292 296
 50 150 150 230 230 295 295 298 298 298
 3 3 3 240 245 256 256 281 281 292
 2 2 2 207 237 272 272 296 296 296
 14 147 169 224 225 286 295 295 295 298
 42 59 69 231 233 250 284 296 297 298
 51 103 110 255 255 279 287 297 298 298
 15 106 106 113 285 293 298 298 298 298
 2 2 2 226 269 290 290 299 299 299
 39 135 135 202 206 284 291 293 293 293
 3 27 28 184 268 297 297 298 298 299
 37 37 40 66 261 289 298 298 298 298
 84 110 126 248 276 284 284 296 296 299
 12 41 41 187 190 289 289 289 289 291
 34 75 75 173 277 291 293 293 293 294
 35 85 86 246 248 279 289 294 294 294
 88 96 96 215 215 293 293 294 294 294
 3 201 205 278 278 280 284 297 297 297
 34 34 79 186 275 279 286 295 295 295
 5 149 149 257 262 281 295 295 295 295
 35 42 87 242 258 294 294 298 298 297
 40 125 156 194 194 283 283 299 299 299
 2 2 2 205 248 295 296 297 297 297
 37 37 104 176 233 290 290 298 298 298
 7 59 60 175 246 283 294 296 296 297
 9 47 137 140 275 281 281 299 299 299
 5 5 5 5 269 287 292 294 294 298
 3 100 100 213 239 282 282 290 290 296
 81 81 87 208 275 286 286 286 298 298
 90 90 95 215 257 295 296 298 298 298
 36 52 56 140 235 280 298 298 298 298
 21 71 71 106 235 267 292 299 299 299
 6 74 199 229 256 270 284 294 294 298
 40 86 131 145 267 297 297 297 284 298
# name: avgRateA
# type: matrix
# rows: 100
# columns: 10
 0.05091217649554518 0.04402958788305742 0.03865425912670007 0.02310892004313665 0.01879863600594562 0.007224687790277635 0.004136417356069559 0.0009422750750935544 0.0004800612910905523 9.756476358962667e-05
 0.04387990762124711 0.03682946357085669 0.0326241134751773 0.0230361667818475 0.0174809894240014 0.006481549679605215 0.003866633370657086 0.0009130543952155949 0.0004676562142255175 9.546541278150611e-05
 0.05601415094339623 0.04208600182982616 0.03627003627003627 0.02359464401580841 0.01778014846423968 0.006470909666101061 0.003743666963386937 0.000927006733095843 0.0004760655610286902 9.73985638681144e-05
 0.05206738131699847 0.0420703722590515 0.03709488481062085 0.02347286648409993 0.01791121156552518 0.006432118709986239 0.003658920533351486 0.0008410718313574517 0.0004297584269278816 9.718519928915969e-05
 0.05934718100890207 0.04605936540429887 0.03613006824568447 0.02090835172493902 0.01279863481228669 0.006557279325196346 0.003736698626763255 0.0008473042245818361 0.0004681757531777429 9.548706259714068e-05
 0.03992015968063872 0.05161290322580645 0.04179728317659352 0.02124645892351275 0.01744534699885515 0.005702461834237581 0.003520582527606519 0.0009273102325845461 0.0004761455917177875 9.740195201463017e-05
 0.06269592476489028 0.04559963520291838 0.04386977603324867 0.02219403931515536 0.0196088290009553 0.00644122383252818 0.003891017670295463 0.0008861320336730173 0.0004507766587846081 9.160837420029374e-05
 0.06321112515802782 0.03767897513187642 0.02705627705627706 0.0272379269729093 0.02015656494632729 0.007070179213673112 0.004013800642208102 0.0009199543855950476 0.0004694596910172801 9.744427529797564e-05
 0.04944375772558714 0.03655352480417755 0.02861815208503679 0.02644103648863036 0.01797518265104952 0.00694085505427158 0.003970869028911306 0.0009195102841478343 0.0004713919122896781 9.562032991802748e-05
 0.04411764705882353 0.04368546465448769 0.03721729172630976 0.02574109441169144 0.01769507391974428 0.005267808591625883 0.002831050228310502 0.0006065918928015153 0.0004769478452664386 9.741165309762098e-05
 0.06451612903225806 0.05296194586112201 0.04971590909090909 0.03005930619871638 0.02079118903124298 0.006892662447521774 0.003876937391768831 0.0008693552282057474 0.0004683891025372052 9.738385236607982e-05
 0.05470459518599562 0.04499437570303712 0.03720930232558139 0.02625561107817396 0.01793151318833873 0.006513041590422727 0.003647923289384543 0.0008626738287764985 0.0004401774404170926 8.957156130795181e-05
 0.06845708267509215 0.051513200257566 0.04354926510615133 0.02662879460323096 0.01990957733626447 0.00733597224557167 0.004002282152376249 0.00093822820390571 0.0004790133498087856 9.753838981635513e-05
 0.05319148936170213 0.04668222740913638 0.03925967470555244 0.02493200362647326 0.01774098166765228 0.005841595404611615 0.003223437975680951 0.0007014863716786569 0.0003550737073837578 9.348778045090947e-05
 0.05797101449275362 0.04301916308173641 0.03514376996805112 0.02460755197284684 0.01880081300813008 0.006388857831941095 0.003531728162883303 0.0008844929163654264 0.0004506516815185787 9.159088184895708e-05
 0.06822612085769982 0.04901960784313725 0.03683995088006549 0.0217084554433952 0.01806174860303663 0.005541561712846347 0.003491709319457337 0.0007900142202559645 0.0004020944215773673 8.165934985614012e-05
 0.06784260515603799 0.04191114836546522 0.02847380410022779 0.01432254368375823 0.01583882412569691 0.006109405351212482 0.003407214558416257 0.0007553148016523964 0.0003922106955856686 8.744940108091435e-05
 0.0723763570566948 0.04640371229698376 0.032171581769437 0.02846975088967971 0.02074122591561596 0.006443086073021642 0.003758182787522833 0.0009160427715637422 0.0004685889225578707 9.550990049659179e-05
 0.06451612903225806 0.04045307443365696 0.02768549280177187 0.01636249213341724 0.01529681708536801 0.00556382856862328 0.003042805108332811 0.0008699686811274794 0.000460062196493543 9.355745452858888e-05
 0.07164790174002048 0.04814305364511692 0.034296913277805 0.0182370820668693 0.01920755131160136 0.006189025879900324 0.003391918308325374 0.0008864889449047121 0.0004511688214881902 9.161222377918746e-05
 0.07453416149068323 0.04964539007092199 0.03977021652673442 0.02679528403001072 0.01810422863054442 0.005923168048739211 0.003980409462990845 0.00090572378893167 0.0004610487387374131 9.359887267127996e-05
 0.03992015968063872 0.02219755826859046 0.01427551748750892 0.005241090146750524 0.01433936497097986 0.00616212885335755 0.003845478636694226 0.0008983592519534536 0.0004590534123295886 9.352424218003019e-05
 0.08905852417302799 0.05555555555555555 0.03829321663019693 0.02459117176933481 0.01482799525504152 0.007218630343355722 0.004022702031464526 0.0009244386923814696 0.0004706985264194257 9.748382315638693e-05
 0.05988023952095808 0.03073770491803279 0.0241254523522316 0.01199400299850075 0.006680026720106881 0.006858929368978499 0.003794564066360748 0.0009242660268691836 0.0004706537576799907 9.558346637025171e-05
 0.07897334649555775 0.05312084993359894 0.05058488776478027 0.02104155707522357 0.01874180046229774 0.00717726243261348 0.004026751636962078 0.0009085250578943096 0.0004617562653939223 9.745784202481595e-05
 0.07976071784646062 0.0533689126084056 0.03831417624521073 0.01460706982179375 0.008852406244970225 0.006465900457462457 0.003555713587270545 0.0009359343394309137 0.0004784815145014076 9.750197938967342e-05
 0.09114583333333334 0.05617977528089888 0.03858875413450937 0.01277343126297302 0.01843845371312309 0.006707895684041753 0.003665721923699339 0.0009009233505914467 0.0004597840580149655 9.354832995331939e-05
 0.06993006993006994 0.04212299915754002 0.02870264064293915 0.02107350935911739 0.01411631846414455 0.006340836656710441 0.00414278809638887 0.0009273731575703596 0.0004713900605441609 9.562025372435908e-05
 0.07462686567164178 0.04669260700389105 0.03248511099079589 0.01692763436309776 0.01996007984031936 0.007141496857741383 0.00395729637511652 0.0008725783526884139 0.0004428039923207947 8.967441015162148e-05
 0.06525285481239805 0.03731343283582089 0.02467612584824183 0.01473187978786093 0.008280887711162638 0.00722929435800723 0.004024039260626526 0.0008911395543914776 0.00045236943241404 9.742637300104445e-05
 0.07163323782234958 0.04284490145672665 0.02901915264074289 0.009811937857726901 0.01149161112387957 0.00612998889974983 0.003332102556713286 0.0007209847482496634 0.0004617671534216455 9.746544104206072e-05
 0.06504065040650407 0.03741814780168382 0.02476780185758514 0.01236476043276661 0.01605136436597111 0.00461623137972054 0.00338108372631017 0.0009209710872639292 0.0004698066060681396 9.746957059681215e-05
 0.03992015968063872 0.02219755826859046 0.01427551748750892 0.005231949773282177 0.00439792417978714 0.0056062382141583 0.003012763160297259 0.0007556470082191143 0.0003836007719227841 9.740716053952435e-05
 0.05988023952095808 0.04173622704507512 0.02850627137970353 0.01475796930342385 0.008291186468783683 0.005931784478497282 0.003427185489823895 0.0009153160986939583 0.0004683018205233273 9.548687264378681e-05
 0.07751937984496124 0.04819277108433735 0.03872216844143272 0.01261232855115876 0.01310329766324525 0.006752520136979695 0.003721193971665765 0.0008694207339456631 0.0004418422662384397 8.963741664965215e-05
 0.05893909626719057 0.05171299288946348 0.03782505910165485 0.02855887521968366 0.01993056448501993 0.007033173133278631 0.004003487482429138 0.0008904564363546262 0.0004522297877862565 9.165168692899504e-05
 0.07407407407407407 0.04669260700389105 0.0326619488296135 0.01800803435378862 0.01217285453438831 0.007055835175690296 0.003932672644329086 0.000939773917246194 0.0004794173416014888 9.753838981635513e-05
 0.05893909626719057 0.03144654088050314 0.02017484868863484 0.005335230304108127 0.004446816079686944 0.00586803817676602 0.003131648997411784 0.0008322768578645324 0.0004226958162944322 8.567372020397518e-05
 0.06666666666666667 0.03780718336483932 0.02908667830133799 0.008471704506946797 0.008365400702693659 0.005349439171699741 0.003401695476640199 0.0007932730445819452 0.0004027227990216783 9.535208259874154e-05
 0.05988023952095808 0.03329633740288569 0.02870264064293915 0.01116961863730653 0.01144252040582806 0.006560818790185015 0.00358480758545285 0.0008904857406131188 0.0004521679981048263 9.552267320200956e-05
 0.07936507936507937 0.0487408610885459 0.04682843763303533 0.01878884231825408 0.01132044958356918 0.004627487274409995 0.002434662096993192 0.0007862343783858416 0.0004472197997816401 9.14483651716118e-05
 0.03992015968063872 0.02219755826859046 0.01427551748750892 0.008385041086701326 0.004487927475092003 0.004563817379692703 0.003413297858374395 0.0007558403200111632 0.0003835864348099772 9.538467347143577e-05
 0.05952380952380953 0.04248088360237893 0.02906976744186046 0.008471704506946797 0.01999741968778222 0.006217509196732353 0.003317788878034394 0.0008722248712014607 0.0004697266093274004 9.746842669449356e-05
 0.07429420505200594 0.04374453193350832 0.03861003861003861 0.01266223488445711 0.02025829323879463 0.006553850807468029 0.003829847874879761 0.0008365677376679215 0.0004705273435202503 0
 0.0728862973760933 0.04325259515570935 0.02944640753828033 0.01929703652653342 0.01118389519092507 0.004673220714483522 0.002491257531440593 0.0008614088820826952 0.0004398250864500643 9.344744525620009e-05
 0.08536585365853659 0.05384615384615385 0.03785830178474851 0.01419110690633869 0.009896091044037606 0.006251795279049727 0.003370346416957397 0.0007234036729355135 0.0004607093355395102 9.359059729120933e-05
 0.05988023952095808 0.04219409282700422 0.02898550724637681 0.008476012883539583 0.02105523903889027 0.0067310604785784 0.003635801739731132 0.0008168123315324566 0.0004138452928053981 9.543263390490855e-05
 0.07385524372230429 0.04374453193350832 0.0297441998810232 0.01401432575521644 0.01356954391255183 0.005344274730200323 0.00285461711296917 0.0008702614265325304 0.0004602185156679925 9.357047409571104e-05
 0.05988023952095808 0.03181336161187699 0.02042205582028591 0.005371530886302597 0.002803214352457484 0.003625552896816765 0.003075336704143564 0.0006637565497153656 0.0004601396670742656 9.355389759470939e-05
 0.05988023952095808 0.03215434083601286 0.0205761316872428 0.005381165919282511 0.002805311389564242 0.005660086101915853 0.003499138673557278 0.0009080195513997025 0.0004612822271883671 9.361636015608038e-05
 0.07473841554559042 0.0441696113074205 0.02995805871779509 0.01136917329868442 0.008355614973262033 0.005118842459091917 0.00335653464297071 0.0009166270416435123 0.0004685761143325719 9.740932930893647e-05
 0.08724100327153762 0.06605691056910569 0.05130228887134965 0.01911764705882353 0.01145287958115183 0.005064440641262967 0.004036716569843972 0.0009285697704111243 0.0004716786453389306 9.562974076968792e-05
 0.07142857142857142 0.0429553264604811 0.02934272300469484 0.01131221719457014 0.006146821215314366 0.004726477024070022 0.002506824132360314 0.0009285356412602549 0.0004716536175832468 9.562937877960178e-05
 0.07537688442211056 0.04724409448818898 0.03305785123966942 0.02311544882496468 0.01431585292344786 0.006036564332528458 0.00353129725373729 0.0008868427242266153 0.0004512272399999215 9.161306306683094e-05
 0.0872093023255814 0.05212858384013901 0.03550295857988166 0.0154822727976467 0.01061224489795918 0.00411868989846534 0.00216136974458248 0.0009066637859193185 0.0004611790287177162 9.361065456553104e-05
 0.07984031936127745 0.03824091778202677 0.0253324889170361 0.006994229760447631 0.006127450980392157 0.00564170071632503 0.003781815623295984 0.000945239753311715 0.000480802252901985 9.759402836082464e-05
 0.05988023952095808 0.05039596832253419 0.03602676273803396 0.01749271137026239 0.01709523470332645 0.005882047644585921 0.003768167952628746 0.0009038878717479268 0.0004692306865138213 9.757696482669036e-05
 0.07653061224489795 0.04769475357710652 0.0332409972299169 0.01857142857142857 0.01061397779229262 0.005939451534075482 0.003507415035119118 0.000777097385844394 0.0004509817185736821 9.159226786039268e-05
 0.06633499170812604 0.03773584905660377 0.02506265664160401 0.006966213862765586 0.01996506114299975 0.00601550281009917 0.003523862876556373 0.0008324669868760613 0.0004226970628452231 9.345086403277063e-05
 0.0866738894907909 0.05657708628005657 0.04065040650406504 0.01422924901185771 0.01127032683947835 0.006741646935017101 0.003680695202528009 0.0007991937888997831 0.000404449337294964 9.558799661698149e-05
 0.0686106346483705 0.04332755632582322 0.02949852507374631 0.008529512111907198 0.00613443168872141 0.004367804042839422 0.00231882982571675 0.0008339733593998495 0.0004410726887791108 9.349916238675909e-05
 0.05988023952095808 0.03131524008350731 0.02017484868863484 0.01619075654989697 0.009787928221859706 0.006847193465821093 0.003752814610958219 0.0008178541454495179 0.0004420275903799079 8.964686307696721e-05
 0.05988023952095808 0.032017075773746 0.0204778156996587 0.005377307761247536 0.002804000373866716 0.004445629945763314 0.002340539072959284 0.0008128114567710098 0.000451378667451673 9.161963193605428e-05
 0.07112375533428165 0.04654771140418929 0.03264417845484222 0.01510345869204048 0.01302083333333333 0.005610622779128483 0.003488808974290161 0.0007764728719790353 0.0004685006515087185 9.74229250457838e-05
 0.07374631268436578 0.04344048653344917 0.0295159386068477 0.01263823064770932 0.01749475157452764 0.006809726282221632 0.003700661606087137 0.0009098617397330814 0.0004620454259468982 9.364599939309423e-05
 0.06768189509306261 0.03798670465337132 0.0251414204902577 0.006972285166463307 0.009091660467807256 0.005743243243243244 0.003165329691696888 0.0008058296015748213 0.000411009576523133 8.360764603866973e-05
 0.06611570247933884 0.03734827264239029 0.02482929857231533 0.009850599244787392 0.007580862533692722 0.00537215146001213 0.002862683534952443 0.0008782111983382717 0.000476592036244338 9.741905122989563e-05
 0.08244994110718491 0.05216095380029807 0.03693931398416887 0.02142761483862328 0.01671541997492687 0.005070727911734363 0.003086391735732246 0.0008464273072838918 0.0004311569705343407 8.761116413135224e-05
 0.05952380952380953 0.03138075313807531 0.02017484868863484 0.005343783398646241 0.007546536978031193 0.005736460266576683 0.00348993288590604 0.0008146497297108575 0.0004132890130067956 9.540814511260844e-05
 0.05988023952095808 0.05087209302325581 0.03621314019658561 0.01508750754375377 0.01176470588235294 0.006479306714181583 0.003842660518409838 0.0008858572883908403 0.0004510029423039779 9.549753019512534e-05
 0.08519701810436635 0.05544005544005544 0.03994008986520219 0.02258535937292414 0.01601047958663853 0.005989971076996799 0.003211097553143664 0.0007562023132034862 0.0003837019167386518 7.771872040710261e-05
 0.05988023952095808 0.03329633740288569 0.03241491085899514 0.01719690455717971 0.01599443671766342 0.006396875631270621 0.003523544505077518 0.0009426557498153164 0.0004801657257704945 9.756929012566924e-05
 0.08042895442359251 0.04882017900732302 0.04401408450704226 0.01748251748251748 0.01467782181124321 0.006058056373580143 0.00327296530656775 0.0008898587059133046 0.0004520369176585274 9.164633678634151e-05
 0.05988023952095808 0.03115264797507788 0.02002670226969292 0.005333333333333333 0.004463887152932774 0.006119951040391676 0.003561538940976396 0.0008500937035105006 0.0004321050093737325 8.765027540114941e-05
 0.05988023952095808 0.03755868544600939 0.02487562189054726 0.006944444444444444 0.005288207297726071 0.006827159089061916 0.00381168503071509 0.0009227539591912062 0.0004701904173233823 9.750399716641445e-05
 0.07585335018963338 0.05017921146953405 0.03575076608784473 0.01845804344739458 0.01055451814565235 0.00244085617724371 0.002134550955443569 0.0009260170271380865 0.0004710361814666889 9.560402723997746e-05
 0.0753012048192771 0.04385964912280702 0.02965599051008304 0.009965122072745391 0.005349500713266763 0.006438495425279567 0.003899533828455962 0.0008552657155075225 0.0004801483168351758 9.756658969525574e-05
 0.05988023952095808 0.03329633740288569 0.02005347593582888 0.01248634306227563 0.006872261833175844 0.004109417713377048 0.002158914910592763 0.0009047596130708889 0.0004607143032186285 9.359104457163976e-05
 0.08791208791208792 0.05649717514124294 0.04275534441805225 0.01421351863550221 0.01051014633357587 0.007006566619413078 0.003841412210330719 0.00083732197171799 0.0004239702944720189 8.572723308975502e-05
 0.07331378299120234 0.0432152117545376 0.02941176470588235 0.01953397516394586 0.01481591228979924 0.005809185347184253 0.003943459553249849 0.0009434688847812692 0.0004803737896296122 9.757622644853401e-05
 0.05988023952095808 0.03329633740288569 0.02457002457002457 0.006925207756232687 0.00897226753670473 0.006042397489048155 0.003857787909341984 0.0009252619647937823 0.0004611070886875715 9.360895793910518e-05
 0.0862895493767977 0.05791505791505791 0.05183265457238059 0.02102607232968881 0.0126702565726956 0.006208716347895073 0.003550813045140849 0.0008887411947000112 0.0004514535331636784 9.548512510839054e-05
 0.08849557522123894 0.05702066999287241 0.04077471967380224 0.01419110690633869 0.007778738115816767 0.005427592523491299 0.003589249759257638 0.0009021961758399542 0.000460057242867155 9.356417805860303e-05
 0.03992015968063872 0.02219755826859046 0.01427551748750892 0.003687995574405311 0.001901502186727515 0.006114994959260912 0.00397075452968139 0.0009220059776720885 0.0004700057967381598 9.556162062156066e-05
 0.05988023952095808 0.03102378490175801 0.01997336884154461 0.005338078291814947 0.00687167153410067 0.006123090671388618 0.003333633660690152 0.0008693384334521429 0.0004419060488099961 8.964150569044279e-05
 0.08290155440414508 0.05486968449931413 0.04391743522178305 0.01537042729787888 0.01180637544273908 0.006572627534253501 0.003760509280399688 0.0008908013145128963 0.000452279587442359 9.165627065379414e-05
 0.05988023952095808 0.03329633740288569 0.02467612584824183 0.006943239021003298 0.004493978069387021 0.006515175591927539 0.004032534834237079 0.0009415327384383622 0.0004685582754712672 9.550266034598226e-05
 0.05988023952095808 0.0375234521575985 0.02482929857231533 0.006954102920723226 0.004500450045004501 0.006022541512518282 0.003292933912645781 0.0008149421585101305 0.0004130479892922226 9.744867437982868e-05
 0.08359456635318704 0.05521048999309869 0.03964321110009911 0.02163916689207466 0.01587874413569109 0.005510400881664141 0.003778492469376637 0.0008704785891283028 0.0004790433211584636 9.752126809492203e-05
 0.03992015968063872 0.02219755826859046 0.01427551748750892 0.006903693476009666 0.006069539582068846 0.007342263701479874 0.004022993643670042 0.0008764190685418139 0.0004437427830166817 9.750904197366261e-05
 0.07643312101910828 0.04769475357710652 0.03302146395156852 0.01966016008987502 0.01130856219709208 0.005048570732216845 0.00316087023273036 0.0008851890552146294 0.000459553880736968 9.548155425669698e-05
 0.06700167504187604 0.03813155386081982 0.02509410288582183 0.01260438002205766 0.01839863713798978 0.004848441315902887 0.002541032976961301 0.0009277908140977813 0.0004802800915080599 9.757247643724258e-05
 0.07331378299120234 0.04366812227074236 0.02946375957572187 0.01510117789187557 0.01295830474883756 0.003812220890970482 0.00409996946831247 0.0009104433665483736 0.000462198096137204 9.556040303396316e-05
 0.07374631268436578 0.04389815627743635 0.02962085308056872 0.01265222204649692 0.008360504974500461 0.006542468800601908 0.003647459677778074 0.0008337065624339578 0.0004230547108125897 9.346047139075544e-05
 0.07843137254901961 0.06500541711809317 0.0493421052631579 0.02006305531670966 0.01324090661266454 0.006317426377684907 0.003472685989047683 0.0008123115485559228 0.0004309897287311466 8.760446583674709e-05
 0.0690846286701209 0.04788507581803671 0.03309431880860452 0.01396214706794911 0.007707459107647512 0.006071545782737118 0.003930884790894019 0.0008869213802039147 0.0004512923147862003 9.749553858425734e-05
 0.05988023952095808 0.03329633740288569 0.02457002457002457 0.006925207756232687 0.01319551352540136 0.004660153957678898 0.002488204069595989 0.0009218041243052861 0.0004699597792755571 9.555973717886951e-05
 0.05988023952095808 0.03329633740288569 0.02839295854628052 0.01377621307209552 0.007652410509310433 0.006343059357681778 0.004043529473813751 0.0009099392470349533 0.0004620681383373018 8.166788936112405e-05
 0.05882352941176471 0.03141361256544502 0.02006688963210702 0.005342831700801425 0.007556675062972292 0.005274910766092873 0.003922628335323704 0.0008715170788296881 0.0004787507926256745 9.7592551099161e-05
 0.07042253521126761 0.03925417075564278 0.02559181062060141 0.01260636621493854 0.007640067911714771 0.007068386640749249 0.003900052296155789 0.0009272173049656349 0.0004710722389278396 9.560716926293245e-05
# name: avgRateB
# type: matrix
# rows: 100
# columns: 10
 0.1192219201003974 0.1159095157973453 0.1101732563305198 0.08265424912689173 0.0635073580939033 0.032384 0.01969984876100361 0.005373673432078429 0.002797996174794271 0.0005804842387632713
 0.1080802882141019 0.1004248744689069 0.1006197593875319 0.08162700608743775 0.06912881365157988 0.03399232812038949 0.0212887058980064 0.005461966931272693 0.002848234954533377 0.0005903502302266846
 0.1182375906302287 0.1103752759381898 0.1052230270682425 0.07749664879356569 0.06314639724203844 0.03210696457238361 0.02058434329643555 0.005399973274708539 0.002817627843893866 0.000590918667061403
 0.110065170166546 0.1111259874146472 0.1045053413841152 0.07953798803472006 0.06325125452211459 0.03132933614217037 0.0202499825431185 0.005367098786927973 0.002826666717086586 0.0005909808028088785
 0.1037663335895465 0.08723939080289812 0.09215541270834518 0.07525703988976433 0.06297890206780728 0.03203255199878795 0.02069582727374427 0.005435670855438701 0.002831904465320173 0.0005915750220010509
 0.1149425287356322 0.1013171225937183 0.09595254710397766 0.07744733581164807 0.06620944341862306 0.03232015969961263 0.02046953754267408 0.005371829612164902 0.002811221251689115 0.0005840465795955507
 0.09073543457497613 0.09883563498510696 0.09243908565687013 0.07418007651645687 0.06196168043592899 0.03198884264588683 0.02038671710802858 0.005346444063517961 0.002862098540425467 0.0005924489899438224
 0.105977108944468 0.1032588101553619 0.1002898284031835 0.08249223602484472 0.06806493899364727 0.03300521807849199 0.0208096726179979 0.005468248496231664 0.002836216180996585 0.000592122473899578
 0.1167639699749791 0.09997881804702394 0.09696133717392186 0.07592638441858546 0.06528080003703875 0.03324913352523057 0.02084530280932809 0.005403148112194996 0.002818475825598449 0.0005846088540695415
 0.1195652173913044 0.1032938076416337 0.0969090157534561 0.07572706033996617 0.06394425824660434 0.03327501629446675 0.02096872643711177 0.005403712258733407 0.002818650869482133 0.0005843013093301035
 0.1067615658362989 0.09816006939688626 0.09535636670066971 0.07449009754655631 0.06208955223880597 0.03053001929406424 0.01938640933430385 0.005307855626326964 0.002802648266698877 0.0005868058773054111
 0.1100155682407888 0.09707597760989549 0.09468540012217472 0.07753038736794275 0.06468158503926286 0.03337549184935357 0.02066056823686985 0.005351323622218696 0.002781491761988709 0.0005749344822506821
 0.1211583924349882 0.1042196237925775 0.08957832641468211 0.08051055473735887 0.06617558265909915 0.03319927362663072 0.02122688548878822 0.005447347234224851 0.002843796372728184 0.0005900782111046383
 0.1149058410469199 0.09642521166509878 0.08381030253475062 0.07293089319857962 0.06354570768974463 0.03224705869404915 0.02061092169247107 0.005433711482813816 0.002826861895818161 0.0005901781288303403
 0.1070866141732283 0.1014050091631032 0.09363504626017166 0.07380394199878441 0.06311778015958081 0.03242388295769079 0.02054779860303508 0.005314839659776444 0.002762947719848613 0.0005908620321345948
 0.1177996325516049 0.107754963516036 0.1007479774080293 0.07807176924823983 0.06617424330684811 0.03349988644106291 0.02127091940845213 0.00548914144670191 0 0.0005909102536214569
 0.1173139158576052 0.1053779069767442 0.09355995633868705 0.07827141439753059 0.06793154407207895 0.03435898646893523 0.02150521741700907 0.005437443243182642 0.002839495359109534 0.0005852599794266238
 0.1159618008185539 0.09682885499878964 0.08409375559134014 0.07483129551680363 0.06194534750900624 0.03215081254869257 0.02066946492187224 0.005408466246088844 0.002834113982738534 0.0005896900802651309
 0.1156326439848788 0.1062740076824584 0.09757204447469935 0.07883185523604766 0.06792569340812021 0.03304139226469324 0.02100598526703499 0.005413300939161837 0.002821686622527199 0.0005844566623403666
 0.08856682769726248 0.06307339449541284 0.08108655990269613 0.07575337144125645 0.06596114815888664 0.03315107913669064 0.02033991545544038 0.00520508208655255 0.002778002406967839 0.0005778688119056808
 0.1136066858187516 0.1060716898317484 0.100311310965064 0.07947850942935825 0.06494852483935605 0.03337281880723495 0.02116807305513813 0.00545568668666477 0.00285142638074839 0.0005920222331078633
 0.1203585147247119 0.110803324099723 0.1048448465375835 0.07916383202424392 0.06508546810580443 0.03326968358656561 0.02078367536771118 0.005391410911994877 0.002810956012855567 0.0005808967062561981
 0.1139772045590882 0.0970873786407767 0.09818506396905682 0.07924729906209189 0.06797111227728216 0.03356721601902143 0.02118446949364824 0.005484335367107698 0.002845130693385264 0
 0.1005434782608696 0.08716136631330977 0.0941522618609783 0.07434280956345901 0.06330156488998706 0.03266775177093601 0.02068338457907924 0 0 0
 0.05747126436781609 0.09022944057746843 0.07782966422059151 0.07707653246282191 0.06520681265206812 0.03322979947928562 0.02104654106245254 0.005391358529073227 0 0
 0.1133033795663216 0.1013120744062448 0.1034634575873202 0.08022549869904597 0.06825237985271855 0.03349573690621194 0.02071344641619716 0.00539256409135295 0.002820430973286898 0.0005862217296551352
 0.1158536585365854 0.1063829787234043 0.09907529722589169 0.07996388727671375 0.06700004855075982 0.03371629813521159 0.02127132596121625 0.005434074625476877 0.002813080438686407 0.0005794126739775846
 0.1215014102842265 0.1051903114186851 0.101018010963195 0.07898954437914982 0.06649102998369089 0.03282819909142156 0.02098030104619891 0.005416352242828841 0.002821557078665011 0.0005844461253599297
 0.1176877812391831 0.09838753757857338 0.08454673555659933 0.07288963517020303 0.06378057612784151 0.03239690299642113 0.02082949569948847 0.005414165224116975 0.002817063355179947 0.0005914667762825383
 0.113314447592068 0.09626955475330927 0.0840866092074837 0.07361671811921158 0.06360605283406001 0.03180612570573281 0.02042561612563521 0.005373981939063402 0.002815224276363719 0.0005907827614727443
 0.1360294117647059 0.1250130221898114 0.1146079679825359 0.08605913440937009 0.07155272305909617 0.03462281925175561 0.02136308340503813 0.005473182324927039 0.002850809850026356 0.0005904230995706951
 0.1155888784754764 0.09826325411334552 0.08604371020478403 0.07775013328594277 0.06589865076120158 0.03327902381530141 0.02099722224247417 0.005439713225694623 0.0028467847095181 0.0005920611529866218
 0.12247974373469 0.1105527638190955 0.1042601670924532 0.08459840834615127 0.07163085124104614 0.03485305199698568 0.02183889388953652 0.005504842222325193 0.002821388027592412 0.0005807169852979504
 0.1208204551840405 0.1095214602861371 0.1026278961281294 0.08233373553836326 0.06884632003456718 0.0329617852941519 0.02073837405284988 0.005427956383684267 0.002851994822532476 0.0005920479055859819
 0.125 0.1137832945435738 0.1040130404408911 0.08184897139989965 0.0701039655035581 0.0339984862864763 0.02114480831446738 0.005502615122437787 0.002807213201158787 0.0005838347055098163
 0.1167728237791932 0.09940357852882703 0.09037328094302555 0.07849866734820549 0.06531537610320909 0.03265730859496081 0.02093267484105359 0.00543662553260501 0.002827447131530924 0.0005847315685672095
 0.05859375 0.03128258602711157 0.02018842530282638 0.08116826806340838 0.06822170639189266 0.03359841434821493 0.02108034994819846 0.00541577013715072 0.002831873208103719 0.0005896159918102734
 0.1306607275426875 0.120514927417146 0.1114911947295072 0.08511539275883973 0.06944921955580004 0.03393156936464023 0.02136016973450312 0.005506231464971684 0.002860090697507018 0.0005828562932124005
 0.1168298073886959 0.1008434176751008 0.09462191670036393 0.08023032629558541 0.06627873600709756 0.03326602313447644 0.02114104300589799 0.00545069889045943 0.002831172844541738 0.000585048384493005
 0.1217339667458432 0.1040681173131504 0.09152351450295691 0.07509762691498947 0.06286745445020082 0.03259643582224227 0.02075493378529775 0.005418073222963815 0.002822439831801721 0.0005845153753302017
 0.1210716125708398 0.1064673235927059 0.100726670983524 0.0826291665367466 0.07079411374784568 0.0341910677314404 0.02136390090096727 0.005485453424266689 0.002854477218781311 0.0005906026009504341
 0.1055555555555556 0.08494733265375466 0.08183001673795796 0.06767109295199182 0.06239928686529297 0.0328844165049559 0.0206754464513217 0.00540139703930203 0.002831838224114338 0.0005896323246729272
 0.09230769230769231 0.09238349414904537 0.08652037617554859 0.0776657522533756 0.06536339649796115 0.03230659777702616 0.02047413037533569 0.005402169628126323 0.002842086452657874 0.0005916438517716469
 0.1288810779144698 0.118514616802739 0.1099035291244352 0.087569573283859 0.07269623568884834 0.03469771114753707 0.02161710882350749 0.005459343620340589 0.002833541446546922 0.0005893666780386747
 0.1264334019406057 0.1085036588443099 0.09431892958982234 0.08492482730597319 0.06896551724137931 0.03404883507744324 0.02125240575746993 0.005486140132219659 0.002854687770919928 0.0005906174667782629
 0.1187937861711849 0.1006789978927652 0.1041264944080216 0.07885044353374487 0.06850996955112464 0.03415685218285546 0.02109513224152793 0.005237251207270274 0.002832177734887185 0.0005880802664221414
 0.1098901098901099 0.09198045415349239 0.0786434013271074 0.07958948581003247 0.06702412868632708 0.03293926000455161 0.02051259100131281 0.005432642524829729 0.002840140138995315 0.0005899926943857642
 0.07722007722007722 0.04765687053216838 0.0912079753950578 0.07892382413087935 0.06722823054234316 0.03338937696843402 0.02084220105385214 0.005467618532118144 0.002854246335777739 0.0005921704373465853
 0.1177240026160889 0.1130225213994848 0.1068991660348749 0.0838352039419655 0.0705669976204152 0.03446877534468776 0.02137733142037303 0.00550807357899095 0.002860623327903268 0.0005899632599390001
 0.1129943502824859 0.09748356381772841 0.08521739130434783 0.07680388061712592 0.06512482257660517 0.03230845700489952 0.02060837038605406 0.005396951273239933 0.002812304501791648 0.0005825137688224762
 0.1249652874201611 0.1113097172570686 0.1059970121647578 0.08586290437508906 0.07207529187514891 0.03315086593365108 0.02092080393599677 0.005442567126526815 0.002836876722901141 0
 0.1045856798069187 0.1034320639398213 0.0941937297905244 0.08237946583420049 0.06708434304627933 0.03242558266660041 0.0213129644330966 0.005503750122356861 0.002859602169843096 0.0005908259012523724
 0.1013357899585444 0.08867494299467951 0.07695690413368514 0.07535772035268634 0.06457762421065173 0.03295450698026115 0.02094972067039106 0.005426155541208432 0.002785138118840883 0.0005919428852325692
 0.1267828843106181 0.1164769009291977 0.1094503942567965 0.08654871029631209 0.07062067413201284 0.03339623578487361 0.02116825489197643 0.005454658607927193 0.002836928373309104 0.0005904037985550165
 0.1196990424076607 0.1000263227165043 0.08640291041382446 0.07619575381844629 0.06369426751592357 0.03169498779627295 0.01999824832861355 0.005389045540156554 0.00282374148599158 0.0005893671442847901
 0.1084934903905766 0.09191176470588235 0.09607112130771438 0.07839388145315487 0.0665619425437312 0.03317425212431614 0.02088294559443122 0.005472408410614269 0.002851049865627532 0.0005904605354407095
 0.1296596434359805 0.1060376541874053 0.09388771795363096 0.07533099984781616 0.06460439309873071 0.03330932661145121 0.02117906257773356 0.005498264093209367 0.002862652060439297 0.00059252929552032
 0.127208480565371 0.1184875413835163 0.1101385849744712 0.08569728228526086 0.06965306393725908 0.03399720023056924 0.0213170861239784 0.005474811275171731 0.002851527289498916 0.0005904769151266712
 0.05988023952095808 0.03329633740288569 0.02014775016789792 0.07895931024050824 0.06761565836298933 0.03364219856934542 0.02128447831235154 0.00550240247037628 0.002863767971580695 0.0005925769725777574
 0.1101796407185629 0.1019108280254777 0.09517629245078953 0.08016216714272552 0.06877542984643654 0.03295241174349346 0.02074145233832584 0.005412819545065405 0.002816534398123843 0.0005826957208530744
 0.130718954248366 0.1096709870388834 0.09521748539277212 0.08498769483182937 0.07228446718007173 0.03476340916297697 0.02177280299266447 0.005533880159925422 0.002867640124636493 0.0005846088540695415
 0.08055235903337168 0.09583009583009583 0.08269588587967749 0.07683967378494319 0.06869454346751321 0.0338642919854509 0.02147986895110256 0.005502134385016469 0.002859094607248668 0.000590960173448794
 0.1121435437359821 0.09388480081197666 0.1027344353468253 0.08136152818174672 0.06599994961835907 0.03280429523865715 0.02054541423398123 0.005259853427887224 0.00272914486473916 0.0005896837791052479
 0.05988023952095808 0.03329633740288569 0.07963118189438391 0.07281757723714116 0.06335641667894505 0.03214110057533714 0.02057369217572025 0.005412943356758839 0.002821160424570299 0.0005844639573955494
 0.1226597805035507 0.1057993730407523 0.09487818605773096 0.07797270955165692 0.06601749463607856 0.03319511740588893 0.021019968970522 0.005438389499299462 0.002827813026919822 0.0005847524316781206
 0.05988023952095808 0.03080082135523614 0.1020250425104344 0.08637571688348021 0.07251838951992307 0.03507716977350171 0.02184496782899789 0.005503022931749458 0.002845490813405252 0.0005855141419528425
 0.09688581314878893 0.1109467455621302 0.1062699256110521 0.08311913743031679 0.07017351498040075 0.03411730545876887 0.02116751611958896 0.005394091991435955 0.002802268301835006 0.0005861147050239139
 0.1149425287356322 0.1074806534823732 0.1030786146234195 0.08263868927852831 0.06941091260260744 0.03306285304402403 0.0211030831962229 0.005480731916803224 0.002853304710920976 0.000590557071693034
 0.05988023952095808 0.03167898627243928 0.02032520325203252 0.07884362680683311 0.06669025777826171 0.03172793297474159 0.01950431609182266 0.005212555394994834 0.002702541543160839 0.0005780142005420268
 0.03992015968063872 0.02219755826859046 0.01427551748750892 0.07750196562956306 0.06492794915347104 0.03149861614535685 0.01986576004791154 0.005383726957739562 0.002817748771042681 0.0005858880162148468
 0.0948509485094851 0.1103272290603422 0.1035539215686275 0.08106543138390272 0.06783033372524193 0.03332401193139448 0.02092050209205021 0.005436755786458976 0.002827663946997117 0.0005898627144017357
 0.1153212520593081 0.1016890727335402 0.09186526427905738 0.07934327127842275 0.06701564657156005 0.03125742363811405 0.02048603847624269 0.005416642267377174 0.002830207558083578 0.0005896677934334357
 0.1200282419392798 0.1078082478543019 0.1001639045711164 0.0856970022852534 0.07272623563300344 0.03451859550144755 0.02117440479264577 0.005465939101708796 0.002859711936802286 0.0005908318754193321
 0.09803921568627451 0.09945580784387315 0.09410511363636363 0.06874733832207823 0.06564249026878873 0.03393324531535914 0.02132486063702654 0.005504980344633937 0.002863044626987558 0.0005909853709305799
 0.03992015968063872 0.02219755826859046 0.01427551748750892 0.08570020097834743 0.07104185923676218 0.03461653237839451 0.0215871787046204 0.005520016984667645 0.002868534763955086 0.0005916840098682603
 0.1247201790853854 0.1114045221983826 0.106090373280943 0.08159308478410147 0.06689397629485307 0.03361583258368449 0.02101143715341959 0.005398075853098643 0.002807949660075173 0.0005808967062561981
 0.05870841487279843 0.08864084044648719 0.07419183889772125 0.0751143043762247 0.06451768217819399 0.03297874702969198 0.02112060076375506 0.00548763532637619 0.002855174620755204 0.000592231194381766
 0.1176096630642085 0.09983810037776578 0.08539709649871904 0.05535519583997316 0.06416244653129455 0.03246972114239489 0.02088223958515819 0.005475102979705374 0.002851775613107832 0.0005904914236074508
 0.1243891603731675 0.1148825065274151 0.1059981492386641 0.08033169214822493 0.0685646146966761 0.03417569193742479 0.02124714772004638 0.005402495003604705 0.002825770261059167 0.0005917938578131139
 0.0947119179163378 0.09848666826807591 0.08586387434554973 0.07957785437678198 0.06476021677630457 0.03294047917569016 0.02089690378747343 0.005363612067941561 0.002780260343963419 0.0005769605953757501
 0.113560454241817 0.1020130576713819 0.09413832057236099 0.07538783336238451 0.06715802744508557 0.03354118881038279 0.02111057474080105 0.005422040130499069 0.002814414798634865 0.0005827639821729722
 0.1172529313232831 0.1016381681214875 0.09442248572683355 0.07832150020694705 0.06694199260398953 0.03278380315617546 0.02073750905920595 0.005382308680895001 0.002808248226218722 0.0005824812234007671
 0.1158047111462035 0.1061477222467935 0.09935831090871455 0.08188292645770652 0.06813932114220518 0.03335686149502493 0.02116960247388119 0.005430185180396662 0.00282131841937075 0.0005829008995112554
 0.05859375 0.1238981692658571 0.1182919792267744 0.09208347134812853 0.07834296181485134 0.03618693134822167 0.02190191950273388 0.005522006217369963 0.002859905093519859 0.000589266188997309
 0.1163188504960657 0.097926267281106 0.09636496706513785 0.0790144435004248 0.06700453194288777 0.0336176980913823 0.02093535659646734 0.005412605683419445 0.002821152330749987 0.0005844660417304792
 0.07173601147776183 0.1086718693020203 0.1039776692254013 0.08309891033724577 0.07069044599735586 0.03379434756464221 0.02080292228169272 0.005428751773545601 0.002825532469199301 0.0005846538086430067
 0.1179642736771149 0.0986378581493659 0.09767598518019535 0.08268416017493507 0.06948184854034256 0.03412177061813793 0.02150191615715414 0.005498266569985737 0.002858134846418412 0.0005889704281319246
 0.1305483028720627 0.1105021216407355 0.1055980504975293 0.08270099752749595 0.06744776275075617 0.03374591590947032 0.02105153534872649 0.005445660864639813 0.002847930963867471 0.0005919028091628138
 0.03992015968063872 0.02219755826859046 0.01427551748750892 0.08382058306415342 0.06959449978953276 0.03366042902784117 0.02130600023033514 0.005495257796050076 0.002852691615391856 0.0005889704281319246
 0.1100208147487362 0.09453244762391416 0.1014040561622465 0.07587187998448076 0.06533015561474835 0.03408116016970067 0.0213768142649693 0.005516526439526467 0.002863044626987558 0.0005909853709305799
 0.07900677200902935 0.09479434447300772 0.08620689655172414 0.07438894792773645 0.06459575138513247 0.03272962783059237 0.02087667847784871 0.005452020378768064 0.002836414580320841 0.000588418497500113
 0.08832188420019627 0.099703012303776 0.1009505563333579 0.0762070654836427 0.06820944018652182 0.03372984911594186 0.02098925887748547 0.005475398248238807 0.002856517780628988 0.0005922672087793412
 0.072992700729927 0.04359197907585004 0.02939447383891828 0.008526603001364257 0.06537853931218861 0.03316117254208695 0.02087697598432797 0.005408189544166882 0.00281537193074185 0.0005898711210777777
 0.05988023952095808 0.1071581654522075 0.1004318569850357 0.07599543313829028 0.06339690707976339 0.03233388751934874 0.02046622347374227 0.005340680144824513 0.002778709337421549 0.0005858743323308812
 0.1239859176488596 0.1143099068585944 0.1033745247148289 0.08564957792876261 0.07034327518289252 0.03446239863114389 0.02141343655707879 0.005343956471045472 0.002856852515468226 0.0005907104244333689
 0.1236433576040665 0.1148691767708998 0.1056259728708028 0.08331072964699501 0.06841474777053108 0.03384541251247691 0.02139161101957043 0.005497941961658312 0.002858049870093002 0.0005908605765331989
 0.1057890096973259 0.09411764705882353 0.08474576271186442 0.06977323697981561 0.06308047457991088 0.0318892077809667 0.0205293542209179 0.005450259070200434 0.002845110467619683 0.0005903565456376316
 0.1090342679127726 0.1043503821281599 0.09548144163528778 0.07011973275120725 0.06525602576918806 0.03240291262135922 0.02050389012161897 0.005413440177865004 0.002839565498994281 0.0005915351127527255
 0.07947019867549669 0.1104972375690608 0.1037430924825357 0.08487139574531169 0.07065772404846679 0.03350748954442224 0.02090910429520121 0.005406647970208267 0.002814784319545039 0.000589854191210935
 0.1208094231350045 0.1102281466290695 0.1011192589733694 0.0766425286748771 0.06834412675659764 0.03419689119170984 0.0216125745888517 0.005521965150264385 0.002728866895673689 0.0005896646430748043
