# Created by Octave 3.0.1, Tue Sep 08 22:10:34 2009 PDT <jwawerla@daneel>
# name: prtA
# type: matrix
# rows: 100
# columns: 10
 269.6 540.3 843.1 1397.6 1444.4 1580.6 1645.8 1803 3233.1 3393.3
 433.8 488.1 508.2 725.9 770.5 1930.7 1993.8 2149 2207.5 2367.4
 148.5 170.7 326.6 676.4 1116.2 1716.9 2079.3 2233 2294.8 2454.6
 228 255.2 275.7 622.6 668.3 1386.4 2073.7 2878.7 2940.5 2933.2
 155.1 230.6 766.7 1137.1 1183.2 1948.3 2007.9 2063.1 2395.1 2553.9
 245.5 484.3 646.1 1019.9 1067.9 1192.1 1252.5 1405.5 2681.8 2870.4
 124.1 561.9 619.6 1080.2 1129 1254.7 1315.4 2257.8 2321.5 2510.2
 173.7 301.2 685.3 1037.5 1087.6 1213.8 1970.8 2134.3 2202.6 2450.6
 205.3 691.6 714 964.3 1315.1 1441.8 1503.2 1549.5 1617.1 1776.4
 48.1 60.7 327.7 1060.8 1583.7 2026.6 2088.1 2242 2301.8 2483.9
 242.2 280.8 459.5 817.8 1036.5 2227.6 2149.1 2294.5 2798 2956.5
 186.4 612.8 640.8 1449.1 1502.3 1635.9 2347.9 2047.8 2429.2 2588
 247.3 372.3 398.8 806.4 851.2 977 1036.7 1650.8 1718.4 1877.8
 156.1 183.9 236.4 585.3 868.8 1431.1 1490.9 1969.9 2035 2014.3
 170 476.7 659.3 838 882.8 1426.4 1486.4 2418.9 2484.1 2565.7
 57.7 130.8 146.4 473.1 514.1 1326.1 1708.9 1868.2 1934.4 2100
 88.3 175.8 250.2 798.7 920.4 1672.9 1867 2026.5 2092.8 2258.4
 60.9 71.90000000000001 182.7 352.1 393.6 1444.3 1503.2 1663 2073.8 2998.5
 107 236.5 257.3 729.5 810.3 1548.5 1607.6 1767.6 1834 2742.3
 68.7 78.7 165.2 438 478.8 1497.7 1557.2 1715.3 1782.1 3144
 70.2 80.59999999999999 126 506.9 706.4 1443.6 1503.2 2028.3 2579.4 2738.1
 78.7 117.6 129.8 596.6 798.6 1240.1 1299.7 1994.5 2049.6 2809.4
 45.6 52.6 59.2 131 750.7 1517.8 1679.1 1835.4 1902.3 2049
 68.7 120.7 150.7 277.9 559.1 1473.5 1533.3 1927.3 1994.3 2182.3
 55.8 63.7 71.2 431.6 560.6 797.8 1278.3 2124.2 2191.2 2773.6
 78.90000000000001 151.8 165.2 348.5 745.5 1218.7 1579.4 2020.7 2087.7 2963.8
 47.3 54.1 60.8 180 910 1120.4 1553.1 1859.8 1926.8 2115
 40.1 65.40000000000001 73 120 367.4 1663.6 1722.8 1860.2 1928.8 2608.3
 40.1 40.1 175.9 212.1 487.2 1075.7 1135 1744.1 2854 3031.1
 70.7 130.3 142 360.8 668.2 991.4 1050.9 1746.7 1814.2 1991.3
 70.09999999999999 79.2 153.5 282.8 341.3 1065.7 1336 1695.2 1762.8 2354.1
 82.5 92.7 100.8 158.2 402.7 869.8 928.3 1819.3 1886.8 2066.9
 59.7 67.59999999999999 73.8 112.1 134 928.6 1311.5 2014.7 2082.3 2261.7
 85.2 108.5 117.3 144.5 252.7 1162.7 1221 1386.3 1453.9 1633.1
 42.1 47.2 51.6 66.2 132 809.5 867.5 1648.8 1716.4 1892.2
 53.4 60 65.5 83.7 620.4 1164.3 1354.2 1761.3 1828.8 2762.9
 61.1 68.7 74.5 191.3 633.8 740.3 996.5 2089.5 2156.7 2315.7
 70.8 78.8 84.7 150.7 173.9 1101.5 1709 1878.1 1945.6 2608.1
 70.90000000000001 79 159.1 218.6 244.7 752.3 1080.6 1981.7 2291.1 2773.8
 51.3 57.6 61.9 128.9 150 1099.8 1385.8 1857.3 1975.1 2134.2
 51.3 57.9 62.4 204 473.4 574.5 844.1 1742.3 2037.4 2213
 53.3 60.3 65.09999999999999 114.7 194.1 782.3 838.9 2388.3 2829.1 2999.7
 52.9 59.9 64.7 80.90000000000001 617.8 1033.3 1090.4 1676.6 1749 2963.2
 40.1 40.1 40.1 66.2 123.6 1133.1 1189.6 2317.6 2384.6 2543.5
 51.7 58.1 62.2 76.8 214.4 927.3 1062.8 2120.2 2187.4 2346.4
 40.1 48.9 52.4 65.09999999999999 122.8 1049.6 1234.7 1761.5 1833.1 2007
 71.7 81.2 86.90000000000001 210.6 236.5 1082 1138.7 1945.9 2017.6 2192.2
 40.6 106.3 202.9 405.2 545.8 956.2 1012.7 1382.2 1683.5 1858
 40.1 94.09999999999999 100.3 386.2 459.7 796.8 1161.4 2015.8 2310.5 2484
 41.5 58.4 62.7 77.59999999999999 134.9 1150.7 1279.2 2020.2 2091.4 2588
 81.7 90.90000000000001 97.09999999999999 165.2 275.7 1172.9 1449.2 1991.6 2058.9 2681.7
 61.3 68.59999999999999 73.5 139.7 344.4 959.7 1015.6 1709.8 1781.1 1958.6
 72.8 93 99.2 208.3 233.5 326.6 775 1841.6 1912.9 2090.3
 40.1 71.2 76.3 145.4 622.4 952.1 1008 1419.4 1487.2 2972.6
 59.3 66.09999999999999 71 139.7 204 872.3 1330.5 2429 2495.9 3074.2
 50.3 68.3 73 89.09999999999999 161.7 776 831.4 1833.1 1903.3 2076.2
 40.4 44.7 47.8 58.8 70.5 625.4 680.8 1672.9 1269.1 1982.1
 40.1 46.8 49.8 183.4 250.2 736.6 791.7 953.2 1023.4 2943.9
 58 63.8 67.7 98.40000000000001 115.2 992.8 1047.8 1206.6 1280.7 1787
 67 134.8 141.4 192.9 276 616.6 1213.4 1683.7 2079.3 2152.9
 78.3 85.8 90.8 108.4 126 841.6 1084.1 1242.7 1878.6 2048.5
 40.1 45.8 98.3 177.4 199.9 1129.7 1184.8 1343.9 1796.9 1967.1
 40.1 66.40000000000001 70.40000000000001 84.90000000000001 232.5 774.2 829 1645.7 2187.1 2726.9
 40.1 40.1 48 133.9 153.9 579.2 634 1926.7 1999.9 2169.1
 58.6 64.5 68.59999999999999 212 300.9 789.8 1398.2 1923.8 1995 2164.2
 72.3 79.5 84.40000000000001 129.8 206.3 859.6 965.3 1125.5 1993.6 2160.5
 40.1 55.8 59.5 72.5 106.6 800.9 920.5 1525.4 1596.4 2766.8
 40.1 44.3 47.2 73.40000000000001 144.8 712 840.3 2132.3 2199.5 2175.9
 65.90000000000001 72.90000000000001 77.7 237.2 314.1 518.3 1375 1832.8 1903.9 2133.1
 59.5 66 70.5 128.6 204.1 940.1 1155.7 1315 1997.9 2164.6
 64.2 71.40000000000001 76.2 121.2 276.3 818.8 1240.1 1767.5 1838.3 2165.7
 84.90000000000001 93.8 99.3 172.2 318.5 797.2 1026.8 1683.6 2283 2449.9
 40.1 40.1 61.4 75.2 221.5 488.9 837.4 2054.3 2127.1 2294.2
 40.1 44.4 47.5 58.4 128.3 751 1248.4 1774.8 2415 2582.3
 82.7 91.90000000000001 97.90000000000001 132.7 242.5 1086.2 1142.1 1302.2 1375.2 2158.7
 40.1 44.7 47.9 59.4 71.59999999999999 1004 1059.9 1220.2 1762.9 1931.6
 57.5 64.2 68.90000000000001 131.9 194.8 1110.7 1236.5 1570.5 1716.8 3770.3
 57.2 63.8 68.5 229.8 605.6 763.5 819.7 1609 1682.1 2496.9
 40.1 40.1 73.8 123.6 222.8 1090.9 1147.1 1627.8 1700.7 1866.8
 40.1 40.1 40.1 79.40000000000001 153.2 1128.2 1184.6 1342.6 1413.6 2520
 67 74.7 92.90000000000001 142.2 431 850.7 907.1 1800 1871 2094.5
 49.8 55.4 72.09999999999999 89.09999999999999 193 792.7 849 1321.5 1726.9 3397.5
 69.3 77 82.5 280.7 329.5 805.7 1050.5 1869.2 1939.8 2108.3
 49.9 55.8 59.8 150.3 302.1 881 937.4 1817.7 1889.8 2644.1
 49.1 66.09999999999999 70.8 119.7 138.9 717.1 773.6 1758.7 1826.1 1985.3
 40.3 45.1 48.4 60.8 189.2 924.1 1170.4 1627.9 1695.5 3151.3
 40.1 66.5 71.40000000000001 165.7 188.2 855.2 1096.9 2157.7 2425.6 2596.5
 59.7 78.09999999999999 83.5 162.8 305.1 885 1180.6 1510.8 2391.3 2961.7
 40.1 40.1 40.1 67.90000000000001 124.4 862 919 1528.3 1598.7 1937.2
 40.1 40.1 75.5 154.6 176.9 991.5 1376.8 1647.9 1718.3 2981.8
 85.5 96 127.8 154.2 274.3 940.8 1176.5 1645 1715.5 1937.2
 48 76.2 82 214.8 303.1 777.5 1420.5 2082.3 2152.9 2320.5
 93.59999999999999 104.9 170.7 217.6 265.6 932.5 989.8 1764 1834.7 2002.5
 57.2 64.8 70 197.9 333.9 814.7 1360.5 1709.3 2122.7 2290.5
 47.7 107.4 163.7 194.1 566.4 1409.1 1466.6 1671.5 1748.2 1911.9
 40.1 40.1 64.09999999999999 81.8 455 1076.7 1417.7 978 1054.5 2002.1
 40.1 40.1 88.59999999999999 172.6 403.5 1005.8 1150.9 1911 1978.3 2137.5
 58 66.09999999999999 71.59999999999999 140.3 439 1038.6 1096.4 1666.7 1735.6 1903.6
 81.90000000000001 150.1 159.6 209.7 236 751.2 1551.6 1708 1777 1945.1
 40.1 47.3 64.90000000000001 84 182.7 1243.1 1301.2 1866.7 1935.7 2104
# name: prtB
# type: matrix
# rows: 100
# columns: 10
 344.2 379.1 826.2 1053.5 1701.9 2792.8 3343.2 4265.2 4455.7 4937.2
 368.1 472.8 493.9 2336 2574.2 3424.6 4137.5 4426.1 4493.2 4652.3
 452.2 693.4 776.1 2875.2 2946.6 3785.8 3844.6 4097.6 4165.5 4325.2
 1192.5 1366.2 1430.6 3087.2 3124.4 3245.3 3307.2 4864.2 4930.2 4909.9
 1236.1 1891.2 2266 2991.9 3126.6 3615.6 4006.4 4079.9 4145.4 5430.4
 1261.2 2257.7 2496 3131.3 3175.3 3304.8 3367.6 4931.7 4996.1 4583.4
 1444.1 2339.7 2377.4 2986.7 3347.5 3477.7 4820.7 4975.3 5039.7 4965.7
 1342.9 1937.6 2113.9 3275.1 3553.3 3879.4 3942.5 4861.9 4930.2 4909.9
 686.7 1862.2 3054.8 3452.7 3901.8 4344.9 4408 4320.2 4385.4 4542.7
 1061.9 2123.4 2368.7 3661.4 3747.3 3879.8 3943.2 4873.9 4938.5 5108.6
 1370.9 1871.7 2307.5 3122.6 3170.7 4139.1 3728.9 4795.3 4526.2 4686.6
 1303.6 1412.7 2493.4 2697.4 3116.2 3606.6 4063 4221.3 4288.1 4250.2
 881.5 1634.2 2389.4 2687 3053.8 4734.2 5045.7 5483.5 5550.3 5714.7
 910.2 1167.6 2580.6 3136.3 3267.5 3887.4 3947.1 4349 4417.3 4641.8
 1022 1127 1144.5 3475.7 3591.9 3992.8 4052.1 4208.2 4275.1 6040.3
 202.8 1891.6 2375.3 2933.3 3557.3 4031 4266 4421.1 4705.1 4472.4
 812 980.8 997.2 2811.7 2848.8 3738.1 4208.4 4377.9 4445.1 4628.8
 345.1 605.5 838.2 2877.5 3480.1 4508.8 4568 4557.5 4622.5 4779.7
 333.9 1245.7 1545.3 2839.1 3013.9 3814 3873 4208.8 4276.2 4453.2
 1205.1 1263.1 1279.3 2785.1 2852.2 4096.2 4155.3 4696.2 4763.6 4940.6
 584.7 615.5 658.5 2293.8 2840.6 3243 3793.8 5317.4 5384.9 6081.9
 290.1 719.1 733.7 3097.6 3225.8 3644.1 3703.2 4547.1 4614.6 4797.7
 1560.7 1578.8 1641.9 2536.6 2570.7 2770.9 3002.2 3821.2 3888.7 4069.5
 913.3 1129.7 1211.5 2512.9 3039 3773 3832 4226.2 4305.2 4848.2
 787.8 861.7 875.6 2141.6 2862.4 3811.6 3870.2 3886 4092.5 4250.2
 515.7 639.9 988 1823.9 2618.6 3902.2 4265.8 5263.4 5330.9 5509.4
 446.8 465.5 1010.1 2467.2 3128.4 3439.3 3497.4 4529.9 4597.5 4774.4
 318.4 798.7 811.8 2600.3 3116.4 3656.1 3714.1 3871.4 3938.9 4620.7
 484.6 502 542 2985.6 3145 3434.8 3492.7 3958.5 4026 4201.1
 452.2 676.1 1183 2123.6 2987.6 4049.1 4198.3 4837 4912.1 5108
 40.1 337.4 349.7 2804.2 2879 3743.1 3800.7 4642.5 4717.7 5274.3
 353.4 1160.8 1198.2 2395.4 2508 3603.4 3746.8 3779.9 3845.6 5212.3
 295.8 795.4 821 2689.4 2917.9 3529.9 3956.5 4650.8 4718.3 4737.3
 315.4 393 1095.2 2262.3 3161.8 3659.1 3715.8 4927 4994.5 5166.9
 700.3 717.1 2116.2 2379.2 2805.5 3375.6 3431.9 4057 4124.5 4533.8
 40.1 40.1 40.1 2267.1 2835.8 3384 3440.3 4180.9 5070.2 5255.6
 332.6 923 934.8 2547.3 3343.8 3520.6 3577.6 4092.7 4160.8 4151.9
 244 418.9 430.2 2217.8 2950.7 3891.2 4075.4 4114.2 4327.9 4485.4
 541.9 1190.6 1202.1 2810.8 2911.8 3687.7 3744.2 4351.9 4423.9 5194.6
 42.6 47.8 1351.6 2471.2 2539.2 3283.7 3905.9 4152.9 4360.4 4751
 40.1 890.9 901.6 2309.1 2775.6 3724.8 3781.1 4305.9 4377.4 5246.9
 40.1 48.8 1845 2363.1 2848.5 2982.1 3411.6 3727.1 3798.2 5399.7
 114.9 126.4 394.5 2971.5 3123 3659.1 3715 4152.1 4119.7 4472.4
 307.3 720 1148.5 2479.1 2637 3585.2 3985.4 4270.5 4344.2 5221.9
 357.8 373.8 384.5 2672.9 2877.8 3688.5 4356.7 4590.9 5205.7 5386
 262.7 717.6 1619.5 1927.7 2308.3 3649.5 3705.1 4395.4 5701 5875.6
 245.5 260.7 270.7 2317.9 2385.4 3889.4 4263.5 4429.6 4500.1 5421.6
 317.8 333.9 1298.5 2637.5 2707.5 3586.1 3641.5 4452.3 4522.7 4696.1
 242.8 258.1 280.6 1952.6 3155.6 4005 4060.4 4308.9 4379.1 4882
 40.1 318 379.1 1875.3 3069.1 3736.1 3791.4 4494.5 4564.7 4737
 60.8 1324.4 1334.9 2592.9 2704.6 3309.2 3786.1 4336.7 4406.7 4578.8
 122.3 691.8 1691.7 2309.4 2337.3 3578.5 4264 4794.1 4750.2 5243.5
 69.59999999999999 76.90000000000001 845.2 2630.5 2763.7 3447.3 3502.6 4685.1 4755.5 4926.8
 127.6 590 612.2 1803.5 2378.4 3041.5 3971 4132.9 4203.2 4374.1
 333.9 348.9 358.1 1960.1 2537.1 3398.5 3453.5 4313.5 4383.6 4554.2
 278.3 739 955 2518.4 2895.1 3415 3470.3 4064.7 4134.9 4183.2
 293.7 308.4 376.6 2427 3151.1 3857.8 4069.2 4814.7 4884.8 5052.5
 523.2 846.8 1350.1 2486.4 2596.2 3483.7 3538.9 3699.4 5051.6 5217.7
 416.9 905.1 996.7 2471.1 2498.6 3070.3 3125.5 4324.2 4124.8 4871.4
 428 1344.9 1354.4 2136 2305.6 3775.6 3964.9 4358.5 4430.8 4480.9
 101.1 387.5 1285.6 2477.5 2691.7 3492.8 3547.8 4592.4 4664.6 4834.3
 297.2 1080.9 1374.2 1839.4 1866.6 3369.8 3424.8 4137.1 4810.9 4971.7
 40.1 40.1 40.1 1939.4 2553.8 3149.4 3874.4 4143.4 4112.2 4269.8
 269.1 360.5 369.5 440 2882.3 3746.8 4117.4 4728.4 5096.7 5149.8
 394.7 528.5 648.6 2212.9 2467.2 2563.8 3847 4629.9 4930.6 5363.2
 643.3 658.1 667.9 1922 2900.5 3283.1 3337.9 3496.3 4297.3 4466.9
 304.8 318.9 351.8 1985.9 2064 3459.2 3514 3972.2 4045.6 5339.2
 379.4 833.1 1291.3 2704.6 2767.6 3449.1 3567.9 4307.9 4381.1 4550.2
 65.59999999999999 619 1423.8 2141.4 2570.3 3039.7 3562.1 3778 4485.3 4648.3
 40.1 40.1 48 2489.3 2879.6 3502.6 3747.7 4317.4 4390.6 4559.8
 664.1 679.1 688.8 1857.4 1903.8 3453.7 3943 4102.9 4174 4665.4
 275.4 289.6 363.6 2221.5 2484 3648.4 4098.7 4762.5 5064.7 5116.2
 350.3 1178.9 1303.8 2302 2351.1 3469.3 3851.8 4193 4267.7 4373.6
 40.1 44.2 47.2 2539.8 2667.3 3059.6 3114.9 3898.4 3969.5 5170.2
 273.2 310.1 319.7 349.3 2988.6 3429.6 3582.8 4243.1 4314.1 4480.8
 228.2 919.2 2065.9 2534.2 2582.2 3407.1 3579.4 4402.3 4395.8 4560.3
 285.2 374.8 787.3 2421.9 2682.7 3605.1 3660.6 4185.7 4148.2 4305.7
 302.7 1161.5 1172.1 1975.5 2078.1 3446.9 3847.6 4278.7 4351.7 4519.2
 326.8 373.2 612.8 1831.8 2437.8 3871.9 3927.9 4443.6 4398.2 4555.5
 289.4 723.9 771.1 2760.3 2851.5 3682.2 3842.7 4205.7 4486.4 4653.6
 208 344 354.5 2775.5 2984 3858.1 4028.7 4358.9 5681.8 5849.8
 169.5 244.6 440 1889.5 1918.4 3612 3740.5 4615.2 5229.9 5396.8
 307.8 541.5 1682.4 2107.9 2836.3 3903.7 3960 4118.1 4191.1 4357.4
 40.1 40.1 40.1 2170.6 2648.6 3633.5 3689.7 4977.3 5050.1 5216.3
 78.40000000000001 573.6 596.3 2703.4 2808.8 3646.2 4081.7 4402.9 4702.6 5104.4
 91.8 422.7 1257.6 1338.5 3032.4 3330.7 3387.1 4603 4674 4841.7
 283.2 328.7 338.8 1640.2 2543 3632.2 3954.5 4112.2 4587.6 4749.6
 137.2 1280.3 1530 2117.5 2289.7 3577.5 4095.5 4253.1 4210.2 4367.7
 288.8 684.4 695 1794.6 3123.7 3675.1 3878.3 4035.7 4108 4480.9
 312.9 350.7 361.4 2545.9 2592.8 3510.9 3682.9 3840.7 3911.3 5979.6
 685.3 714.1 1600.1 1845.5 2553.1 3055.7 3746.2 4627 4697.5 4739.3
 235.5 998.9 1282.6 1457.7 1896.4 3802.5 4253.6 4605.8 4676.3 5981.4
 660.7 722.2 1188.3 2687.2 2778.1 3323.9 3380.4 4320.9 3891.7 4049.5
 57.2 63.9 68.5 84.8 3109.6 3647.2 3978.3 4348 4307.2 4464.7
 573 732.7 796.6 2078.7 2654.1 3710.2 3830.5 4190.5 4262.6 4242.3
 214.5 854.9 1074.8 1233.2 2740.5 3493.6 3550.1 4691.1 4762.3 4925.3
 273.2 1096.6 1270.5 2018.7 2757.1 3497.3 3553.9 4352.9 4429.4 4590.9
 364.5 401.4 663.2 2238 2703.2 4034.1 4090.9 4247.6 4319.7 4490.5
 294.8 311.5 1219.2 2424.7 2657.4 3390.4 3945 4101.8 4173.9 4216
 117 369.8 1536.8 1916.6 2973.6 3791.5 3849.2 4268.5 4337.4 5452.3
# name: collectedA
# type: matrix
# rows: 100
# columns: 10
 9 18 26 39 39 39 39 39 48 48
 24 25 25 29 29 44 44 44 44 44
 9 9 14 25 36 45 47 47 47 47
 14 14 14 26 26 34 41 46 46 49
 9 11 32 40 40 48 48 48 49 49
 14 24 29 36 36 36 36 36 47 47
 8 29 30 41 41 41 41 47 47 47
 9 13 26 34 34 34 43 49 49 49
 12 34 34 39 45 45 45 45 45 45
 2 2 13 37 46 48 48 48 48 48
 14 14 19 27 29 45 45 45 47 47
 9 30 30 45 45 45 49 48 49 49
 17 22 22 35 35 35 35 39 39 39
 10 10 11 25 32 39 39 40 40 46
 11 26 33 38 38 43 43 48 48 48
 4 8 8 22 22 44 48 48 48 48
 6 11 14 36 38 48 49 49 49 49
 4 4 10 15 15 46 46 46 47 49
 8 16 16 34 35 47 47 47 47 49
 5 5 10 21 21 47 47 47 47 48
 5 5 7 21 25 43 43 45 47 47
 6 8 8 32 37 43 43 48 48 49
 3 3 3 5 32 46 47 47 47 47
 6 9 10 14 23 45 45 47 47 47
 4 4 4 23 26 28 38 48 48 49
 6 11 11 19 31 40 43 45 45 49
 3 3 3 8 35 37 44 45 45 45
 3 4 4 5 14 47 47 46 46 49
 2 2 12 12 21 35 35 41 49 49
 6 10 10 20 31 36 36 46 46 46
 6 6 11 16 17 39 42 43 43 44
 7 7 7 9 20 33 33 41 41 41
 5 5 5 6 6 38 44 49 49 49
 8 9 9 9 13 43 43 43 43 43
 3 3 3 3 5 34 34 43 43 43
 5 5 5 5 29 43 45 47 47 49
 5 5 5 11 31 31 34 45 45 45
 6 6 6 9 9 37 46 46 46 49
 6 6 12 14 14 29 35 46 47 48
 4 4 4 7 7 39 43 49 49 49
 4 4 4 12 27 27 31 48 49 49
 4 4 4 6 9 31 31 46 49 49
 4 4 4 4 32 39 39 43 43 47
 2 2 2 3 5 38 38 47 47 47
 4 4 4 4 11 34 35 42 42 42
 3 3 3 3 5 37 40 44 44 44
 6 6 6 13 13 39 39 46 46 46
 3 8 15 26 31 42 42 45 46 46
 3 7 7 24 26 34 42 47 48 48
 3 4 4 4 6 42 43 48 48 49
 7 7 7 10 15 40 44 46 46 48
 5 5 5 8 18 38 38 48 48 48
 6 7 7 13 13 13 23 48 48 48
 3 5 5 8 34 40 40 42 42 48
 5 5 5 8 10 30 38 48 48 49
 4 5 5 5 8 30 30 49 49 49
 3 3 3 3 3 25 25 42 37 46
 3 3 3 11 13 31 31 31 31 49
 5 5 5 6 6 37 37 37 37 39
 6 12 12 14 17 26 39 42 44 45
 7 7 7 7 7 35 38 38 46 46
 3 3 7 11 11 42 42 42 45 45
 3 5 5 5 13 36 36 45 48 49
 3 3 3 8 8 23 23 47 47 47
 5 5 5 14 18 33 45 49 49 49
 7 7 7 9 12 36 37 37 47 47
 3 4 4 4 5 35 36 42 42 49
 3 3 3 4 7 31 32 48 48 47
 7 7 7 17 20 24 46 48 48 48
 5 5 5 8 11 37 40 40 46 46
 6 6 6 8 15 34 42 47 47 46
 8 8 8 12 19 32 36 45 49 49
 3 3 4 4 11 19 27 48 48 48
 3 3 3 3 6 26 40 44 48 48
 8 8 8 9 14 41 41 41 41 48
 3 3 3 3 3 34 34 34 48 48
 5 5 5 8 10 40 41 43 43 49
 5 5 5 15 35 37 37 45 45 48
 3 3 5 7 11 40 40 46 46 46
 2 2 2 4 7 45 45 45 45 49
 6 6 7 9 25 35 35 47 47 47
 4 4 5 5 10 31 31 38 41 48
 6 6 6 18 19 35 39 46 46 46
 4 4 4 9 17 32 32 44 44 48
 4 5 5 7 7 27 27 48 48 48
 3 3 3 3 9 34 39 42 42 48
 3 5 5 10 10 32 36 47 48 48
 5 6 6 10 17 33 39 40 48 49
 2 2 2 3 5 33 33 39 39 46
 3 3 5 9 9 38 46 47 47 49
 8 8 10 10 15 39 42 46 46 46
 4 6 6 13 16 30 45 49 49 49
 9 9 14 15 16 39 39 46 46 46
 5 5 5 12 18 31 43 45 47 47
 4 9 13 13 30 48 48 47 47 47
 3 3 4 4 22 38 44 31 31 46
 3 3 6 10 21 39 40 46 46 46
 5 5 5 8 25 41 41 47 47 47
 8 13 13 14 14 29 48 48 48 48
 3 3 4 4 8 43 43 48 48 48
# name: collectedB
# type: matrix
# rows: 100
# columns: 10
 43 44 90 110 165 251 272 292 293 295
 42 49 49 220 234 273 292 294 294 294
 51 77 83 253 255 287 287 288 288 288
 135 149 152 279 279 279 279 297 297 297
 132 192 224 272 275 288 296 294 294 299
 141 229 244 275 275 275 275 296 296 294
 151 227 228 262 275 275 298 298 298 298
 149 202 212 283 290 292 292 297 297 297
 66 175 261 277 289 298 298 298 298 298
 116 210 228 292 293 293 293 299 299 299
 172 212 241 283 283 297 291 299 298 298
 150 157 249 257 279 286 292 292 292 294
 90 162 220 233 246 294 297 298 298 298
 110 131 248 280 284 292 292 294 294 294
 106 113 113 290 293 298 298 298 298 299
 19 184 221 254 282 289 291 291 299 291
 88 101 101 262 262 285 294 294 294 294
 36 59 79 244 273 298 298 298 298 298
 37 133 159 264 270 297 297 298 298 298
 142 145 145 253 254 291 291 293 293 293
 67 68 70 223 251 260 269 294 294 297
 34 79 79 275 279 286 286 295 295 295
 201 201 205 278 278 280 284 297 297 297
 109 127 132 244 275 295 295 298 298 299
 91 96 96 215 261 293 293 293 294 294
 61 71 106 178 235 284 292 299 299 299
 56 56 111 243 276 283 283 295 295 295
 38 90 90 248 276 292 292 292 292 294
 58 58 60 277 284 291 291 295 295 295
 56 76 129 207 265 297 298 298 298 298
 3 35 35 255 257 291 291 294 294 295
 43 130 132 236 240 283 284 284 284 292
 35 85 86 248 258 279 289 294 294 294
 37 43 112 217 274 288 288 299 299 299
 90 90 232 247 270 290 290 295 295 293
 2 2 2 234 271 290 290 299 298 298
 37 104 104 233 287 290 290 298 298 293
 32 49 49 203 255 296 298 298 299 299
 66 131 131 263 267 297 297 294 294 298
 3 3 144 239 241 278 293 291 292 293
 3 100 100 213 239 282 282 290 290 296
 3 3 198 247 279 280 293 295 295 298
 11 11 40 266 273 288 288 299 299 291
 38 81 118 232 240 285 294 290 290 296
 37 37 37 240 250 285 298 295 298 298
 33 78 180 204 227 280 280 290 299 299
 27 27 27 213 215 284 296 296 296 299
 35 35 134 246 248 285 285 298 298 298
 27 27 28 184 268 297 297 298 298 299
 3 34 38 173 258 281 281 295 295 295
 5 149 149 257 262 281 288 295 295 295
 12 69 171 218 218 277 292 296 296 299
 6 6 86 247 253 282 282 299 299 299
 13 66 67 190 227 261 298 298 298 298
 43 43 43 209 246 286 286 298 298 298
 35 85 106 248 270 285 285 290 290 290
 36 36 41 222 267 290 293 298 298 298
 65 99 151 253 258 296 296 296 296 296
 51 103 110 255 255 279 279 297 296 299
 50 150 150 219 230 292 295 298 298 298
 10 42 138 241 254 288 288 298 298 298
 40 125 156 194 194 283 283 297 299 299
 2 2 2 205 248 276 296 297 297 297
 32 40 40 43 248 281 289 294 296 296
 46 59 69 217 233 233 284 296 297 298
 81 81 81 208 275 286 286 286 298 298
 35 35 37 204 207 278 278 284 284 298
 47 94 140 265 267 289 290 298 298 298
 6 74 162 226 254 270 284 292 295 295
 3 3 3 238 264 288 293 299 299 299
 88 88 88 201 202 287 298 298 298 298
 34 34 40 206 224 283 293 297 298 298
 45 137 149 241 242 281 290 298 298 298
 3 3 3 240 245 256 256 281 281 292
 34 36 36 36 256 275 277 294 294 294
 25 97 218 254 255 281 284 296 298 298
 35 42 87 242 257 294 294 298 298 298
 39 135 135 202 206 284 291 293 293 293
 41 44 65 175 216 289 289 295 295 295
 36 83 86 260 264 290 292 294 295 295
 22 35 35 247 260 292 294 295 299 299
 19 25 44 182 182 283 284 295 298 298
 37 59 176 209 254 295 295 295 295 295
 2 2 2 207 237 272 272 296 296 296
 7 59 60 242 246 283 294 296 297 298
 9 47 137 140 275 281 281 299 299 299
 38 41 41 179 246 291 298 298 295 295
 14 147 169 214 224 286 295 295 295 295
 34 75 75 173 277 291 293 293 293 298
 42 44 44 259 260 296 298 298 298 299
 88 89 186 203 251 269 291 298 298 298
 26 115 144 154 185 286 294 295 295 299
 84 88 134 261 265 283 283 299 295 295
 5 5 5 5 269 287 292 294 294 294
 74 90 95 215 252 295 296 298 298 292
 26 101 124 133 256 284 284 298 298 298
 36 136 151 216 262 289 289 299 299 299
 44 46 69 215 242 295 295 295 295 295
 36 36 141 245 258 289 298 298 298 288
 12 41 164 190 259 289 289 291 291 296
# name: avgRateA
# type: matrix
# rows: 100
# columns: 10
 0.03218884120171674 0.03049296967643571 0.02756865655815926 0.02055227655986509 0.01595483554246441 0.005926511260371394 0.003348846794552543 0.000752852151419802 0.0004649671471650081 9.535287815709903e-05
 0.0540784136998648 0.04645976584278015 0.04110489970404472 0.0236560894037034 0.01637955379836204 0.006348565080006348 0.003668562090413381 0.0008437362173771309 0.000430496783504146 8.758530111627466e-05
 0.05678233438485805 0.04077933846850929 0.03281762775433662 0.02125127507650459 0.01701162461015027 0.006699519123405143 0.003890953946006805 0.0008998142936457795 0.0004594563946554468 9.354078955591212e-05
 0.05882352941176471 0.04587155963302753 0.03726377428799574 0.02316052022091573 0.01558472696757178 0.005323813102843543 0.003395810729105411 0.0008699154858194321 0.0004468600793662358 9.742844576575974e-05
 0.05451241671714113 0.03920171062009978 0.03692165685935156 0.02443344939221795 0.01832172957127153 0.006908164587021285 0.003997368399137235 0.000921958162306893 0.000478538523816081 9.750197938967342e-05
 0.0547945205479452 0.04491858506457047 0.03886878434526203 0.02368576880057898 0.01740896561729291 0.005813859595290773 0.003199289046878471 0.0007003141687173551 0.0004577247379769346 9.346344505463038e-05
 0.05965697240865026 0.04739336492890996 0.04168982768204558 0.02594608277433236 0.01925786754344763 0.006555070586918637 0.003623380525655302 0.0008993872685034578 0.0004593365030809752 9.353043978012785e-05
 0.04899292324442026 0.03701594533029613 0.03310836622946645 0.02211382113821138 0.01628664495114007 0.005471692040297403 0.003592074046847329 0.0009398802707622428 0.0004794398576944226 9.752202505082092e-05
 0.0557361820715281 0.04584681769147789 0.04176904176904177 0.02663388649866831 0.01943760528702864 0.0069856251358316 0.003911954934279157 0.0008729473612741151 0.0004428388529095988 8.968137999316029e-05
 0.03442340791738382 0.01806684733514002 0.0303951367781155 0.02370579190158893 0.01780392460424972 0.006831184356587823 0.003970847362281913 0.000918800964741013 0.0004691999554260042 9.552544867606703e-05
 0.05551149881046789 0.04232164449818621 0.03395889186773905 0.02048869327667325 0.01424011784925117 0.006226133156234434 0.003703978072449811 0.0008605111436193099 0.0004572073386641763 9.344744525620009e-05
 0.04582484725050916 0.04526252263126132 0.04049676025917927 0.02308757888256118 0.0179834552211965 0.006781295679561175 0.003968286105329651 0.0009222291816368799 0.0004783792121777774 9.749536399595693e-05
 0.06607073455110765 0.05209566658773384 0.04410585404971933 0.0267911818738518 0.0189066551426102 0.005855780491885561 0.0031712377794087 0.0007550705894197185 0.0003834114575140781 7.77081592371689e-05
 0.06020469596628537 0.04275331338178709 0.03269916765755054 0.02303510550078319 0.01712328767123288 0.006064281382656155 0.003393990026890844 0.0007696762933929063 0.0003920223452736806 9.163085593378515e-05
 0.06111111111111111 0.04936396430605657 0.04346108257605689 0.02840059790732436 0.02018270660718079 0.006691149010332379 0.00374355759855133 0.0009157002531529658 0.0004683653366717374 9.550990049659179e-05
 0.05908419497784342 0.04424778761061947 0.03246753246753246 0.02260815949028877 0.01453008387821148 0.006955312119631368 0.004099445720776504 0.0009254225132161903 0.000470891082892527 9.559848635729934e-05
 0.06103763987792472 0.04871567759078831 0.03997715591090805 0.02772002772002772 0.01978754426161216 0.007193274288540216 0.004129097497261313 0.0009418277224106945 0.0004799554914744232 9.755934395522305e-05
 0.05641748942172073 0.03281378178835111 0.03537318712415989 0.01760356765637836 0.01076349024110218 0.007138091026178173 0.003998887266152027 0.0008903857693126609 0.0004604511637658243 9.741579746261668e-05
 0.06837606837606838 0.05584642233856894 0.04478029666946543 0.02765351769011793 0.01933381207534663 0.007177216156371688 0.004049071298115028 0.000907903785379272 0.0004615354400298525 9.746544104206072e-05
 0.06353240152477764 0.03885003885003886 0.03770739064856712 0.02238805970149254 0.01420070327292399 0.007233328716315004 0.004066728965493372 0.0009088219540445477 0.0004617707828783253 9.540012402016122e-05
 0.06234413965087281 0.03828483920367535 0.03097345132743363 0.02085609295858576 0.01465072667604313 0.006673288223974175 0.003738090270533417 0.0008649139026260708 0.0004581816622050822 9.348804079102022e-05
 0.06764374295377677 0.0477326968973747 0.03481288076588337 0.02918110523436076 0.02057155565439787 0.006890915209692152 0.003805410763117605 0.0009231745665406918 0.0004703595114532541 9.745243426236661e-05
 0.0539568345323741 0.02923976608187135 0.01884422110552764 0.007923930269413629 0.01827840292454447 0.007057596121390653 0.004024282693015729 0.0009067162595446355 0.0004612260959762439 9.361636015608038e-05
 0.07623888182973317 0.05272407732864675 0.03988831272437176 0.01799717187299139 0.01475210057084215 0.006951417316752916 0.003901745380766997 0.0009051115694442037 0.0004608100648761744 9.359151049330094e-05
 0.060790273556231 0.03518029903254177 0.02336448598130841 0.02468870759982825 0.01666025887479175 0.004829418055124358 0.00336930211113377 0.0009208774427233416 0.0004697077634864842 9.745937336407481e-05
 0.06749156355455567 0.05450941526263627 0.04147812971342383 0.02239245727754861 0.01775995416786021 0.006432212520301671 0.003713491199889459 0.000865040262818455 0.0004407974711938853 9.742251828063968e-05
 0.05235602094240838 0.02881844380403458 0.01865671641791045 0.01176470588235294 0.01832460732984293 0.006045356512646233 0.003808501614285343 0.0008677241331435909 0.0004414933069614664 8.962090357786563e-05
 0.05988023952095808 0.03466204506065858 0.02312138728323699 0.008064516129032258 0.01023840865876846 0.007053244492466534 0.004009281059132631 0.0008870000501347855 0.0004512954140537316 9.749142622594971e-05
 0.03992015968063872 0.02219755826859046 0.04349401957230881 0.01685156579132144 0.01412049488972566 0.005760653093470711 0.003143242029636282 0.0007923608681956011 0.0004764034456608396 9.740948422473282e-05
 0.07434944237918216 0.05546311702717693 0.04132231404958678 0.02323420074349443 0.01858290372856972 0.00600861234436025 0.003257653222814432 0.0008889455752733992 0.0004518033830251576 9.163505423301161e-05
 0.0749063670411985 0.04643962848297214 0.04339250493096647 0.02043944813490036 0.01267427122940431 0.006429595924625353 0.003705010585744531 0.0008317986969776692 0.0004225512662780505 8.758761996766823e-05
 0.07567567567567568 0.04905395935529083 0.0348605577689243 0.01367365542388332 0.01425821629714123 0.005621997342328528 0.003019682841796071 0.000791210996674984 0.0004024073775994535 8.166242387219711e-05
 0.07173601147776183 0.04251700680272109 0.0287686996547756 0.009802319882372162 0.005291005291005291 0.006409607664541375 0.003889846616275472 0.0009420413844547792 0.0004800048588246934 9.755870296301709e-05
 0.08403361344537814 0.05678233438485805 0.04141739530602853 0.01396431342125679 0.01037758441765786 0.00697746117773054 0.00383210052579984 0.0008367989133290391 0.0004238378219072899 8.572002126653923e-05
 0.05758157389635316 0.0308641975308642 0.01978891820580475 0.005298481102084068 0.00441696113074205 0.005852483001979517 0.003128594432942259 0.0008325459642818419 0.0004227440216130339 8.567576862122981e-05
 0.07886435331230283 0.04545454545454546 0.03021148036253777 0.008566044200788075 0.01789681560108615 0.006975650114368217 0.003963291116943509 0.000908014288667402 0.0004615590088462203 9.746144753322093e-05
 0.07032348804500704 0.04212299915754002 0.02865329512893983 0.01591204976131926 0.0189741706451218 0.0054004146124767 0.003091892875005684 0.0008638977145106019 0.0004404997420629288 8.958509558829238e-05
 0.07425742574257425 0.04658385093167702 0.03248511099079589 0.01383125864453665 0.007666751852798363 0.006064082602638695 0.003928601930139209 0.0008866939999730137 0.0004512210433799987 9.749146502016184e-05
 0.07416563658838071 0.04651162790697674 0.04631416441528367 0.01948232674645143 0.01124769020647546 0.005041461676199085 0.003158673718029709 0.0008849268107814866 0.0004594730137812576 9.547036858324757e-05
 0.06525285481239805 0.03717472118959108 0.02470660901791229 0.01113054539672444 0.00608695652173913 0.006393652250893471 0.00377663405294314 0.0009449007179317087 0.0004805094577009485 9.758347469660501e-05
 0.06525285481239805 0.03707136237256719 0.02463054187192118 0.01704545454545454 0.01832496267137234 0.00484348372051305 0.002858697356166026 0.0009276742626439103 0.0004802160776342792 9.75681633091935e-05
 0.06319115323854661 0.03626473254759746 0.02422774076317383 0.00976085895558809 0.007537057197889625 0.005361188454421251 0.002860068826172398 0.000878058650500207 0.0004765188064468132 9.741556505898512e-05
 0.06359300476947535 0.03639672429481346 0.02428658166363085 0.006885866758478224 0.0197799480776363 0.006464124111182934 0.003516554858255789 0.0008320980869484447 0.000422608576005661 9.344620043772586e-05
 0.03992015968063872 0.02219755826859046 0.01427551748750892 0.005298481102084068 0.0044499822000712 0.006195887887039181 0.003396010581254022 0.0008983592519534536 0.0004590534123295886 9.352424218003019e-05
 0.06482982171799027 0.03700277520814061 0.02466091245376079 0.006934812760055479 0.009057971014492752 0.005736169925598502 0.003163756011136421 0.0008058296015748213 0.000411009576523133 8.360764603866973e-05
 0.05988023952095808 0.03033367037411527 0.01968503937007874 0.005308794903556892 0.004453152832205202 0.006116106850039672 0.00356039769642269 0.0008500526453058741 0.0004320795497731091 8.76481802046585e-05
 0.07343941248470012 0.04573170731707318 0.03210272873194221 0.01829439909935266 0.01051354630004044 0.006412364353830977 0.003501306256564949 0.000885536683357108 0.0004509025893571305 9.159839599261e-05
 0.05928853754940711 0.05118362124120281 0.0495212941564873 0.02872293415819708 0.02005434079441066 0.007051475773143951 0.003813778637391375 0.0008757896703527682 0.0004523841134500681 9.165939369303668e-05
 0.05988023952095808 0.04857737682165163 0.03494757863205192 0.02708192281651997 0.01781187915325067 0.005865304995859784 0.003762968803196732 0.0009035716070886153 0.0004691600568856569 9.552542966542218e-05
 0.05825242718446602 0.03690036900369004 0.02458512599877075 0.006925207756232687 0.00528680941052075 0.006828491066057522 0.003812327115398255 0.0009227184824356693 0.0004701669288500305 9.749536399595693e-05
 0.07633587786259542 0.04968062455642299 0.03551496702181633 0.01503307276007216 0.01175825037234459 0.006479936496622334 0.003843063270796213 0.0008847583071111487 0.0004507201233797346 9.548786040947979e-05
 0.07012622720897616 0.04215851602023609 0.02881844380403458 0.01250586212287009 0.01338887235941684 0.006376159873819152 0.003449653219071135 0.0009282573129271433 0.0004716003265832261 9.562541611997484e-05
 0.07246376811594203 0.04895104895104895 0.03514056224899598 0.01835380488493576 0.01053911633563032 0.002440581233807682 0.002134570765661253 0.0009258973488472578 0.0004709904241759385 9.560033324682832e-05
 0.05988023952095808 0.04125412541254125 0.02836074872376631 0.01239541369693214 0.02095660749506903 0.006720317198971791 0.003633720930232558 0.0008168123315324566 0.0004138452928053981 9.543263390490855e-05
 0.07215007215007216 0.04306632213608958 0.02923976608187134 0.01250586212287009 0.008305647840531562 0.005108730820973043 0.003353779621375932 0.0009155238513036679 0.0004683114153834446 9.740113883796863e-05
 0.06633499170812604 0.04226542688081149 0.02890173410404624 0.008487523340689187 0.006886459499010071 0.005193905817174515 0.002769725058625847 0.000945341876137063 0.0004808480196421509 9.759474757018954e-05
 0.05952380952380953 0.03167898627243928 0.02029769959404601 0.005368647100930566 0.002802428771602055 0.004444128417534754 0.00234064864055127 0.0008128051647962472 0.0003653631759342188 9.163673366042335e-05
 0.05988023952095808 0.03099173553719008 0.02002670226969292 0.01609599063506 0.01039833626619741 0.005403897779172332 0.002872577999759074 0.0006084014350423527 0.0003068595988652134 9.742637300104445e-05
 0.07352941176470588 0.04393673110720563 0.02981514609421586 0.01002673796791444 0.005380200860832137 0.006174075557335469 0.003349083075363421 0.0007225631070994755 0.000365321329730146 7.772222078292184e-05
 0.07792207792207792 0.06493506493506493 0.04971002485501243 0.02020493577716842 0.01332288401253919 0.004629135063917673 0.003477981700465515 0.0008126353182918406 0.0004310374385404289 8.961413943840611e-05
 0.07927519818799547 0.05154639175257732 0.03668763102725367 0.01150558842866535 0.006216696269982238 0.005991509175568337 0.003428334280636226 0.0007415690430051501 0.0004515177868561209 9.162461395661973e-05
 0.05988023952095808 0.03131524008350731 0.03530005042864347 0.01623855919692944 0.009167430619218268 0.006851885084098733 0.003755096201988413 0.0008180134348968426 0.0004420566834549972 8.96473095547497e-05
 0.05988023952095808 0.0429553264604811 0.02934272300469484 0.008548469823901521 0.01054766734279919 0.006234629905441447 0.003324406685751223 0.0008713213297525254 0.0004697266093274004 9.746842669449356e-05
 0.05988023952095808 0.03329633740288569 0.02027027027027027 0.01262028711153179 0.006933009792876332 0.004122454832234012 0.00216287380101561 0.0009051220277814689 0.0004607847654752603 9.359397063658437e-05
 0.0728862973760933 0.04366812227074236 0.02965599051008304 0.01966292134831461 0.01383657467906834 0.005699678745379805 0.003947991788177081 0.0009436905619388411 0.0004804157066522869 9.757764492172082e-05
 0.0850546780072904 0.05405405405405406 0.03796095444685466 0.01429025087329311 0.009947774185525988 0.006143764079459348 0.003374280685434963 0.0007237093035764932 0.0004608132274966272 9.359557352679074e-05
 0.05988023952095808 0.03780718336483932 0.02507836990595611 0.006986899563318777 0.004518344478583048 0.006033546518643659 0.003296552355661371 0.0008151319543370843 0.0004134004748199739 9.746069151741921e-05
 0.05988023952095808 0.03181336161187699 0.0203804347826087 0.006975933031042902 0.006114605171208945 0.005427170868347339 0.002951947824322205 0.000920734362381863 0.0004696696167789471 9.359270327389267e-05
 0.0922266139657444 0.05695687550854353 0.03939223410241981 0.02306022788931091 0.01521954189178906 0.004349165503868945 0.004043956043956044 0.0009260545446126776 0.0004710320213456011 9.559218462196578e-05
 0.07194244604316546 0.04310344827586207 0.02932551319648094 0.01272669424117086 0.009135453865957977 0.006228851366138616 0.003585610943284599 0.00077949917178213 0.000450989677238453 9.160343042898683e-05
 0.08086253369272237 0.04942339373970345 0.0340522133938706 0.0128783000643915 0.01175272271409543 0.00584312916752595 0.003736621560306403 0.000907905539189646 0.0004615159522497921 9.160322977057175e-05
 0.08429926238145416 0.05563282336578581 0.04014049172102358 0.01785182981255579 0.01441031475161168 0.005519906161595253 0.003264773098269671 0.0008706823828061513 0.0004790629918950363 9.752216091594405e-05
 0.05988023952095808 0.03329633740288569 0.02478314745972738 0.006954102920723226 0.009005321326238231 0.003461531454389769 0.002491372469411483 0.0009221140232411154 0.0004700025752224434 9.556152549641226e-05
 0.05988023952095808 0.03177966101694915 0.02033898305084746 0.005372492836676218 0.005317734645041212 0.00452095287776039 0.003556061306496924 0.0008498342823149485 0.0004686813455060294 9.550674586032975e-05
 0.08629989212513484 0.05637773079633544 0.0404244567963618 0.01422475106685633 0.01126760563380282 0.00673655154283461 0.003679737212913185 0.0007991859998206705 0.0004044381663365399 9.558731134201199e-05
 0.05988023952095808 0.03167898627243928 0.02028397565922921 0.005362888809438684 0.002799552071668533 0.005662891405729514 0.003074168844202931 0.0006638006099156193 0.0004716846709360681 9.563056002052869e-05
 0.07407407407407407 0.04378283712784588 0.02960331557134399 0.01266023104921665 0.008369601606963508 0.00654589490565729 0.003648823032082944 0.0008338100270503485 0.0004227423591776383 9.726655183920132e-05
 0.0744047619047619 0.04393673110720563 0.02967359050445104 0.02055357632228008 0.02179870453413054 0.00641971024551054 0.003419688161409281 0.0008719409405336278 0.0004425557694028742 9.552297735568119e-05
 0.05988023952095808 0.03329633740288569 0.0287686996547756 0.01122514432328416 0.008995747464834806 0.006567173980856688 0.003588377246099882 0.0008909928371923653 0.0004523076045690935 9.165778648836703e-05
 0.03992015968063872 0.02219755826859046 0.01427551748750892 0.006903693476009666 0.006070065903572667 0.007343102379165171 0.004023389303148973 0.0008764651575884353 0.0004437274685052103 9.750855687335827e-05
 0.07792207792207792 0.04811547714514836 0.03628823224468637 0.01401432575521644 0.01747030048916842 0.005982190165279368 0.003208918961043724 0.0009073359073359074 0.0004613678083065838 9.360787660490207e-05
 0.06688963210702341 0.03795066413662239 0.02905287623474724 0.008487523340689187 0.008382229673093043 0.005351563174340118 0.002857406212554152 0.0007404304238964177 0.0004030399038995586 9.535208259874154e-05
 0.07566204287515763 0.04724409448818898 0.03287671232876712 0.02305623158703727 0.01429108687476495 0.006028558141137158 0.003529252070042079 0.0008868461437616158 0.0004512467161991685 9.161370166555702e-05
 0.0667779632721202 0.03780718336483932 0.02503128911138924 0.01383976626172536 0.01305583288533907 0.005441251487842204 0.002925741035346609 0.0008491307024433737 0.0004318391046012456 9.549500332342506e-05
 0.06768189509306261 0.04306632213608958 0.02927400468384075 0.01129578828465386 0.006146281499692686 0.004722674083014115 0.002506126085987971 0.0009273803244671911 0.0004713919122896781 9.562032991802748e-05
 0.05964214711729623 0.03154574132492114 0.02021563342318059 0.005349500713266763 0.007568113017154389 0.005739268412079472 0.003491370049416315 0.000813513623447787 0.0004129976252636547 9.539873990189432e-05
 0.05988023952095808 0.04291845493562232 0.02917152858809802 0.01502178158329578 0.008416091567076249 0.005465227490094276 0.003244149266912381 0.0009011133543081846 0.0004686328417895526 9.550404748142894e-05
 0.07173601147776183 0.0468384074941452 0.0326975476839237 0.01508750754375377 0.01302582177610911 0.005607476635514018 0.003488184891687387 0.000776536182703433 0.0004687898288233473 9.74229250457838e-05
 0.03992015968063872 0.02219755826859046 0.01427551748750892 0.005282620179609086 0.004446816079686944 0.005629477993858751 0.003022254785236743 0.0007568656447039781 0.0003838631793517043 9.16449308797993e-05
 0.05988023952095808 0.03329633740288569 0.02849002849002849 0.01374885426214482 0.007647208768799388 0.006342318284236001 0.00404331622248787 0.0009100079577291623 0.0004620604158740364 9.741903186159023e-05
 0.08376963350785341 0.0547945205479452 0.04389815627743635 0.01528584530724549 0.01177116848465824 0.006564772421222731 0.003757884847671453 0.00089069609836383 0.0004522417920572578 9.16449308797993e-05
 0.06896551724137931 0.04754358161648178 0.03296703296703297 0.01818690542809177 0.0122784130151178 0.005192557334487235 0.003940282824744976 0.0009408186658423302 0.0004796731174543258 9.754728305932169e-05
 0.08687258687258688 0.05810200129115558 0.05171776874769117 0.02090301003344482 0.01264222503160556 0.006573957016434893 0.003548745200094633 0.0008886484815702032 0.0004517124320099141 9.163300979576795e-05
 0.0744047619047619 0.04355400696864112 0.02941176470588235 0.01719444046424989 0.0134942649374016 0.005331315459095052 0.003785044672329563 0.0008702496456150054 0.0004602306832858904 9.357134964726587e-05
 0.06932409012131716 0.05717916137229987 0.04929844520288206 0.01872928972770494 0.01915219611848825 0.007489351078934639 0.004186070849249123 0.0009095923284595958 0.000461924633556171 9.364193198049299e-05
 0.05988023952095808 0.03329633740288569 0.02437538086532602 0.006875214850464078 0.01512027491408935 0.006253394111935755 0.003853665799591862 0.0006081054572560713 0.0003067651613733184 9.163308280981296e-05
 0.05988023952095808 0.03329633740288569 0.03181336161187699 0.01486767766874814 0.01496259351620948 0.0064937227346898 0.003587154400093266 0.0008861320336730173 0.0004510763564405368 9.160837420029374e-05
 0.07352941176470588 0.04306632213608958 0.02913752913752914 0.01249414337029518 0.01737317581653926 0.006789653230881329 0.003694892037057064 0.0009096768324665598 0.0004619818431306249 9.364348054088475e-05
 0.08705114254624591 0.06496751624187906 0.05007704160246533 0.0197266450612935 0.01132686084142395 0.005042425928501878 0.004155268534229024 0.0009282896263634254 0.0004716193246018256 9.562798800107821e-05
 0.05988023952095808 0.03083247687564234 0.02425712553062462 0.00684931506849315 0.006764183647586032 0.006887603914721853 0.003804905673733763 0.0009254492767035497 0.0004708850775537913 9.559772477415038e-05
# name: avgRateB
# type: matrix
# rows: 100
# columns: 10
 0.1214003387916431 0.1025402004194826 0.09717123731375513 0.07080785323463147 0.06106813723675932 0.03220921876604044 0.02038491516277954 0.005380980812749239 0.002805016863608209 0.0005842310687348843
 0.1110817244115313 0.09372609028309106 0.0825054723017343 0.07757404795486601 0.06546919590397851 0.03240509935189801 0.02065428824049514 0.005401820082644173 0.002813580213832096 0.0005825793323442696
 0.1103418433578537 0.1035781544256121 0.0947380436023285 0.07495852097653473 0.06461257791516749 0.03266634797058891 0.02073010415613308 0.005323711218242584 0.00276483096610682 0.0005710601016962865
 0.1122661122661123 0.1052111283716989 0.09930746112635569 0.07777653880463872 0.06764620308408496 0.03383745891598851 0.02096609354334495 0.005413366093007826 0.002830453005902972 0.0005882237603184251
 0.1059305031698901 0.0989078920255512 0.09467455621301775 0.07789455597239325 0.06664081810691611 0.03342773573517805 0.02113319625314142 0.005436400585060253 0.00282297633884934 0.0005915750220010509
 0.1109188168659534 0.09923300255665815 0.09399075500770417 0.07573045465811142 0.06586353076425645 0.03311338021385223 0.02057212962685897 0.00538850973117526 0.002819152330419892 0.0005826588825553912
 0.1038443023175848 0.09499100305477676 0.09203196899975781 0.07514268506037228 0.06325474410580793 0.03243804333722589 0.02010701248928863 0.005420616167624369 0.002837022573369878 0.0005901390926155974
 0.1101337866804642 0.1016301066613001 0.0957586160169836 0.07496490159201082 0.06369007093756177 0.03288510484942676 0.02094315940469786 0.005413593039978564 0.002830453005902972 0.0005882237603184251
 0.09473230945887756 0.09151762367953142 0.08273107645492582 0.07007868039567891 0.0589579338202293 0.03188905178225556 0.02068295391449195 0.005485988637744339 0.002854805365501306 0.0005906338551722183
 0.1082190502845415 0.09662280298150364 0.09235630088710658 0.0701686932282405 0.06171929307185137 0.03299623865402374 0.02101382752883126 0.00544885637798662 0.002849287916255712 0.0005919519089558166
 0.1245564486928814 0.1103189883956913 0.1001038421599169 0.07812068679953625 0.06785431702112356 0.03249772953573109 0.02119616283897472 0.005456672378835411 0.002850959855041128 0.0005904654492510798
 0.114190012180268 0.1073357489574075 0.09601295596514228 0.08037780696816163 0.06778096302414849 0.03323031162131387 0.02076370617933584 0.005385337496518895 0.002799935946670809 0.0005830438936861106
 0.1009534492428491 0.09618810117563234 0.08837470876516429 0.07310950737370568 0.06068380285164537 0.03020279016251977 0.01973985922888267 0.005370966143087585 0.002823298465281482 0.0005892650539919049
 0.119539230602043 0.1075886990801577 0.09251660076102365 0.07700134752358166 0.06654950205038078 0.03285550329680222 0.0209362519806985 0.005409483155163848 0.002815625380085484 0.0005825914539778512
 0.1027131782945736 0.09600679694137638 0.09079951787866614 0.0729431295117841 0.06380800975631003 0.03313762120807758 0.02120679471395734 0.005497323283193318 0.002857825118364787 0.0005908620321345948
 0.08928571428571429 0.09476720230737537 0.08928210721932694 0.07398130078932805 0.06187874399315384 0.03200088583767025 0.02039814944623581 0.005347190703605771 0.002855639314608362 0.0005768402790717589
 0.1070559610705596 0.09798214978657353 0.09205249726576741 0.07911344626626808 0.06807316566202452 0.03261578604044357 0.02069198502294417 0.005406608199286842 0.002814875949182872 0.0005826064624135602
 0.1013798929878907 0.09000762776506484 0.08420379450010658 0.07224278312361214 0.06093613981830762 0.03133939088002693 0.02045579352004393 0.005462127113595747 0.002848335683050969 0.0005903565456376316
 0.1075894155277697 0.1026472177201513 0.09663891083692944 0.07906322062831302 0.06726624978200753 0.03369639210347175 0.02140849131406329 0.005497262437095084 0.00285779497143164 0.0005907386453292396
 0.1168628096452967 0.1104257101515498 0.1051257884434133 0.07701439834403824 0.06593634806084835 0.03199138101624854 0.02055767097836146 0.005356862085483087 0.002796772924947214 0.0005802662729041793
 0.1126618463090634 0.1021788129226146 0.09228740936058009 0.07981960054406184 0.06535437171275321 0.03154191435157103 0.01950151517348374 0.005314783413537151 0.002789773487473063 0.0005868615336766638
 0.113295568143952 0.1027174619685347 0.0947583063452081 0.07643984878808094 0.06602300156183444 0.03308615124767182 0.02087103742191605 0.00540817018686603 0.002819874090232147 0.0005843925200134628
 0.1279684217227987 0.1234037328094303 0.1176875825248292 0.09154975959955214 0.07785588260005041 0.03603186246123358 0.02184245743028103 0.005518271610443468 0.002858828727282178 0.0005892044648605004
 0.1180548034225062 0.1076544884292617 0.1006481128478841 0.08098509741445119 0.06808615994057936 0.03362589764048786 0.02132735685367264 0.005495498485971726 0.002857000418004088 0.0005922572369278528
 0.114063675106543 0.1052977953274103 0.0984009840098401 0.0813900666262871 0.06757456503728251 0.03325162286077443 0.02112442502631541 0.005437404891808633 0.0028244109806182 0.0005830438936861106
 0.1160357618413544 0.1029134657196695 0.09742647058823529 0.07659537845862559 0.06494224285635329 0.03190222641594213 0.02046853313519046 0.005410452487541483 0.002838673171880236 0.0005914825718374376
 0.1225919439579685 0.1086323957322987 0.09999099180254031 0.08189538959288219 0.06685398701676194 0.03353358690886685 0.02096700105205447 0.005409876049653492 0.002820335094051005 0.0005844194951249509
 0.1157125456760049 0.1060445387062566 0.09870585654748849 0.07999225881366319 0.06704887766009135 0.03373343653608438 0.02129195499522389 0.00542031578908289 0.002809342796585302 0.0005826158142145179
 0.1172664779619895 0.1050724637681159 0.09345794392523364 0.07946981868257975 0.06851628468033776 0.03449992886612605 0.02156721782890007 0.005467164580186624 0.002835829504162421 0.0005850840071550816
 0.1211596711380355 0.1046687784051784 0.1005455962587685 0.0788992224424455 0.0664560136422911 0.03282094351924501 0.02098842819210751 0.005434287068949797 0.002840473119878451 0.0005899728374921799
 0.05988023952095808 0.09034589571502323 0.07782966422059151 0.07717450517523153 0.06625418922402682 0.03328338918690167 0.02108588694776352 0.005380427323054399 0.002807548294127927 0.0005838412917498476
 0.1183269124931205 0.1073670300627684 0.1016792481898013 0.08150859984803481 0.06841505131128849 0.03289397215054513 0.02065935344953007 0.005280783340987989 0.002734829400571618 0.0005779748434470024
 0.1144538914323087 0.1005441211260942 0.09337676438653637 0.07775757195710792 0.06585160417570637 0.03270847254950234 0.02070719736323577 0.005379610179539915 0.002807532207837598 0.0005824812234007671
 0.1137062077443147 0.09706546275395034 0.09370816599732262 0.07855772363610035 0.06583689749627565 0.03325980760125186 0.02099768150600038 0.00544358876326761 0.002847768216430385 0.0005918835933233155
 0.1267070252006195 0.1173249902229175 0.1046836928075084 0.08578771881078077 0.07094994087504927 0.03462438511867806 0.02159039301960259 0.005457202582459256 0.002833146857848057 0.0005807341351560589
 0.03992015968063872 0.02219755826859046 0.01427551748750892 0.08456506812186043 0.07065019031232077 0.03458969465648855 0.02157689932516388 0.005518549894889159 0.002836199036453723 0.0005898004890989828
 0.1079976649153532 0.1068859198355601 0.1005025125628141 0.07646112952449709 0.06607118191445278 0.03403516184306269 0.02135870846099458 0.005509061296625977 0.002860961129330804 0.0005811740469489453
 0.1259842519685039 0.1044998933674558 0.09241795548849489 0.07469276620796232 0.06454552357810009 0.03329134425049487 0.02117168961450474 0.00550687250296595 0.002865963946365258 0.0005926831579268696
 0.119586881681464 0.1055940673867484 0.1006067122340834 0.07943699407998067 0.06825502326294799 0.03418626333782244 0.02160911511764962 0.005409194526778273 0.002815447421519403 0.0005898717048836231
 0.05703422053231939 0.03067484662576687 0.09920088178561588 0.08043887991383954 0.06809448462929477 0.03355988266112968 0.02107019322733516 0.005373673432078429 0.002797996174794271 0.0005804842387632713
 0.05988023952095808 0.1062812201084068 0.09984025559105431 0.07582499733010573 0.06330119716071618 0.0323216578030442 0.02046280775845179 0.005340119581850222 0.00277837922768722 0.0005858521843478901
 0.05988023952095808 0.03036437246963563 0.1017994858611825 0.08627012678565192 0.07249577757567884 0.03507848811716215 0.02184675952160816 0.005490711391457942 0.002842053137723005 0.0005896323246729272
 0.08807045636509207 0.06235827664399093 0.08088978766430738 0.07662393777905804 0.06621392190152801 0.03325980760125186 0.02099890630696318 0.00552148485469631 0.002871694789746801 0.0005768402790717589
 0.1197604790419162 0.1051948051948052 0.09451341609931918 0.07787586855090464 0.06598845202089634 0.03319666402646414 0.02102192286241366 0.005343602878175068 0.002779263246064468 0.0005858811741929634
 0.1005981511691137 0.0873053327041057 0.07636738906088751 0.07564058117179867 0.06446954458713704 0.03280197962824423 0.02075685916680017 0.005403831041437309 0.002832546145313419 0.0005896483084216817
 0.121012101210121 0.1016154247003648 0.1046815934864786 0.08403015199571612 0.06861530090983284 0.03237181339961848 0.02043035074534297 0.005331333164201385 0.002828733881420233 0.0005910544015168947
 0.1056751467710372 0.08690054715159318 0.07283517669274346 0.07558820398168849 0.06350800496248597 0.03194816298062862 0.02075226977950713 0.005438217440510311 0.002832533174609402 0.0005915853220360982
 0.1067724222086638 0.09116957541026309 0.09581694672863783 0.07840637450199203 0.06689143627781524 0.033193184332817 0.02089213063079573 0.005472679758247126 0.002851055320997257 0.0005904543347967223
 0.1068037974683544 0.08763388510223953 0.07356805044666316 0.0750224251814401 0.06449128886322071 0.03298167684619656 0.02112315439105573 0.005487130102064302 0.002854977672733334 0.0005922175874758855
 0.05988023952095808 0.09239130434782608 0.07931538300981006 0.07283290531722308 0.06340468408247524 0.03216538272226737 0.02037501631451484 0.00541339034214462 0.00282121978067168 0.0005844627994381232
 0.07062146892655367 0.1084109429569266 0.1038399888493972 0.08309353681011349 0.07072288506181504 0.03381793674481298 0.02089060720580875 0.005429111447695573 0.002825489168798554 0.0005846460453748751
 0.09070294784580499 0.09301698571043408 0.09544008483563096 0.07759663985192568 0.06532226650286159 0.03229002739406656 0.02047111609646663 0.005402041460668211 0.002825770261059167 0.0005917938578131139
 0.07537688442211056 0.04728132387706856 0.09098603470165044 0.07890113400415269 0.06722108563381779 0.03338344796562216 0.02088486661828092 0.005467668523967223 0.002854265408498838 0.0005921650425368589
 0.09447674418604651 0.103125 0.09407469811850604 0.08248317777295421 0.06719156997395216 0.03245663122551763 0.02132989764512204 0.005504970175253866 0.002859797011991954 0.0005908312897113472
 0.1250363477755161 0.1077964402105791 0.09386596812922943 0.08495589610178449 0.06954850018376636 0.03405370006548789 0.02125840859255956 0.005486665377852652 0.002854854594016684 0.0005906203932104817
 0.1214013180714533 0.1077313054499366 0.1004739336492891 0.08216273522395971 0.06931786090215912 0.0338680926916221 0.02115765795862008 0.00536394357131363 0.002784849267632658 0.0005751877492149679
 0.118538030951597 0.1004464285714286 0.08602601762484263 0.07584557567475231 0.064320300643203 0.03273950642371695 0.02082563329826856 0.005436497873745547 0.002841212454044819 0.000590037669351206
 0.1219054763690923 0.110392506690455 0.1041307496034756 0.08471738548084651 0.07174239475001391 0.03489043695557362 0.02186292830289019 0.005512165871499495 0.002817662938974751 0.0005858860447684235
 0.1194659170765987 0.107842110773741 0.1003009027081244 0.08582679815556528 0.0728862973760933 0.03457120553139288 0.02125633309207268 0.005467176691051134 0.002842742555087741 0.0005922300213480106
 0.1141552511415525 0.107534590293211 0.1031353135313531 0.0830804248861912 0.06957889641819942 0.0332740781257122 0.02112439043602174 0.005482123310981723 0.002853564274141345 0.0005907062090953295
 0.09000900090009001 0.096 0.0995958429561201 0.08094038623005878 0.06880299049218518 0.03391107761868877 0.02125806403991792 0.00545863526791275 0.002847189976362591 0.0005902926960390766
 0.1302083333333333 0.1105314351401538 0.1058201058201058 0.08292724630247071 0.06767599246494105 0.03381203851943894 0.02108038853465229 0.005486071474090781 0.002852756726638165 0.000592112389664609
 0.03992015968063872 0.02219755826859046 0.01427551748750892 0.08403705829302287 0.06978445607518712 0.03386752398949616 0.02133425589575045 0.005485433127583417 0.002852691615391856 0.0005889704281319246
 0.1146542457900394 0.09744214372716199 0.08519701810436635 0.04574468085106383 0.06387965896504649 0.03212603466410573 0.02047119157918597 0.005371982371127239 0.002816453799215389 0.0005859647969770551
 0.1136644427971337 0.1019878997407087 0.09217205450173657 0.07998820450440487 0.06720119981541302 0.03080462201538909 0.02050985773091644 0.005418278268860093 0.002830442216093303 0.0005896749110342819
 0.1239859176488596 0.1143906227933908 0.1054824846985285 0.08587943848059455 0.07050378156646583 0.03452813560140527 0.02144265589035755 0.005346164127238706 0.002857216821528457 0.0005907226024145489
 0.1111817026683609 0.09487666034155598 0.08189464364763169 0.08206283438593669 0.06755874673629243 0.03286362776621903 0.02057125943466035 0.005261968198442902 0.002729572418247384 0.0005897029163777518
 0.120698510529019 0.1064432114143359 0.1006253144541077 0.08269362790987955 0.07086739568956366 0.03420482654957333 0.0213739782869862 0.005487231139484311 0.002854922969771347 0.0005906250755623524
 0.07936507936507937 0.1106128550074738 0.1063131644572779 0.08556068751419701 0.07114248102400358 0.03358334266203963 0.02094070977208544 0.005429729629216408 0.002823363669339132 0.00058456552811136
 0.05988023952095808 0.03329633740288569 0.02027027027027027 0.07961730170943029 0.06804825239715434 0.03387199209653518 0.02131265593517461 0.005504681741025896 0.002864242565901527 0.0005925957636736022
 0.1305444296098502 0.1206967494170896 0.1115618661257607 0.08526342580809367 0.0695640195605758 0.03394963152229201 0.02137273183676397 0.005508022675309456 0.002860598613857584 0.000590490253542248
 0.1191310441485634 0.1001177856301531 0.08628127696289904 0.07569355135035825 0.0642939150401837 0.03272281578095371 0.02078205792023378 0.005423419310659667 0.002836347507773781 0.0005899632599390001
 0.1248959200666112 0.1114818130034991 0.1061404758512609 0.08600999286224126 0.07221509355137119 0.03317865703186804 0.02093590724671162 0.005498865167088 0.002858027941538943 0.0005908318754193321
 0.05988023952095808 0.03184713375796178 0.0203804347826087 0.07895256266859661 0.06680664248902463 0.03176336294605191 0.01951978284241588 0.00521351283154973 0.002702715700277485 0.0005780230108585186
 0.1200564971751412 0.09997222993612885 0.08577555396711938 0.04238784881667255 0.06418292132577846 0.03262313751542185 0.0203934387607857 0.005420044208387795 0.002818410933900594 0.0005827773822115728
 0.1049538203190596 0.1000825423029302 0.1006509995844683 0.08371234592314285 0.0711853051197588 0.03342412960473885 0.02091403154778562 0.005440946430573707 0.002854520967318609 0.000590613252766815
 0.1185636856368564 0.09887005649717513 0.09805026484841654 0.08282282076730894 0.0697857550166997 0.0341657854063288 0.02152174867868176 0.005499605984604795 0.002861307252549732 0.0005909114253517261
 0.1247201790853854 0.1114321089558399 0.106123732410974 0.08159967683296304 0.06692440141645821 0.03362180208123691 0.02101447182183194 0.005398065907989691 0.002807812426630328 0.0005807509406975988
 0.1217339667458432 0.1039697542533081 0.09118967452300786 0.07504931812333819 0.0628308802140904 0.03257475850719688 0.02074971819154359 0.005418451388225613 0.002825719217381143 0.0005846730438970539
 0.1202404809619239 0.1072489985786277 0.09872574905292159 0.07974726252185381 0.06854472283525899 0.03340167238718297 0.02109415070759317 0.005423783845610332 0.00282333394585324 0.0005845593888560391
 0.1009174311926606 0.08883248730964467 0.07700770077007701 0.07540833460540375 0.06526104417670683 0.03296417967735744 0.0209570380719525 0.005426894216034541 0.002829247798580266 0.0005910845472312137
 0.1058495821727019 0.08486082824168363 0.08148148148148149 0.07616656204226825 0.06236293859649122 0.03286112401300511 0.02066882573414359 0.005401426709048031 0.0028318947371422 0.0005896357080218949
 0.1164254247954688 0.09974640743871513 0.09874326750448832 0.08014110970512672 0.06620962906967651 0.03313229331626177 0.02113180515759312 0.005451041333675795 0.002831335881855552 0.0005849026900368667
 0.03992015968063872 0.02219755826859046 0.01427551748750892 0.07751067175915524 0.06495642164117744 0.03150518329761974 0.0198689525701805 0.005384040322096574 0.0028177031721055 0.0005858876683115727
 0.07918552036199095 0.0946119307248236 0.08616975441619992 0.07554473372042204 0.06458727158160051 0.03273114200458004 0.02087816101749079 0.00544088642333405 0.002836605776742889 0.0005899770423698546
 0.08840864440078586 0.09942881320076158 0.1009133765468474 0.07614903453902638 0.06819759944449955 0.03373065888820867 0.02099035638786593 0.005475889603135359 0.002856487762003936 0.0005922648624311343
 0.1296043656207367 0.1082651175072617 0.09343664539653601 0.0836370432669844 0.06943268416596104 0.03371098908737054 0.02135511842058117 0.005507076038305595 0.002820602059900026 0.0005844482095676747
 0.09510869565217392 0.1105013906637601 0.103680981595092 0.08175740210124165 0.06809131531750616 0.03334304867385602 0.02092866517682948 0.005437477305444297 0.002830816944982353 0.0005848907453827832
 0.1137884872824632 0.1021241830065359 0.09433962264150944 0.07539440425346466 0.067172684724883 0.03354428191029498 0.0211120958618851 0.0054223411559395 0.002814385061666731 0.0005907062090953295
 0.130071229482812 0.1098078362864986 0.0953619419159081 0.08503233855346531 0.07236695613449121 0.03477893054788565 0.0217790088358462 0.005534846315148206 0.002867830543935068 0.0005909329150819519
 0.1265640730619876 0.1164769009291977 0.1094053290982883 0.08654871029631209 0.07064253750246265 0.03339250468612287 0.02116948683999942 0.005455177842458857 0.002846295279256907 0.0005904037985550165
 0.1059063136456212 0.1096386690818953 0.104151598437726 0.07866373805996833 0.06387239331584035 0.03249076966770804 0.02062636807543358 0.005402356526229814 0.002818211954377447 0.0005909308128717775
 0.1252422841807067 0.1139601139601139 0.1040130404408911 0.08189006024096386 0.07014107620232392 0.0339984862864763 0.02115033930226301 0.005504327063800489 0.002839495359109534 0.0005852599794266238
 0.0744047619047619 0.04389815627743635 0.02967359050445104 0.008549931600547196 0.06545649211602102 0.03318993431399759 0.02088952161564711 0.005409582689335394 0.00281859737391091 0.0005827959815622382
 0.1269296740994854 0.1149865848984285 0.1059558331474459 0.08337534416566487 0.06896362989518623 0.03386833827007416 0.02140197389826832 0.005499118849244794 0.002858167741836478 0.0005790866811451558
 0.1158129175946548 0.1116145430434302 0.1055498808307797 0.07673667205169628 0.06844004812190883 0.0334369407553923 0.02095925491324787 0.005448784171464827 0.002844534722891727 0.0005901863107275472
 0.1271186440677966 0.1186115471829758 0.1101787668734039 0.08575852622384564 0.0697346357563014 0.0340108034316783 0.02132227624521356 0.005501086418571962 0.00286317837697047 0.0005925592395740787
 0.1174899866488651 0.101905183872397 0.09040880503144653 0.0785244704163623 0.06534888744869302 0.03265405519088786 0.02093549737774024 0.005438028594813411 0.002827845555537449 0.0005847483748455124
 0.1181102362204724 0.09958506224066389 0.1068829593693147 0.08376927548124595 0.07054191502160004 0.03444412662090008 0.02136966654714952 0.005508134664650713 0.002860601359841573 0.0005711837783806939
 0.09448818897637795 0.09766555502620296 0.1001955034213099 0.07862285856161549 0.06518018924904369 0.03287266109310129 0.02086763134332669 0.005362226706100224 0.002789028670447989 0.0005856141123504632
