# Created by Octave 3.0.1, Sat Sep 05 13:29:03 2009 PDT <jwawerla@daneel>
# name: prt
# type: matrix
# rows: 200
# columns: 10
 278.3 353.6 444.2 1405.2 2154.8 3537 3583.6 4159.5 4224.9 5116.2
 219.1 304.2 706.5 1151 1169.6 3295.7 3550.6 4029.8 4095.3 0
 405.9 594.3 666.5 1369.4 1851.4 2519.7 3432.8 4001.8 4067.3 0
 252.6 268.3 279.1 958.5 2505.6 2973.3 3390.3 3526.2 4024.3 4183.2
 57.3 663.3 674.6 2109.1 2179.9 3072.1 3335.1 3471.5 3994.2 0
 145.3 272.7 283.7 720.7 738.4 3220.6 3266.9 3708.4 3773.7 4612.5
 268.8 281.5 292.9 774.5 2160.6 2876 3355.1 3893.4 4161.6 4583.9
 40.1 95.59999999999999 103.1 1290.5 1350.3 3135.9 3473 3609.6 4560 4763.8
 187.4 291 303.4 1223.2 2409.2 3054 3308.2 3992.7 4057.8 4255.2
 121.4 149.7 491.1 1357.6 2011.2 2335.3 3754.6 4025.3 4324.3 4516.9
 96.7 279.7 321 1335.2 1632.3 2679.1 3050.7 4743.7 5060.6 5528.8
 40.1 331.8 344 1133.5 1217.7 3038.3 3392.3 3841.4 3906.4 0
 105.6 114.2 358.2 802.5 1836.6 3187.3 3744.5 3880.2 3945.3 4367.2
 99.5 205.7 236.5 372.3 1426.6 3396 3741.3 4080 4145.2 0
 61.2 67.09999999999999 72.8 849.4 893.2 3289.4 3421.9 3680.5 4462.2 4798.9
 40.1 40.1 324 346 1654.7 3110.2 3691.5 3827.4 0 0
 80.09999999999999 143.2 890.8 1117.4 1131.9 3478.8 3602 4021.1 4085 4242.6
 53.4 236.5 363.3 1258.8 1345.3 3247.4 3654.1 4402.4 0 0
 261.2 685.8 696.8 1714.8 1833.9 2577.8 2623.9 3794.5 4338.2 4739.3
 288.4 302.1 825.1 1494.1 1822.3 3224.1 3418 3898.4 4244.4 4434.2
 59.4 65.40000000000001 612.7 1821.7 2136 2646 3023.4 0 0 0
 40.1 285.8 324.4 794.3 2413 3389.4 3582.6 3810.9 4148.2 4305.7
 250.9 362.5 371.1 480.7 496.2 3179.2 3420.9 4364.6 4438.9 4625.1
 40.1 40.1 40.1 40.1 42.2 2701.6 3132.1 4051.8 4125.7 4310.3
 40.1 40.1 40.1 383.3 1788.8 3092.9 3139.1 4386.7 4460.2 4643.4
 252.3 283.6 292.2 1447.2 2172.1 2483.6 3006.6 3463.2 4820.8 5002.7
 215 395.1 523.2 1038.4 2206.7 2498.9 2545.2 3911.9 4608.7 5279.1
 103.1 230.7 238.9 2074.8 2479.4 2612 2991.2 4147.9 4375.4 0
 296.8 310.5 491.9 1689.3 1704.4 2861.7 3546.3 4012.7 4084.7 4231.8
 160.2 171.9 240.6 447.1 1057.4 3228 3583.8 4039.4 4580.7 5304.8
 40.1 40.1 40.1 40.1 2125.8 2854.3 3303.5 3675.9 4130.8 0
 209.8 317.7 326.8 1370.9 1427.6 3404.3 3480.2 4340 4411.2 4558.5
 40.1 41.7 1204.7 1266.9 1280.9 2809.4 2887.1 4154.8 4368.2 4785.6
 300.5 314.7 321.9 808.5 1591.4 3406.8 3453.2 3738 3808.8 3991.8
 112.7 122.7 347.7 1764.8 2297.7 2363.2 3552.9 4550.8 4758.6 5277.7
 40.1 141 1275 1537.8 1552.2 2364.7 3499.2 4147.8 4218.4 4399.6
 73.5 81.2 232 1069.9 1841.5 3439.8 3615.3 4294.9 4365.3 4774.3
 174.5 514.5 625.6 984.1 998.5 2624.6 2670.7 4287 4357.2 5368.3
 40.1 335.1 340.8 605.7 836.5 2898.1 3510.4 4560.6 4630.7 4809.6
 278.2 704.6 711 1725.7 1934.2 2154.5 3529.7 3746.3 3932.1 0
 285.3 299.5 305.8 1383.8 1834 3169.6 3352.7 4042.8 4112.7 0
 40.1 40.1 876.5 900.9 1337.8 2901.9 3687.4 4183.3 4253.1 4405.3
 410.8 524.5 838.6 1357.2 2378.2 3126.3 3171.9 3599.3 3668.9 0
 62.2 688.4 805.9 953.9 995.7 2830.8 2914.1 4197.6 4267.1 4418.3
 54.5 312.3 318.2 1094.8 1735.2 3271 3617.8 4233.2 4686.6 5050
 337.8 390.3 396.5 672.4 687.5 3250.7 3683.8 4141.5 4210.8 4394.6
 228.3 241.6 404.9 430.1 916.8 3336 3810.7 4117.5 4335.4 4518.4
 291.6 447.5 454.1 1180.1 1195.5 3131.5 3177.3 4223.9 4451.8 0
 94.8 113.4 117.7 396.6 411.8 3144.3 3626.8 0 0 0
 126.9 737.8 787.8 1319.1 1556.3 2696.4 3232.7 3623.5 4084.7 4242.3
 40.1 42 44 1353.8 2075 2559.8 3249.1 3953.4 4287.3 0
 227.7 270.4 354.6 379.4 436.4 2915.7 3455.8 4184 4253 5149.8
 40.1 40.1 40.1 40.1 75.40000000000001 2675.3 2839.8 4526.6 4942.2 5127.5
 197.2 770.3 777.6 1085.2 1225.6 3315.6 3466.2 3766.3 0 0
 283.9 297.1 304.1 778.9 1568.9 2972.7 3221 3994.6 4058.4 4216
 54.8 579.1 586.5 638.2 2145.8 2838.2 3125.8 3802.6 3873.1 5418.7
 40.1 242 248.8 313.6 1860.9 3180.2 3784.5 4199.2 4269.6 4783
 40.1 276.3 283.4 330.9 345.7 3295.1 3408.8 4145.5 4215.8 4398.7
 93 291 780.2 820.2 835.7 2929.4 3482.5 3989.6 4291 4770.3
 265.3 277.7 1091.3 1544.1 2011 2784.5 2830.3 3606.8 0 0
 294.7 307.5 314.1 392.4 685.9 3356.3 3468.3 4324.4 4385.4 4542.7
 179.4 244.4 250.8 1666.3 2256.6 2842.6 3749.9 4315.1 4386.8 4568.1
 40.1 40.7 42.6 1015.3 1073.4 2874.9 3038.2 3799.6 3871.2 5086
 86 93.5 97.59999999999999 1267.2 1330.4 3057.6 3178.3 3438.2 3509.7 4748.1
 281.1 294 300.9 385.8 2239.1 3180.5 3835.9 4294 4612.2 4965.1
 273.1 315.5 322.5 348.7 1632.3 2897.6 3159.3 4006.4 4077.7 0
 394.1 417.7 897.9 1759.9 2466.9 3004.6 3050.5 3602.8 4297.6 0
 710.5 806.2 901.1 1557.7 1872.6 3089.6 3135.6 4109.3 4180.3 0
 295.1 719 726.8 834.6 2071.3 3047.9 3638.4 3885 4159 4306.7
 40.1 319.5 327 1246.7 2263.4 2998.5 3140.3 3975.7 4046.6 0
 301 314.4 343.3 1770.9 1827.9 2643.1 3261.2 3733.2 3804.1 3951.9
 219.6 290.2 487.4 1480.1 1786.2 3267.9 3504 3931.4 4002.2 4187.1
 247.1 260.1 706 1623.9 1914.3 2648.6 3298.4 4278.1 4348.7 5768.1
 213.5 478.4 486.3 540 555.5 3182.3 3383.2 3520.4 3900.3 4084.2
 291.8 331.7 339.5 1082.1 1400 3330.4 3376.4 4058.2 4282.7 4466.3
 285.8 749.9 789.9 872.1 2114.9 2866.6 2912.7 3888.6 4100.3 4283.4
 53.5 304.9 312.7 1202.6 1982.5 3106.5 3442.4 3879.9 3950.2 5257.2
 46.1 326.7 334.6 933.6 1706.5 3357.7 3477.2 3780.6 0 0
 98.5 581.5 761.1 1060.4 1075.9 3344.8 3716 3853.2 3916.1 4848.2
 249 441.8 450 1008.6 2368.7 3137.5 3324.6 3522.8 3594.4 4644.2
 218.7 327.5 365.7 1459.3 1822.7 3332 3528.8 4335.4 4406.8 4588.3
 77.7 496.8 505.1 1280.5 2259.9 3111.5 3157.6 3294.7 3366.1 4960.9
 106.6 125.5 310.9 803.5 1795.1 2941 3018.2 4029.7 4101 4281.7
 271.1 642.6 650.9 1439.1 1917.3 3043.7 3265.5 3402.6 3473.8 4381.5
 40.1 59.4 62.8 1340.2 2026.3 2753.6 3283.2 4229.1 4300.2 4480.1
 273.3 662.6 671.1 2098 2371.3 2804.7 3251.4 4215.8 4286.9 0
 40.1 665.5 899.4 1162.4 1403.3 3143 3281.3 3918.4 0 0
 306.5 319.2 327.4 1358.5 1419.1 3099.7 3145.9 3282.9 3350.5 4909.9
 278.7 350.9 359.2 2040.3 2296.6 2540.4 2586.7 3913.4 0 0
 332.8 345.7 772.6 1195.5 1211.1 2768.6 3556.4 3779.5 3845.6 0
 104.8 321.1 544.8 1202.2 1363.9 2983.8 3030.1 3789 0 0
 292.9 378.7 531 1695.3 2700.6 2877.2 2923.5 3633.8 4278 4435.5
 122.1 131.3 168.2 1434.6 2044.5 2946.4 3580.1 4075 4324.8 0
 247.5 368.6 376.9 1046.9 1697.7 2789.2 3340.7 4266.5 4465.9 4937.2
 40.1 40.1 40.1 1846.3 1862 2868.6 2948.6 3610.4 3684.3 0
 62.5 88 327.8 1247.8 1547.8 3004.2 3737 3873.8 3947.6 4264.1
 98.7 236.7 386.5 1316.5 1385.8 1922.4 3007 4304.9 4378.6 4756.4
 44.2 58 61.3 72.2 79.90000000000001 3232.7 3619.8 4031.2 4317.5 4500.2
 40.1 40.1 40.1 807.2 2485.7 3216.9 3486 4223.3 4296.8 4479.2
 40.1 41.2 1564 1638.5 2031.1 2572.2 2658.7 3015.2 3746.7 3928.8
 52.6 76.40000000000001 80.09999999999999 157.9 170.4 487.8 533.8 1066.1 1944.5 2126.5
 40.1 40.1 40.1 40.1 89.90000000000001 157.4 549.9 1474.2 1547.7 1730.1
 40.1 40.1 43.9 65.8 73 194.2 894.6 1334.5 1816.9 1998.3
 76.09999999999999 83.09999999999999 87.09999999999999 162.5 175.4 277.6 708.4 1588.4 1662.2 1842.3
 54.6 88.09999999999999 92.3 134.1 146.1 299.9 911.9 1539.2 1613.1 1793.5
 40.1 69.7 73.09999999999999 176.5 206.3 266.1 720.9 1559.4 1938.8 2634.9
 59.9 66 69.3 108.9 119.7 691.9 804.9 1676.7 1750.8 0
 40.1 69.59999999999999 73 86.7 140.6 445.2 911.3 1760.5 1834.7 2637.6
 61.2 67.5 70.90000000000001 145 187.7 268.2 601.2 1341.5 1415.9 2878.2
 40.1 71.59999999999999 75.09999999999999 155.8 277.8 443 789.6 1117.2 1852.7 2031.8
 40.1 40.1 65.59999999999999 79 164.1 629 841 1408.8 2144.1 2519.4
 76.59999999999999 84.5 88.59999999999999 119.1 131 269.3 1119.8 1259.6 1334.4 1514.2
 46.8 52 54.7 96.3 106.7 644.1 841.4 1138.6 1213.5 1392
 40.1 40.1 40.1 82 124.7 797.7 1082.3 1545.6 1620.7 1799.4
 40.1 41.5 43.7 53.3 60 481.1 619.2 1329.2 1771.1 2515.9
 53.8 59.8 62.9 139.8 232.6 708.7 757.9 1369.8 1603.4 1781.2
 40.1 51.5 54.3 66.40000000000001 136.5 512 561.2 915.5 1726.8 2127.7
 40.1 42.8 45.2 55.4 62.6 629.4 678.9 1547.4 1621.7 2450.5
 40.1 40.1 46.4 57.1 146.6 721.2 1042.2 1690.4 1763.6 1941.5
 68 75.7 79.8 124.4 137.5 778.7 918.3 1060.1 1133.4 2108.4
 62.2 89.3 94.09999999999999 176 255.9 451.3 838.4 980.4 1367.1 1743.6
 40.1 40.1 40.1 74.2 83.5 1029.1 1130.2 1271.3 1344.8 2463.5
 40.1 54.2 57.5 102.5 114.6 686.1 774.2 915.4 2376.6 2923.9
 40.1 41.5 44.1 216.5 406.4 833.2 952 1296.2 1369.8 1778.3
 40.1 40.1 90.90000000000001 180.6 388.4 508.6 795.9 1245.9 2008.5 2411
 40.1 40.1 40.1 40.1 72.40000000000001 817.7 868.5 1462.8 1536.6 1716.2
 55.2 62.1 66 127.7 142 683.7 1032.6 1588.9 1663 1842.9
 47.6 53.6 57 86.09999999999999 97.5 618.1 806 1263.5 1337.8 1851
 54.8 61.8 65.7 138.8 293.5 555.3 817.8 1639.2 1713.6 2236.9
 55.3 62.3 66.3 158.7 175 469.3 520.4 1561.3 1635.8 1814.8
 40.1 40.1 40.1 136.5 151.9 512.6 608.7 1098.4 1959.7 2139
 74.3 83.59999999999999 88.7 110 124.4 820.9 872.7 1203.6 1840.4 2018.2
 46.6 63.8 67.90000000000001 85.8 135.9 540.7 750.6 1510.6 1585.5 2644.2
 40.1 65.40000000000001 70.09999999999999 88.40000000000001 234 758 810.1 1523.3 1598.3 2639.4
 56 63.4 68 222.4 242.3 469.6 798.1 2172.8 2247.9 2867.2
 55.2 62.6 67.2 102.8 117 624.1 1031.1 1175 1250.3 0
 40.1 74.7 80.7 204 223.4 826 1096.8 1241 1959.8 2225.8
 40.1 40.1 61.7 79.09999999999999 221.8 879.4 1375.2 1831.8 1907.3 0
 46.2 104.7 160.1 191.4 266.5 636.6 1427.5 1572.2 0 0
 48 54.8 59.5 76.5 209 853.7 954.2 1802.7 2187.4 2346.4
 46.6 64.5 69.90000000000001 184 224.8 696.8 750.3 1484.6 1559.1 2229.4
 40.1 40.1 62.6 166.3 363.2 477.6 823.9 1852.1 2101.3 2274.5
 59.3 79 86 267.7 353.8 868.4 1161 1306.2 2362.7 2886.5
 40.1 67.09999999999999 73.40000000000001 127.7 144.4 704.8 758.6 1662.1 1737 1908.7
 40.1 45.3 49.7 64.7 386 512.1 1047 1192.6 2252.6 0
 40.1 45.2 49.6 64.8 123.5 771.7 825.8 1595.8 1670.9 3259.1
 81.7 93.59999999999999 115.4 143.9 252.1 1080 1134.2 1280 1355.3 2141.9
 56.4 65.2 71.59999999999999 146.7 207.7 861.5 1318.3 1464.3 2414.9 2585.7
 40.7 47.1 51.8 121.6 428.8 920 1164.1 1528.6 1604.1 2397.5
 46.7 54.1 59.5 146.3 186.9 529.5 1272.8 1741.9 1817.4 1986.2
 40.2 58.9 64.7 84.5 143.2 1135.2 1321.7 1716.5 1792.1 2273.5
 65.90000000000001 76.8 149.7 277.5 324.7 964.2 1286.8 1431.6 1702.9 2275.5
 68.09999999999999 79.3 86.90000000000001 229.1 313.8 772.6 1413.3 1781.2 2138.1 2305.4
 57.2 66.90000000000001 73.59999999999999 114.8 130.8 903.3 1283 1428.3 2042.1 2209.5
 66.7 78.40000000000001 85.90000000000001 210.3 693.1 962.9 1322.8 1468.1 1542.4 1709.8
 65.90000000000001 126.6 136.9 354.1 377.2 946.7 1001.9 1678 1752.5 1920
 40.1 49.6 54.6 249.6 299.3 753.6 808.8 954.4 1029 0
 40.1 47.3 52.1 69.2 283 640.5 695.9 1670.2 0 0
 57.3 107.6 117 571.2 597.1 1106.5 1230.9 1376.6 2049.6 0
 40.1 40.1 41.9 75.7 461.2 1142.7 1198.3 2039.9 2323.6 2543.5
 40.1 50.7 56.8 117.6 135.4 1187.8 1243.4 1753.2 1824.4 1988.7
 59 71 124.8 197.4 503.8 1133.4 1258.8 1579 1650.3 3721.5
 60.3 72.7 123.5 231.4 281.4 616.7 1468.7 1852.6 1924 2088.4
 40.1 63.3 70.8 153 607.7 745.8 1602.8 1866.1 2148.4 0
 40.1 64.2 71.7 117.6 135.2 1321.4 1682.9 2057.6 0 0
 69 122.9 134.9 437.3 539.4 878.6 1520.3 1815.6 1935.3 2094.5
 41.7 63.9 71.40000000000001 116.3 135.7 907.3 963.2 1555 1624.7 2786.7
 67.5 81.59999999999999 91.3 485.2 807.4 903 1050.9 2071.3 2363.7 2521.8
 41.9 50.8 57.2 123.5 728.9 1128.8 1631.2 1777.7 1847.7 2003.3
 53.3 65.3 73.3 291.8 802.4 1361.6 1723 1869.6 1939.6 2095.2
 94.8 223.5 239.3 585.5 729.1 1265.2 1412 1676.2 1746.2 1899.3
 94.59999999999999 113.9 143 228.1 809.5 1178.7 1234.7 2028 2364.8 2517.7
 93.40000000000001 164.6 242.2 507 589.4 1026.4 1580.2 1726.8 2323.7 2476.6
 87.40000000000001 151.6 166.3 296.2 835.7 1440.4 1496.5 1957.9 2028.1 2648.8
 87.90000000000001 137.1 151 408.1 742 890.6 946.7 1817 1887.3 2039.9
 40.1 99.8 172.6 422.3 895.4 1045.9 1189.3 1883.1 1953.5 2106
 70.5 87.59999999999999 150.6 702.6 732.4 1005.3 1239.4 1386.2 1456.7 2948
 58.2 148.7 291 362.4 392 945.1 1724.3 1871.1 1941.7 2622.5
 80.7 167.6 298.4 366.8 756.4 1209.3 1565.9 1981.3 2048.9 2889.4
 40.1 187.5 202.5 488.6 819.6 1092.7 1148.4 1738.9 2849.2 3001.2
 48.2 184.2 198.8 763.1 795.1 1211.6 1267.2 1792.7 1860.2 0
 69.5 286.4 302.5 454.3 775.4 1428.4 1849.8 1996.3 2063.8 2226.1
 71.09999999999999 138.1 206.1 651.9 927 1186.5 1241.9 2000.4 2067.9 2217.1
 71.09999999999999 163.6 177.5 318 997.3 1096.5 1151.7 1999.3 0 0
 40.1 46.3 51.5 330.8 1033.1 1609.6 1664.6 2127.5 2190.6 2349.6
 171.3 225.9 262.9 750.6 785.5 1012.5 1683.4 1829.6 1894.2 2042.9
 98.09999999999999 219.8 233.1 283.5 316.1 1701.2 1756 1902.3 1966.8 2111.9
 88.90000000000001 258.1 472.2 856.1 936.2 1661.8 1852 1998.1 2058.8 2204.1
 75.3 161.3 486.1 664.9 779.3 1341.8 1769.6 1915.5 1976.1 2121.1
 72.59999999999999 185.2 195.5 591.7 864.1 1398.9 1452.9 1599.1 1972 2736.2
 86.7 327.3 341.1 506.3 537.8 1550.7 1604.7 1933.4 1989.7 2131.2
 65.5 200.3 334 390.5 1347.7 1446.6 1500.4 1646.4 1698.4 2943.9
 68.8 619.8 634.6 815.3 1038.2 1135 1611.8 1757.9 2343.6 2993.5
 68.3 431.3 499.3 601.8 633.2 1268.8 1322.1 2141.8 2192.6 2724.3
 128.8 356.7 423.1 953.1 985.4 1604.5 1657.7 1803.4 1853.6 1990.2
 146.6 191.6 203.3 994.7 1353.1 1562.1 1614.8 1760.4 1809.9 0
 191.2 415.3 431 1183.4 1213 1405.3 1673 2139.8 2188.4 0
 71.59999999999999 248.5 828.7 1165.7 1266.2 1361.3 1806.6 2422.8 2470.6 2588
 90.40000000000001 563.6 579.5 1085.7 1114.1 1216 1269.3 2206.6 2253.5 2377.3
 111.2 170.6 291.2 1104.5 1416.2 1868.6 2081.4 2226 2271.8 2394.3
# name: collected
# type: matrix
# rows: 200
# columns: 10
 34 40 47 139 202 282 282 293 293 298
 30 38 81 118 118 278 285 294 294 0
 60 81 88 161 201 244 287 298 298 0
 35 35 35 106 248 272 285 285 290 290
 7 88 88 232 236 283 290 290 295 0
 19 34 34 79 79 279 279 286 286 295
 36 36 36 86 215 264 281 292 294 295
 4 10 10 138 141 276 288 288 298 298
 24 36 36 141 245 280 288 298 298 298
 15 17 56 150 211 230 292 295 298 298
 11 35 38 140 162 233 246 294 297 298
 4 42 42 127 132 275 286 295 295 0
 12 12 41 87 187 269 289 289 289 291
 11 22 24 36 137 280 290 294 294 0
 6 6 6 86 88 279 282 284 298 299
 3 3 35 35 171 268 291 291 0 0
 10 15 94 113 113 290 293 298 298 298
 5 25 37 128 133 269 285 298 0 0
 36 88 88 195 203 251 251 291 296 298
 39 39 100 166 192 278 284 291 293 293
 6 6 74 199 226 256 270 0 0 0
 4 35 38 87 242 289 294 295 298 298
 30 42 42 49 49 266 273 294 294 294
 2 2 2 2 2 253 276 297 297 297
 3 3 3 38 168 258 258 295 295 295
 30 32 32 151 215 231 262 275 298 298
 26 46 59 108 217 233 233 284 296 298
 12 25 25 218 251 255 270 295 296 0
 37 37 55 176 176 254 285 295 295 295
 19 19 25 44 106 273 283 287 295 298
 2 2 2 2 226 271 289 293 299 0
 24 35 35 139 142 282 283 298 298 298
 3 3 142 145 145 253 254 291 292 293
 38 38 38 90 166 289 289 292 292 292
 12 12 37 176 218 218 277 295 296 299
 4 14 147 169 169 226 285 295 295 295
 7 7 24 103 175 279 283 296 296 297
 21 61 71 106 106 235 235 292 292 299
 4 36 36 59 79 244 273 298 298 298
 40 88 88 187 202 212 290 291 292 0
 40 40 40 156 194 278 283 297 297 0
 3 3 100 100 136 244 282 290 290 290
 54 65 99 151 246 285 285 296 296 0
 6 77 88 99 101 262 263 294 294 294
 5 37 37 112 175 278 288 295 298 299
 42 46 46 69 69 271 285 295 295 295
 32 32 49 49 90 277 295 298 299 299
 40 56 56 129 129 272 272 298 299 0
 10 11 11 40 40 273 288 0 0 0
 14 88 92 150 167 257 282 286 292 292
 3 3 3 144 209 241 278 293 295 0
 29 32 40 40 43 248 272 289 289 296
 2 2 2 2 4 237 242 293 296 296
 25 94 94 124 133 281 284 286 0 0
 34 34 34 83 148 255 265 288 288 288
 5 67 67 69 215 251 259 269 269 294
 3 27 27 30 179 268 292 298 298 299
 4 34 34 36 36 273 275 294 294 294
 10 35 85 86 86 258 279 289 291 294
 36 36 136 175 216 262 262 289 0 0
 37 37 37 41 66 275 277 298 298 298
 21 27 27 162 210 241 281 296 296 296
 3 3 3 103 106 252 256 281 281 292
 9 9 9 137 140 275 278 281 281 299
 36 36 36 41 208 267 290 295 297 298
 38 41 41 41 179 266 274 298 298 0
 50 51 103 192 255 279 279 287 297 0
 102 111 120 189 212 283 283 297 297 0
 39 90 90 97 215 272 294 296 298 298
 4 38 38 132 224 272 275 296 296 0
 42 42 44 198 201 261 289 298 298 298
 27 34 54 149 173 282 288 293 293 293
 33 33 78 180 204 243 271 290 290 299
 26 58 58 60 60 285 291 291 295 295
 40 43 43 129 158 286 286 297 298 298
 37 88 91 96 215 261 261 293 294 294
 6 35 35 133 204 267 278 284 284 298
 4 37 37 104 169 287 290 292 0 0
 11 68 87 116 116 282 293 293 293 299
 35 56 56 111 239 276 282 283 283 295
 29 41 44 143 175 270 275 295 295 295
 9 58 58 142 229 275 275 275 275 296
 12 13 36 84 190 260 261 298 298 298
 36 81 81 161 208 280 286 286 286 298
 4 5 5 149 213 263 281 295 295 295
 37 84 84 215 236 265 282 299 299 0
 4 84 110 131 149 280 284 292 0 0
 39 39 39 149 152 279 279 279 279 297
 38 45 45 222 241 251 251 290 0 0
 43 43 92 132 132 251 283 284 284 0
 12 40 66 131 144 269 269 297 0 0
 39 47 62 179 265 270 270 290 298 298
 14 14 17 146 195 254 282 289 291 0
 32 44 44 110 165 251 272 292 293 295
 3 3 3 198 198 279 280 295 295 0
 6 8 37 133 159 270 297 297 297 298
 11 26 43 146 150 185 253 294 294 295
 5 5 5 5 5 273 287 292 294 294
 3 3 3 86 238 279 288 299 299 299
 3 3 201 205 239 278 279 284 297 297
 6 7 7 12 12 25 25 34 44 44
 2 2 2 2 5 6 18 39 39 39
 3 3 3 4 4 8 36 43 48 48
 8 8 8 13 13 15 29 48 48 48
 6 8 8 10 10 15 39 46 46 46
 4 6 6 13 14 14 29 43 46 48
 6 6 6 8 8 32 34 47 47 0
 4 6 6 6 9 20 33 46 46 49
 6 6 6 11 13 14 26 34 34 46
 4 6 6 11 18 22 35 39 46 46
 3 3 5 5 10 27 32 39 47 48
 8 8 8 9 9 13 43 43 43 43
 4 4 4 6 6 29 33 36 36 36
 3 3 3 5 7 34 40 46 46 46
 3 3 3 3 3 20 23 40 44 48
 5 5 5 10 15 37 37 44 45 45
 4 4 4 4 8 27 27 31 48 49
 3 3 3 3 3 30 30 45 45 49
 3 3 3 3 8 28 37 45 45 45
 7 7 7 9 9 35 37 37 37 47
 7 8 8 13 17 23 35 35 38 39
 2 2 2 4 4 44 45 45 45 49
 4 4 4 6 6 30 31 31 46 49
 3 3 3 15 26 40 42 45 45 46
 3 3 7 12 24 26 34 42 47 48
 2 2 2 2 3 33 33 39 39 39
 5 5 5 8 8 32 41 47 47 47
 4 4 4 5 5 27 31 38 38 41
 5 5 5 9 17 25 31 45 45 47
 5 5 5 10 10 21 21 47 47 47
 3 3 3 8 8 22 23 30 47 47
 7 7 7 7 7 35 35 38 46 46
 4 5 5 5 7 21 25 43 43 47
 3 5 5 5 13 36 36 45 45 49
 5 5 5 14 14 19 27 45 45 47
 5 5 5 6 6 26 37 37 37 0
 4 6 6 13 13 34 39 39 46 46
 3 3 4 4 11 35 44 48 48 0
 4 9 13 13 16 30 48 48 0 0
 4 4 4 4 11 33 34 41 42 42
 4 5 5 11 12 31 31 42 42 45
 3 3 4 9 18 19 27 47 48 48
 5 6 6 16 19 33 39 39 48 49
 4 5 5 7 7 27 27 48 48 48
 3 3 3 3 19 20 34 34 48 0
 3 3 3 3 5 34 34 43 43 49
 8 8 9 9 14 41 41 41 41 48
 5 5 5 8 10 30 38 38 48 48
 3 3 3 6 20 34 39 42 42 46
 4 4 4 8 9 22 44 48 48 48
 4 5 5 5 7 43 45 47 47 48
 6 6 11 16 17 38 42 42 43 44
 6 6 6 13 16 30 45 47 49 49
 5 5 5 6 6 38 44 44 49 49
 6 6 6 12 34 39 45 45 45 45
 6 10 10 20 20 36 36 46 46 46
 3 3 3 13 14 31 31 31 31 0
 3 3 3 3 13 25 25 42 0 0
 5 8 8 32 32 42 43 43 48 0
 2 2 2 3 21 38 38 46 47 47
 3 3 3 5 5 40 40 44 44 44
 5 5 8 10 24 40 41 43 43 49
 6 6 9 13 14 23 45 47 47 47
 3 4 4 7 30 31 46 47 48 0
 3 4 4 5 5 41 47 49 0 0
 6 9 9 25 28 35 46 47 47 47
 3 4 4 5 5 36 36 42 42 49
 6 6 6 26 38 38 39 47 48 48
 3 3 3 5 32 39 47 47 47 47
 4 4 4 13 33 43 49 49 49 49
 8 16 16 30 34 45 46 47 47 47
 8 8 9 11 33 40 40 48 49 49
 8 12 16 26 28 36 45 45 49 49
 7 10 10 15 33 44 44 46 46 48
 7 9 9 20 32 33 33 41 41 41
 3 6 10 21 38 39 40 46 46 46
 5 5 8 36 36 40 42 42 42 48
 4 9 17 18 18 32 44 44 44 48
 6 11 18 19 31 40 43 45 45 49
 2 12 12 21 32 35 35 41 49 49
 3 11 11 33 33 42 42 45 45 0
 5 18 18 22 33 45 49 49 49 49
 5 8 11 29 37 40 40 46 46 46
 5 9 9 13 34 34 34 43 0 0
 2 2 2 13 37 46 46 48 48 48
 14 15 16 36 36 39 46 46 46 46
 7 13 13 13 13 48 48 48 48 48
 6 14 24 37 38 48 49 49 49 49
 5 8 24 28 30 43 49 49 49 49
 5 10 10 25 32 39 39 39 40 43
 7 20 20 24 24 47 47 48 48 48
 4 10 15 15 46 46 46 46 46 49
 4 32 32 35 39 39 43 43 45 47
 4 23 25 26 26 38 38 48 48 49
 8 18 20 38 38 48 48 48 48 48
 9 9 9 38 46 47 47 47 47 0
 14 22 22 39 39 40 42 44 44 0
 4 10 35 42 43 43 47 49 49 49
 7 29 29 41 41 41 41 47 47 47
 8 9 13 36 41 46 47 47 47 47
# name: avgRate
# type: matrix
# rows: 200
# columns: 10
 0.1179327089836975 0.09910802775024777 0.08636530687247335 0.07295821960948981 0.06402941549385063 0.0330326812697669 0.02076032863158515 0.005409946546773881 0.002811228410869188 0.0005899632599390001
 0.1309471846355303 0.1072840203274986 0.1004339739615623 0.07147183525136282 0.05438790560471977 0.03351133719878973 0.02103227901347542 0.005441441574834628 0.002824335008400956 0
 0.1442654484251022 0.1257178333074655 0.1148075668623614 0.08612389001818765 0.07049168829346987 0.03244810298283176 0.02136561253052231 0.005518334574032717 0.002863531580044836 0
 0.1332825590251333 0.1099591580270185 0.09232392508572936 0.07267740829619472 0.07074395253308992 0.03411385499103257 0.02128406383725533 0.005324495293893458 0.002787810155896266 0.0005751877492149679
 0.1040118870728083 0.1233702509463059 0.1136070229796024 0.08891955080295888 0.07421617031982138 0.03505903048772934 0.02174711850679785 0.005423449875167145 0.002836696661929223 0
 0.1223438506117192 0.1053610164239231 0.08861089392754756 0.06471696567543213 0.04544408651633686 0.03393912853076417 0.0210297808832508 0.005325051574800218 0.002755996943348845 0.0005846070004211152
 0.1291248206599713 0.1085972850678733 0.09162636803257827 0.06747744213417026 0.06802505853318991 0.0335195530726257 0.02104065113701882 0.005418103144355338 0.002822537288213699 0.0005846401361597149
 0.07984031936127745 0.06868131868131869 0.04923682914820286 0.07707344317229824 0.05999234140322512 0.03392372079302843 0.02137608550434202 0.005372172148271952 0.002850038255547054 0.0005903751417989959
 0.121580547112462 0.1055718475073314 0.08924144769459594 0.08182451253481894 0.07186436700692245 0.03476533399553017 0.02164079289460633 0.005519264641331143 0.002863793007347839 0.0005909706037736448
 0.1141552511415525 0.08512769153730597 0.09473862290644561 0.08074935400516796 0.07007173219978746 0.03135522746172617 0.021229261483431 0.005460404662260089 0.002856477349955859 0.0005906640590235926
 0.1030927835051546 0.1061571125265393 0.09026128266033254 0.07628596338273758 0.06154313718041256 0.03034209738120353 0.01884956362493966 0.005370480986853282 0.002826939880411876 0.0005894817466383716
 0.07984031936127745 0.1100052383446831 0.0945945945945946 0.07774716865625957 0.05952112549037292 0.03421121381386612 0.02135555505775707 0.005479055150869033 0.002839093645819699 0
 0.1038062283737024 0.0730816077953715 0.0894805761676124 0.06679462571976967 0.06592399351336106 0.03285576441561931 0.02102659245516388 0.005363751433736326 0.002780308489176519 0.0005769605953757501
 0.1004566210045662 0.08603832616347282 0.0713224368499257 0.04127020520463143 0.05645759498887332 0.03334921391138637 0.02110426233325813 0.005436390532544379 0.002822981760081117 0
 0.08426966292134831 0.05123825789923143 0.03472222222222222 0.06373202904994812 0.04648214663004437 0.03365744203440538 0.02101043816449236 0.005290561749611125 0.002852706529251729 0.0005923150783410978
 0.05988023952095808 0.03329633740288569 0.08254716981132075 0.04137115839243499 0.06441405808565941 0.03304480777292792 0.02125406273965599 0.005406168605580058 0 0
 0.1109877913429523 0.07763975155279504 0.09487283003633427 0.06986521577840979 0.05300436230592429 0.03420295324810115 0.02154094986031466 0.00551636305073388 0.002863044626987558 0.0005909853709305799
 0.07886435331230283 0.08726003490401396 0.07986186056550831 0.07277689333636571 0.05670916300686479 0.03261633969493416 0.02087285137797438 0.005477699513256768 0 0
 0.1327433628318584 0.1195977167708617 0.1104417670682731 0.08804406718439588 0.07163273227707399 0.03312307002032252 0.01988292049208248 0.005409474946323509 0.002836928373309104 0.0005904037985550165
 0.1306970509383378 0.1107639875035501 0.1080964220084315 0.08324557444461161 0.06802962123091096 0.0338030909157233 0.02116559844984349 0.005399047096017693 0.002810702541335554 0.0005808488004976664
 0.08645533141210374 0.05199306759098787 0.1038305037182545 0.08571305508894346 0.07206632653061225 0.03348155898509024 0.02073191332524533 0 0 0
 0.07984031936127745 0.1042287075640262 0.08953817153628653 0.06721780112802288 0.07090536185174333 0.03444823229313181 0.02164534036193365 0.005482160677483558 0.002861307252549732 0.0005909114253517261
 0.1149865848984285 0.1018181818181818 0.08915304606240713 0.04996431120628123 0.03274963240208528 0.03252151799687011 0.02034140780424562 0.005407930896208194 0.002815043053881265 0.0005826107341866269
 0.03992015968063872 0.02219755826859046 0.01427551748750892 0.003703017959637104 0.001919017463058914 0.03285031681728472 0.02101720212304201 0.005494729130204729 0.002852321761102207 0.0005889231292717995
 0.05988023952095808 0.03329633740288569 0.02141327623126339 0.04302049133929582 0.06024096385542168 0.03187979587045435 0.01963604813115053 0.005424120235278111 0.002824042075355016 0.0005845712041413798
 0.1143728555089592 0.09592326139088729 0.0815910249872514 0.07754724732949876 0.06777844330254405 0.03086749692661286 0.02014361939323113 0.005143725029553039 0.002842947201318822 0.0005900958549330529
 0.1155555555555556 0.1033475623455403 0.09467265725288831 0.07020280811232449 0.06767081423270029 0.03107122377948766 0.01857284060836017 0.005267853664960797 0.002829592567348605 0.0005897730580979898
 0.1061007957559682 0.08906305664410404 0.07376807317792859 0.08466677023458132 0.07213887451859516 0.03349973725696269 0.02078329946425272 0.005448041382952986 0.002835917275526609 0
 0.120599739243807 0.1026352288488211 0.09292110153742186 0.08039099255469784 0.06507913030616773 0.03230853377768167 0.02103895528668345 0.005461678457103608 0.002834230199059036 0.000585048384493005
 0.1116333725029377 0.08562415502478593 0.0733998825601879 0.04645760743321719 0.05152133761057645 0.03317938745746232 0.02083364007126135 0.005310939795778635 0.002820788156897018 0.0005897430620093061
 0.03992015968063872 0.02219755826859046 0.01427551748750892 0.003703017959637104 0.07230149081835049 0.0345033930458475 0.0217236065696997 0.005458688163589246 0.002871388676549109 0
 0.1091901728844404 0.09518629317378298 0.08200562324273664 0.07429579346838419 0.05849398582962597 0.03355425199005271 0.02099375380187237 0.005483989694516011 0.002854099943301102 0.0005906153597650223
 0.05988023952095808 0.03271537622682661 0.1088372806009044 0.08206463297300357 0.06357139725546933 0.0323968550720926 0.01970963211273289 0.005373484898845531 0.002797787065408812 0.0005804444500794
 0.1223832528180354 0.1041952289553057 0.09006873666745675 0.06878104700038212 0.06405803812610944 0.03437693295903316 0.02148187791752148 0.005433771260560497 0.002812863649324527 0.0005793745056963228
 0.09779951100244498 0.06948465547191662 0.08264462809917356 0.07771105616389967 0.06610668041362162 0.02960669274228596 0.0204384301514805 0.00540780336860321 0.002825543678514222 0.0005917538019192219
 0.07984031936127745 0.07329842931937172 0.1069090909090909 0.08293257434488174 0.06621738108298723 0.03068692546879031 0.02111236221405713 0.005448051444380012 0.002830594213689713 0.0005848537548404083
 0.08383233532934131 0.05335365853658537 0.07228915662650602 0.06560927447608128 0.06158718986450818 0.0330576553946776 0.02078543990951356 0.005451709092382526 0.002836191722727765 0.0005883817777569104
 0.1138211382113821 0.1080602302922941 0.09785005512679162 0.07142375850683917 0.05303977983487616 0.0308212889856517 0.01854672591095993 0.005378819975316374 0.002798081972302822 0.0005916477151416106
 0.07984031936127745 0.09348221241236042 0.08166969147005444 0.05335986253052365 0.0430166076776477 0.03089350603309656 0.02020665561345334 0.005461816768877175 0.002848112456477879 0.0005903215786704532
 0.1387925052047189 0.1166180758017493 0.1085080147965475 0.08401851103023769 0.06884329629882081 0.0296317003284646 0.02143432596435989 0.005414326195477642 0.002809526604388827 0
 0.1354554690145615 0.1144492131616595 0.09857072449482504 0.08281133878331033 0.068454481298518 0.0340285938112025 0.02119421540212841 0.005495644193121007 0.002852677915374397 0
 0.05988023952095808 0.03329633740288569 0.1024065540194573 0.07138268256121065 0.05817435195482932 0.03087864943874258 0.02060289024942648 0.005352202615935168 0.002781691863359459 0.0005749344822506821
 0.1283269961977186 0.113141862489121 0.1054762412103132 0.08130519060951971 0.07281984488781008 0.03507131166705635 0.0216369696095476 0.005522460181382966 0.002855243954551462 0
 0.08310249307479224 0.1042795232936078 0.09714096478640026 0.06809271614278836 0.05060880893921932 0.03345762885018133 0.02036533711214874 0.005424594446986583 0.002819681376004511 0.0005828495913015051
 0.07751937984496124 0.1021253105161468 0.08847441415590626 0.07022824178580386 0.06398069610997369 0.03361141337202273 0.02114879055354022 0.005439472500239705 0.002846591636369889 0.000592020592020592
 0.1207590569292697 0.1044742221212809 0.09264853977844914 0.05885363357215967 0.04088888888888889 0.03284569794078078 0.02082754790336018 0.005448685389211603 0.002830800646382141 0.0005848595524218539
 0.1342845153168275 0.1097393689986283 0.09704892057833235 0.05268250725728416 0.04695325542570952 0.03322936660268714 0.02136024966149435 0.005506536702545388 0.002865757930673578 0.0005926443911659119
 0.1326259946949602 0.1125628140703518 0.1010647897491427 0.07678114397952503 0.05875654748348896 0.03345016294656582 0.02064155783051156 0.005495731586993927 0.002862564359829127 0
 0.09541984732824428 0.06731946144430845 0.05052824988516307 0.04461298237787196 0.02833262501770789 0.03352037621403926 0.0211348225555523 0 0 0
 0.1022644265887509 0.1117034780401117 0.1036269430051814 0.08245835852894288 0.06532879552478191 0.03339223533080402 0.0213108435920107 0.005333482521655618 0.002805407519068605 0.0005790866811451558
 0.05988023952095808 0.03260869565217391 0.02083333333333333 0.07767828244686589 0.06796747967479674 0.03187915024206989 0.02098255730577926 0.005430612343244355 0.002828724111181323 0
 0.1220025241901557 0.09987515605493134 0.08798944126704795 0.04548555833522857 0.02993595098858257 0.03133014136462979 0.02021433136639962 0.005333677838476303 0.002772102481463363 0.0005859647969770551
 0.03992015968063872 0.02219755826859046 0.01427551748750892 0.003703017959637104 0.003719546215361726 0.03087827185908043 0.01884764560195642 0.005373524114835695 0.002820600292351409 0.0005859906657230106
 0.1206563706563707 0.114592222357674 0.1071103008204193 0.07822356800403735 0.05975916606757729 0.03379190918274087 0.02108983974692192 0.005319317118715626 0 0
 0.1156856073494386 0.09795447997695188 0.08413758970551843 0.06489952302760184 0.05761220755965588 0.0319841458978765 0.02004386960139173 0.005333866720005334 0.002767676612363826 0.0005711837783806939
 0.0771604938271605 0.1065013511365443 0.09759650400582666 0.06062203479177649 0.06834509504736473 0.0320226582633768 0.01973213061299121 0.004999758375989265 0.002589698391595129 0.0005816959285439972
 0.05988023952095808 0.09246575342465753 0.07740825688073394 0.03687315634218289 0.06256772344367156 0.0327620351580646 0.02118321302912692 0.005498236136326736 0.002857975862571641 0.0005923337354863376
 0.07984031936127745 0.1041985902543671 0.08868022952529996 0.04332651341918402 0.02675187634688266 0.03291099564803317 0.02050891951554203 0.005429814111976065 0.002821069358005216 0.0005828722397579534
 0.0970873786407767 0.1026392961876833 0.09656896159963645 0.06514164520527192 0.046848613607888 0.03253714026281938 0.0206934915631374 0.0053528827774238 0.002790269534283879 0.0005824431429503678
 0.1307664366146022 0.1098565761367104 0.1141610005875934 0.08561224988992711 0.07173696446363334 0.03365662534523733 0.02042041105819817 0.005391107098353194 0 0
 0.1214309156547424 0.1034965034965035 0.08935039845447959 0.04594352308381892 0.03914822943235067 0.0329093019637878 0.02056681244106532 0.005485564497721098 0.002854805365501306 0.0005906338551722183
 0.1108764519535375 0.09171195652173914 0.07696693272519954 0.07478188616535106 0.06448443161579562 0.03072960497794099 0.02043651226554375 0.00544968158026037 0.002835607567240302 0.0005866403365571467
 0.05988023952095808 0.0330760749724366 0.02103786816269285 0.06797333861281595 0.05112375807851837 0.03200040635436641 0.01963461213971254 0.005223087160499335 0.002705273454046935 0.0005781193697706926
 0.09375 0.0627177700348432 0.04554655870445344 0.07752376641014033 0.06007552351527635 0.03412926926131851 0.02109528543135306 0.005258410650059321 0.002714721422243519 0.000592374691455005
 0.123668842322226 0.1046511627906977 0.08979795460214518 0.04628584330548657 0.06421536846654935 0.032638591773119 0.02095996646405366 0.005433381220761042 0.002839057012470821 0.0005901397938194144
 0.1342281879194631 0.1121751025991792 0.0970414201183432 0.04830917874396135 0.06800136762527068 0.03368111831442464 0.02082177623429818 0.005517864549386739 0.002863245440665964 0
 0.1237317495669389 0.1090442591404747 0.1032167551858904 0.08495951148280897 0.07355274164238945 0.03485495839892062 0.02137849124554615 0.005354197915034289 0.002847620654741815 0
 0.1415683553088133 0.1296426068675543 0.1198681450404555 0.09185012392477038 0.07380073800738007 0.03498318829113924 0.02154450500928774 0.005488890079893844 0.002850826883777451 0
 0.127826941986234 0.1170351105331599 0.1088534107402032 0.07268095309456017 0.07000293035522417 0.0337976366505548 0.02155678085405913 0.005493179920200427 0.00286101057037798 0.0005909102536214569
 0.07984031936127745 0.1028416779431664 0.08899297423887588 0.07557107688784565 0.06864006864006864 0.03400637619553666 0.02092798490141017 0.005483949258647873 0.002844879121470572 0
 0.135048231511254 0.1152579582875961 0.09925558312655086 0.08719010084107622 0.07107747798719898 0.03414844761942144 0.0217928995867644 0.005545919468782801 0.00287079219414262 0.0005913262753846151
 0.117595818815331 0.09994121105232216 0.09193054136874362 0.07524872481187819 0.06209173785083627 0.03410781455992453 0.02132701421800948 0.005432827629173357 0.002817248096674878 0.0005811334720781234
 0.1283547257876313 0.1064172847468558 0.09677419354838709 0.08474975281322096 0.06999965686442713 0.03177052009518082 0.02037839138542983 0.005342854668825917 0.002779143391340764 0.0005911800289500267
 0.116331096196868 0.1097653292959879 0.09892546477912333 0.0576923076923077 0.03857280617164899 0.03483128215782848 0.02174367864187937 0.005437179094326649 0.002839260329373447 0.0005852196914721787
 0.1325381047051027 0.1126539166884988 0.09783845278725825 0.08153719739586626 0.06583333333333333 0.03433208489388265 0.02138093956520439 0.005494078604171061 0.002857616843445749 0.0005907233050057061
 0.1250845165652468 0.1100137517189649 0.1022586807506461 0.06996574593688507 0.06902308260297281 0.03317824727328197 0.02021265885523554 0.005437142549630163 0.002824199353892352 0.0005830055084105485
 0.09448818897637795 0.09861932938856016 0.0848073661255149 0.07811582285915659 0.06839899413243923 0.03293653241226176 0.02068083080402309 0.005270982314369552 0.002732077475560413 0.0005897986213754103
 0.07130124777183601 0.09822139633660738 0.08513575701794754 0.07254464285714286 0.0624422686125993 0.03433959103581129 0.02151782269314101 0.005429467131270384 0 0
 0.1013824884792627 0.107680126682502 0.1010335617233771 0.0743399128428608 0.05587937761934583 0.03379350014380213 0.02136191309419656 0.005440716614797264 0.002819582336134632 0.0005922572369278528
 0.1351351351351351 0.1138674257828386 0.1018181818181818 0.07357815192894074 0.07094724968088581 0.03391705069124424 0.02116386232982604 0.005287466276054317 0.002731807896951959 0.0005845702774350721
 0.1268036729339747 0.1086092715231788 0.09448142581060769 0.07298524983412444 0.06199737839657066 0.03240518482957273 0.02032700609071019 0.005429241341740375 0.002825486462567572 0.0005846350381092864
 0.1026225769669327 0.1060716898317484 0.09585192530160304 0.07975287840494243 0.07024755360593883 0.03390248412747334 0.02090046817048702 0.005159987766138097 0.002660446703513047 0.0005861839995928397
 0.1029159519725557 0.07407407407407407 0.08761255779995133 0.06444188722669736 0.06797610103395228 0.03274146832892583 0.02004885468037056 0.005515485001767547 0.002862604585930971 0.0005909395482723247
 0.128068303094984 0.1169506208489749 0.1078705553335997 0.08302820896292094 0.07129880368834196 0.03480985118788617 0.02155968489691305 0.005355544486598031 0.002763984699508475 0.0005908226213689439
 0.07984031936127745 0.04570383912248629 0.03071253071253071 0.08096945984132159 0.07038297591117866 0.03391972761040033 0.02115454107443989 0.005439883752450253 0.002828374250480824 0.0005847604295987097
 0.1306036004235792 0.1178781925343811 0.1089352872519777 0.08275596612779061 0.07000266959333194 0.03395389957333401 0.02128077033370059 0.005514997473061358 0.002867090689242849 0
 0.07984031936127745 0.1174004192872117 0.1100660396237743 0.07880173243503368 0.06199808596513127 0.03438536166032175 0.02138344890936881 0.005415590967091011 0 0
 0.1232227488151659 0.1056338028169014 0.09124941506785213 0.08017218186709713 0.06283328510603117 0.0344457202118597 0.02122334720331054 0.005236201483027387 0.002699551526117435 0.0005882237603184251
 0.1316245237270523 0.1122474432526815 0.09799651567944251 0.08739125300161397 0.07310562397621792 0.03328735876080845 0.01994168447647119 0.005378996687279971 0 0
 0.1254375729288215 0.1086681829668941 0.1054320421728169 0.07785314066647006 0.0596987924562435 0.03230955384496563 0.02087574872384999 0.005280822618283919 0.002734829400571618 0
 0.1045296167247387 0.1077876583131231 0.1023573200992556 0.07695922923275761 0.06091628241465375 0.0336932287882963 0.02064450771674814 0.005521575043224451 0 0
 0.128755364806867 0.1096337765337066 0.098256735340729 0.08153783082038901 0.07161000918769929 0.03427613872949779 0.02089217317290208 0.005407038099109144 0.002857745641458409 0.0005907593735968226
 0.1059803179409538 0.07722007722007722 0.06338553318419091 0.07546779696061201 0.06404992609623912 0.03196415987113662 0.02076567919234763 0.005344429033749422 0.002789365519991411 0
 0.1242718446601942 0.1051122790253225 0.09226252883204027 0.07110996185920228 0.06116321310746192 0.03222410517126278 0.02038873522378886 0.005380851906793325 0.002804742983116979 0.0005842310687348843
 0.05988023952095808 0.03329633740288569 0.02141327623126339 0.08438818565400844 0.06918238993710692 0.03545738759118522 0.02162395934695643 0.005502663662274484 0.002845175209747281 0
 0.08275862068965517 0.05797101449275362 0.08648901355773726 0.07609566311935004 0.06240678232200329 0.03373229054746258 0.02162044114435466 0.00551288381365339 0.002857208824446163 0.000590960173448794
 0.1011959521619135 0.09068712940355773 0.08838643371017471 0.08037434627030003 0.06287199262301953 0.02672483531723102 0.01945106481125548 0.005413876095895582 0.002816669317273847 0.0005844403359719658
 0.09225092250922509 0.04629629629629629 0.0309981401115933 0.008738203425375742 0.004630058338735068 0.0331604455403452 0.02107226244144554 0.00540428493166911 0.002818319073980876 0.0005827549721486731
 0.05988023952095808 0.03329633740288569 0.02141327623126339 0.06578947368421052 0.06827896835642769 0.03395441103092407 0.02135547975678482 0.005514234655581641 0.002866818540933183 0.000592690441944881
 0.05988023952095808 0.03289473684210526 0.1207932692307692 0.09586158522328735 0.07884926264392465 0.03671324053775653 0.02204017790136428 0.005356954231993844 0.00286274165828889 0.0005893689743471697
 0.09584664536741214 0.05537974683544303 0.03886729594669628 0.01823985408116735 0.01025290498974709 0.004555559604941871 0.002373312574759346 0.0006658037328090455 0.0004316073942194037 8.762732100377096e-05
 0.03992015968063872 0.02219755826859046 0.01427551748750892 0.003703017959637104 0.004587576841912102 0.001163376895334859 0.001706177309737533 0.0007576611195511538 0.0003840559658170496 7.773103507244234e-05
 0.05988023952095808 0.03329633740288569 0.02084781097984711 0.007069635913750443 0.003727865796831314 0.0015401794309037 0.003304389330494006 0.0008376433003146033 0.0004714345064522688 9.561785368595871e-05
 0.09291521486643438 0.06010518407212622 0.04275788348476751 0.01962264150943396 0.01106006465883954 0.002842201000454752 0.002708154346120803 0.0009304417272099929 0.0004721518912634194 9.56475769380142e-05
 0.09287925696594428 0.05792903692976104 0.04160166406656266 0.01577038322031225 0.008725242125468982 0.002830242080039246 0.00357407967448382 0.0008925245250217311 0.0004526975360460413 9.16711754935048e-05
 0.07984031936127745 0.05012531328320802 0.03466204506065858 0.01921655580192166 0.01160573654978032 0.002658513890735079 0.002704996781986587 0.0008339895344010985 0.0004512511428425683 9.549675122041863e-05
 0.08583690987124463 0.05172413793103448 0.03544004725339633 0.01313844637871572 0.007144770920782352 0.005622024280117361 0.003146720469416654 0.0009095008001671934 0.0004619128301693943 0
 0.07984031936127745 0.05016722408026756 0.03468208092485549 0.01022669166524629 0.007890583903208839 0.003672959670902814 0.003024387561518793 0.0008887085712077743 0.0004517124320099141 9.748574320743215e-05
 0.08426966292134831 0.05106382978723404 0.03510825043885313 0.01705426356589147 0.01094552496421655 0.002657454158915759 0.002452552541221748 0.0006622323071978809 0.000335253150640087 9.147344227687738e-05
 0.07984031936127745 0.0493421052631579 0.03426613363792119 0.01677340652638 0.01408671153545156 0.004041888664339519 0.00324386446207459 0.0007629525873874156 0.0004516326027685079 9.162766183337391e-05
 0.05988023952095808 0.03329633740288569 0.03019323671497585 0.008635578583765112 0.008590327291469805 0.004796589092201101 0.002951757217968822 0.0007586249824932696 0.0004601342613033939 9.551870037256272e-05
 0.09237875288683603 0.05947955390334572 0.04241781548250265 0.01453723146502988 0.007957559681697613 0.002467120869944774 0.003866976024748647 0.000838867256084714 0.0004243376385511731 8.574034394240482e-05
 0.07042253521126761 0.0392156862745098 0.02585649644473174 0.01006204930404159 0.005421523448088912 0.005138108821601318 0.003043887320825724 0.000703969213079748 0.0003556837773617156 7.180010849794173e-05
 0.05988023952095808 0.03329633740288569 0.02141327623126339 0.008591065292096221 0.00622388192406864 0.005864394501267745 0.003609359068063489 0.0008924137074745468 0.0004526636797424147 9.167009765256794e-05
 0.05988023952095808 0.03278688524590164 0.02087682672233821 0.005422013374299657 0.002830188679245283 0.003648902592545292 0.00216588820250113 0.0007792835267255286 0.0004323427770752207 9.551936565589268e-05
 0.07836990595611286 0.04553734061930784 0.03069367710251688 0.01562988433885589 0.01216939802044459 0.006481335505456584 0.003439332955316558 0.0008565343840155111 0.0004428985644181199 8.96805221080423e-05
 0.07984031936127745 0.03940886699507389 0.02592352559948153 0.007062146892655367 0.007039155301363837 0.004898403483309144 0.002556527667310533 0.0006088519213206195 0.0004718520586512109 9.758473790631347e-05
 0.05988023952095808 0.03232758620689655 0.02066115702479339 0.005401512423478574 0.00282326369282891 0.005329164742246066 0.002809278109168548 0.0008729829244539976 0.0004428188074003879 9.752204446010104e-05
 0.05988023952095808 0.03329633740288569 0.02049180327868852 0.005385029617662897 0.006977149834292692 0.004894078165419842 0.003350781547155458 0.0008705678423846594 0.0004422013372168437 8.965188174319118e-05
 0.08974358974358974 0.05568814638027048 0.0389321468298109 0.01441383728379244 0.007912087912087912 0.006056725561112361 0.003388805949644176 0.000724636261973635 0.0003658534173675561 9.360528523322851e-05
 0.09695290858725761 0.05743000717875089 0.04121586810922205 0.01923076923076923 0.01353610956286328 0.004219177077027498 0.003229258931207559 0.000686538355917176 0.0003748750827438094 7.77289436277812e-05
 0.03992015968063872 0.02219755826859046 0.01427551748750892 0.006966213862765586 0.003691739732348869 0.007297938332421091 0.004043054033171012 0.0008776840064519526 0.0004440287020152983 9.751952131846393e-05
 0.07984031936127745 0.03838771593090211 0.0253968253968254 0.009958506224066389 0.005383097075183923 0.0052760239883224 0.002877243786081565 0.0006088531171315555 0.0004493214269667091 9.743024739925861e-05
 0.05988023952095808 0.03278688524590164 0.02081887578070784 0.0209351011863224 0.01848691695108077 0.006857299595419324 0.003834915997078159 0.0008772579645275869 0.0004439191948686887 9.167395242082011e-05
 0.05988023952095808 0.03329633740288569 0.03666841278156103 0.01763150161622098 0.01728608470181504 0.00471989253167774 0.003149343732342834 0.0008195777613428586 0.0004607459182323042 9.55393094498329e-05
 0.03992015968063872 0.02219755826859046 0.01427551748750892 0.003703017959637104 0.002797463632972771 0.005672344741048868 0.003036297557160602 0.0007578289560614657 0.0003840979508866753 7.773318860343756e-05
 0.07668711656441718 0.04460303300624443 0.03012048192771084 0.0127449418512028 0.007005253940455342 0.005630135299188909 0.003716259086706669 0.0009110486945835247 0.0004623117555059363 9.365480711194678e-05
 0.06944444444444445 0.03861003861003861 0.02547770700636943 0.008530967411704487 0.004555808656036446 0.004805895231483954 0.002868776605589487 0.0007412681537546207 0.0003749834711233123 8.169755564898745e-05
 0.0771604938271605 0.04472271914132379 0.03017501508750755 0.01408891671884784 0.01314263625821415 0.004500207009522438 0.002865647358982418 0.0008714310059024928 0.0004424187129351434 9.358133581980934e-05
 0.0765696784073507 0.04452359750667854 0.03006614552014432 0.01518141794443601 0.008510638297872341 0.003839613844550491 0.0019961218204631 0.0009115363654523839 0.0004624354804114298 9.366005147715851e-05
 0.05988023952095808 0.03329633740288569 0.02141327623126339 0.01256873527101336 0.00694504731313482 0.003990857308710953 0.002168031898347582 0.0005871025315861162 0.0004609664406623402 9.359958099251402e-05
 0.0830367734282325 0.05239520958083833 0.03709591944886063 0.01147540983606557 0.006225542511561722 0.006012815887577523 0.003219071619744865 0.0007421353186104102 0.0004516871496969769 9.163014408640961e-05
 0.07067137809187279 0.04393673110720563 0.02977963073257892 0.008535336292249915 0.006162514305836781 0.003790134820510044 0.002325451602701244 0.0008347796375891564 0.0004232887567615457 9.350550548479421e-05
 0.05988023952095808 0.04332755632582322 0.02939447383891828 0.00849762066621346 0.01053484602917342 0.006252170892671066 0.003330218961896745 0.0008733912618174689 0.0004429207969030978 9.748539410161638e-05
 0.07575757575757576 0.04409171075837742 0.02976190476190476 0.01937984496124031 0.01126941962488932 0.0034737457949393 0.002500439892203258 0.0008625184003925417 0.0004401068383800548 9.346403981011289e-05
 0.07668711656441718 0.04440497335701599 0.0299043062200957 0.009953550099535502 0.005371530886302597 0.004622961896125602 0.003354153257608036 0.000723009281875916 0.0003654310160068661 0
 0.07984031936127745 0.04811547714514836 0.03320420586607637 0.01846590909090909 0.01062612391695275 0.005835907998626845 0.003514526710402999 0.0007611092679690092 0.0004511582015657151 9.159226786039268e-05
 0.05988023952095808 0.03329633740288569 0.02473716759431045 0.006907269901571403 0.009003110165329842 0.005952988400176889 0.003868063858217877 0.0009260724111452815 0.0004710163059957432 0
 0.07117437722419928 0.05817711700064641 0.04998077662437524 0.01880242985247324 0.01263324121594947 0.00532235744952631 0.004200393786917524 0.0009307340001008296 0 0
 0.06896551724137931 0.03816793893129771 0.02507836990595611 0.006938421509106678 0.009098428453267164 0.005637460067991185 0.00310383232002337 0.0007914645375627139 0.000411009576523133 8.360764603866973e-05
 0.07067137809187279 0.04366812227074236 0.02942907592701589 0.01608187134502924 0.009797517962116264 0.005441651453447549 0.002883640456545399 0.0008157779219417068 0.0004135523059971977 8.96004893381391e-05
 0.05988023952095808 0.03329633740288569 0.02460024600246002 0.0135074290859973 0.01320422535211268 0.003468672411275011 0.002494479808571772 0.000906424233541168 0.0004701213402767643 9.556527357052767e-05
 0.07215007215007216 0.04651162790697674 0.03225806451612903 0.0208414745343233 0.0140345693603191 0.005623338559062096 0.003494310545650031 0.0007601420491090746 0.0004689208080677825 9.743749335088534e-05
 0.07984031936127745 0.04269854824935952 0.02883506343713956 0.01115182411980245 0.006116742397763019 0.004732856541859487 0.002509620210808098 0.0009291143797871167 0.0004718047514670179 9.563492324400832e-05
 0.05988023952095808 0.03147953830010494 0.02004008016032064 0.005312555339118116 0.01370851370851371 0.003628381197728633 0.003077758667511542 0.0006641584916569973 0.000469425716314304 0
 0.05988023952095808 0.03151260504201681 0.02005347593582888 0.005311614730878187 0.004450378282153983 0.005890812065769184 0.003140645495021153 0.0008334011683121494 0.0004229332090106412 9.736535315506467e-05
 0.08724100327153762 0.05571030640668524 0.04178272980501393 0.01397732567168815 0.01118121555786279 0.006743421052631579 0.00368234808068833 0.0007995319812792511 0.0004045175733286764 9.559050937593536e-05
 0.0753012048192771 0.04340277777777778 0.02913752913752914 0.01237049636616669 0.008280202036929701 0.005118143819841338 0.003357394661742488 0.0007383759227270165 0.0004686818031360671 9.550609975572326e-05
 0.05917159763313609 0.03089598352214212 0.01976284584980237 0.009652509652509652 0.01399776035834267 0.005743243243243244 0.003493340260298636 0.0008150813334730616 0.0004133691455364498 9.156096517200026e-05
 0.07054673721340388 0.03842459173871278 0.02507836990595611 0.01237815256073031 0.007582778667116016 0.003978659915001357 0.0039032006245121 0.0009276814341954972 0.0004714321913543265 9.562015848244434e-05
 0.0796812749003984 0.04591368227731864 0.03035822707953856 0.008554319931565441 0.006123163051084675 0.007008736471508671 0.003974668115212379 0.0009088008662612513 0.0004617254187702189 9.556546383593799e-05
 0.07905138339920947 0.04731861198738171 0.04405286343612335 0.02057877813504823 0.0128330942854986 0.006371349049327655 0.003721161002232697 0.0008166185769060267 0.0004228001364759511 8.760132636371871e-05
 0.0768245838668374 0.04640371229698376 0.03210272873194221 0.01783020161843368 0.01217841376160755 0.005196964972456085 0.003942768524440784 0.0009076653302743081 0.0004797426229781051 9.755021546652693e-05
 0.0744047619047619 0.0427715996578272 0.02880184331797235 0.009759271307742356 0.005305978068623983 0.006437077566784679 0.003899672073030222 0.0008555600710114859 0.0004801939591599937 9.756884328153888e-05
 0.07822685788787484 0.04672897196261682 0.0322754168908015 0.01689427002674926 0.02008150729431221 0.00654044173137232 0.003974281979722331 0.0008743279817984344 0.0004431646287659146 8.969328484315037e-05
 0.07905138339920947 0.05662514156285391 0.04221190375685943 0.02341646177262616 0.01452221899506245 0.00605377772546118 0.003272162081095084 0.0008901273269089361 0.0004520773445369893 9.164807140580172e-05
 0.05988023952095808 0.03012048192771085 0.01940491591203105 0.01734258271077908 0.01077503270992073 0.005387931034482758 0.002868033454222485 0.0006083871069034274 0.0003068425897514575 0
 0.05988023952095808 0.03083247687564234 0.01972386587771203 0.005270555165144061 0.01013250194855807 0.004432231185178619 0.002337344216008003 0.0008128476375164022 0 0
 0.07429420505200594 0.05076142131979695 0.03686635944700461 0.02987303958177745 0.02003631582242815 0.006877916973716531 0.003828722542271768 0.0008369569025587525 0.0004703595114532541 0
 0.03992015968063872 0.02219755826859046 0.01409443269908386 0.005211047420531526 0.01437174924719409 0.006186204763377668 0.003393372208281615 0.0008839371328538294 0.0004593270760606546 9.352424218003019e-05
 0.05988023952095808 0.0297914597815293 0.01913265306122449 0.008095854922279792 0.004403734366742997 0.006464333042438346 0.003557642705943042 0.0008501889738219086 0.0004321164671728977 8.765137541940684e-05
 0.07246376811594203 0.04132231404958678 0.03558718861209964 0.01433897332950961 0.01595956909163453 0.006521668242736493 0.003641595907201478 0.0008336726187014095 0.0004230189187833189 9.727597491868026e-05
 0.08534850640113799 0.04889975550122249 0.04026845637583892 0.01777413180202352 0.01092555017949118 0.004094931187352004 0.003923722828219414 0.0009064154931478847 0.0004611278992190259 9.360901387086416e-05
 0.05988023952095808 0.0353045013239188 0.0234192037470726 0.0107197549770291 0.01866019779809666 0.005395245222597375 0.003964560278553453 0.0009061795662291941 0.0004699045702135325 0
 0.05988023952095808 0.03502626970227671 0.023296447291788 0.008095854922279792 0.004404510218463707 0.006485905021039643 0.004022973747956415 0.0009412650602409639 0 0
 0.0759493670886076 0.05205320994794679 0.03831417624521073 0.02667235676944415 0.01818890476809146 0.005953798523457966 0.00399295157244169 0.0009070627378627286 0.000461076781056219 9.360787660490207e-05
 0.05802707930367505 0.03511852502194908 0.02333722287047841 0.008112932013629726 0.004402571101523289 0.00609415468995988 0.003283712784588441 0.000814663951120163 0.0004132853528718904 9.745683408093332e-05
 0.07741935483870968 0.04559270516717325 0.03136434918975431 0.02639058059277304 0.0210246763306407 0.006437404709469761 0.003529124324715634 0.0009026085386767759 0.0004689162271391128 9.551824418363542e-05
 0.05780346820809248 0.02976190476190476 0.01908396946564886 0.008019246190858059 0.01850887847764474 0.006363399034068659 0.004040855629685673 0.0009077266854263515 0.000461473356786653 9.362488254559282e-05
 0.06319115323854661 0.03469210754553339 0.02308136180034622 0.01641828744632483 0.01830892143808256 0.00675930583501006 0.004179817452870426 0.0009446766506778537 0.0004806767929244376 9.759105444545178e-05
 0.07633587786259542 0.05850091407678245 0.04715590922487474 0.02763703362505758 0.01966340870973339 0.007182532081976633 0.004030844724851034 0.0009095096001640988 0.0004619337134949512 9.364428282725239e-05
 0.07648183556405354 0.04881025015253203 0.03703703703703703 0.01510781486059607 0.0182370820668693 0.006473853723275123 0.00356039769642269 0.0009225801491504575 0.0004786801713088874 9.750900316546064e-05
 0.07736943907156672 0.05591798695246971 0.0467562828755114 0.02581926514399206 0.01761671070844344 0.005973715651135006 0.003885943247957721 0.0008699552263043528 0.0004788724410864736 9.751697890011196e-05
 0.07186858316221766 0.04960317460317461 0.03755163349605708 0.0188394875659382 0.01797679359372446 0.006831873796658593 0.00382725177227852 0.0008853321631551698 0.0004508561856978616 9.549411040074103e-05
 0.07150153217568947 0.04810261892036344 0.03585657370517929 0.02202400616672173 0.01836969001148106 0.005602145791600176 0.003014607141878374 0.0007912461161394909 0.0004024054028323452 8.16668157252043e-05
 0.05988023952095808 0.04005340453938584 0.03668378576669112 0.02276916404640572 0.02004853856705708 0.006450652508311418 0.003574843824010439 0.0008866085488338207 0.0004511860799285949 9.161412132099597e-05
 0.06211180124223602 0.03633720930232558 0.03192338387869114 0.02993514052885415 0.02078042022627569 0.006660782975038715 0.003736854280477606 0.0008173400640638927 0.0004139697033315691 9.543730166935746e-05
 0.05865102639296187 0.04529441368897836 0.04347826086956522 0.02087198515769944 0.01293103448275862 0.005382583976720324 0.003752889298294994 0.0008482565436244845 0.0004316192490413639 9.549910718282608e-05
 0.0661521499448732 0.05055147058823529 0.04518072289156626 0.02191970466082141 0.01764973810066044 0.006441949978258418 0.00371782567720627 0.0008656959329605069 0.0004409650667474123 9.743693146047619e-05
 0.03992015968063872 0.05052631578947368 0.03966942148760331 0.02124216063119563 0.01758628269949439 0.005744579578840251 0.003139463958953751 0.0007924405041467832 0.0004764256795385866 9.741527455600503e-05
 0.05154639175257732 0.04696840307429548 0.03681392235609103 0.02612619745071649 0.01838337697064231 0.006761542919698628 0.003727634194831014 0.0008688483126000383 0.0004417819717612964 0
 0.06289308176100629 0.05350772889417361 0.04472049689440994 0.02305354710258829 0.01858736059479554 0.007000186671644578 0.004135090887609918 0.000942374745895381 0.0004800918641085282 9.756561835396449e-05
 0.06165228113440198 0.04253056884635832 0.03593596863770009 0.02517579651011372 0.0192008303061754 0.006465691424876747 0.003558117400083616 0.0008846085799340005 0.0004506803804134307 9.159385453024201e-05
 0.06165228113440198 0.04213483146067416 0.03243243243243243 0.01589242053789731 0.01702298102438292 0.005576970392848356 0.003048862505268255 0.0008269342087297328 0 0
 0.03992015968063872 0.02076843198338526 0.0132013201320132 0.01564756860857005 0.01819880969947371 0.006959573953038005 0.003943555715583903 0.0009208191453647307 0.0004697105213199648 9.555098680281621e-05
 0.07722007722007722 0.05436752446538601 0.04408928079360706 0.02878618263233648 0.02016241949033884 0.006486486486486486 0.003937210058715785 0.0008875237316128236 0.0004514486594919044 9.16256359765271e-05
 0.06475485661424607 0.04818383988139362 0.03902731912338637 0.0165922144224633 0.009877668870146647 0.007162896197695935 0.004083021435862538 0.0009248145072569038 0.0004707414570232664 9.559622068307881e-05
 0.06066734074823053 0.04543979227523531 0.04194337644180356 0.02728412358970577 0.01962607168680921 0.007205259839682968 0.004134323320958488 0.0009423421240391476 0.000480115384464642 9.75698924003209e-05
 0.05861664712778429 0.03786086133459536 0.04094864357618154 0.02403639797407503 0.01686056314280897 0.006780409347503863 0.004163268080478521 0.0009438414346389807 0.0004805047457198304 9.758602058348076e-05
 0.06053268765133173 0.04251700680272109 0.0338409475465313 0.02290006412017953 0.01716646102676895 0.006094797543327759 0.003405251071780946 0.000755827136519823 0.0003922645432079394 8.553193503869425e-05
 0.07238883143743537 0.0530082162735224 0.04534119247336205 0.02384974659644241 0.01560671088568084 0.007174805745950814 0.00405008315596267 0.0009242606877269733 0.0004706357602777536 9.559254633052078e-05
 0.05298013245033113 0.03995205753096284 0.03456221198156682 0.01684446939921392 0.01959364484388977 0.007135544317935035 0.003999860874404368 0.0008906719539019176 0.0004523178339088914 9.742637300104445e-05
 0.05076142131979695 0.0477754553598089 0.04356112169888374 0.02660989888238425 0.01913453046806005 0.006356968215158924 0.003703129575087411 0.0008307910483230579 0.0004396953009274639 9.344057129962912e-05
 0.05108556832694764 0.04778724288385622 0.04171533455698315 0.02359774913777455 0.01591966691158462 0.006061766207248596 0.003356267830172848 0.0009205666087476841 0.0004697013286676335 9.746893078373176e-05
 0.05763688760806916 0.04425866732235063 0.03823360734085261 0.02615098754387172 0.01913971995567644 0.007267771973654327 0.00411745026892097 0.0009265801086415177 0.0004712646386578383 9.561939655395663e-05
 0.05747126436781609 0.03725165562913908 0.02967359050445104 0.02542316183849602 0.01954868046406867 0.007162341323661632 0.004046561283879189 0.000908030077047318 0.0004616446927067014 0
 0.06958250497017893 0.04728132387706856 0.04143126177024482 0.02316739931091838 0.01762313601446001 0.00624482850139728 0.00359804677460807 0.0008438850935369909 0.0004305772475153736 0
 0.04901960784313726 0.03350083752093802 0.03768708947991816 0.02521462448219967 0.0189744947489189 0.006759624605033562 0.003980824284722104 0.0009347077988966632 0.0004781859382105696 9.749536399595693e-05
 0.0697211155378486 0.04726205997392438 0.04267844002943341 0.02585608879359274 0.01939359538337827 0.006595881595881596 0.003638202905238125 0.0009002693146077317 0.0004596419682455857 9.355518252914692e-05
 0.066006600660066 0.04079782411604715 0.03323108384458077 0.02243689622935494 0.01696879397400878 0.006697143522697493 0.003890277616832486 0.000899934898326504 0.0004595597222303704 9.355201681229266e-05
