# Created by Octave 3.0.1, Thu Sep 10 10:35:53 2009 PDT <jwawerla@marvin2>
# name: prtA
# type: matrix
# rows: 100
# columns: 10
 345 646.9 672.8 965.7 1018.1 1668.8 1734 1891.1 1959.9 2349.6
 325.1 430.8 745.9 1182.3 1234.8 1937.2 2002.7 2160.2 2908.9 2908.9
 265.7 780.7 845.6 1073.2 1130.6 2086.3 2152.7 2310.9 2379.9 3824
 442.5 540.5 731.4 1084.4 1929.9 2079.7 2147.3 2306.7 2375.8 2346.4
 40.1 172.6 186.4 498.3 847.5 1157.9 1666.2 2863.2 2931.9 3092.3
 89.8 102 221 263 604.9 1283.2 1553.5 1715.4 1782.9 2742.3
 58.8 67.8 75.90000000000001 121.2 324.7 1070.7 1133.1 1328.2 1776.2 3302.8
 58.2 67 74.09999999999999 344.8 382.3 1410 1852.3 1999.8 2067 2226.1
 50.8 57.5 63.2 154.3 624.4 1052.4 1113.4 1730 2331.7 3000.5
 87.5 98.2 107.1 152.6 229.5 1172.6 1233.7 2073.3 2407.4 2567.6
 50.1 56.8 61.2 238.3 269 1038.2 1098.8 1285 1352.7 2731.1
 69.90000000000001 79.3 149.8 294.4 349.6 840.7 1089.9 1936.4 2004 2623.3
 40.1 86.90000000000001 92.90000000000001 150 390.7 856.7 916.3 1815.6 1883.4 2042.7
 60.1 66.40000000000001 71.3 125.8 148.7 740.1 799.9 1733.4 1801.2 1960.5
 67.40000000000001 74.40000000000001 92.7 148.6 489.4 871.7 1517.1 1841.6 1910.9 2070.3
 95.2 104.5 169.7 221.7 273.4 948.2 1008.2 1799.9 1869.3 2028.7
 49.5 108.4 161.8 192.5 566.4 1413.2 1472.4 1830.6 1936.6 2739.5
 40.1 46.9 49.6 125.6 166.8 1050.8 1109 1782.6 1870.3 2065.8
 88.90000000000001 108.6 126.8 153.7 275.4 944.3 1181.1 1658 1745.1 1937.2
 87.8 95.40000000000001 100.4 238.9 385.5 983.8 1389.2 2284.4 2351.3 2510.1
 59.5 65 68.8 132.3 427.1 1023.4 1086.2 1663.6 1747.4 1915.2
 40.1 46.1 49 184 250.1 740.7 802.1 962.9 1044.3 1946.8
 40.1 40.1 40.1 40.1 77.59999999999999 851.9 912.2 1528.9 1609.4 2773.1
 59.1 63.5 67.09999999999999 149.2 600.3 756.7 816.6 1609.2 1688 2504.1
 40.6 43.6 46.2 57.6 68.2 621.6 681.5 1673.2 2461.2 3003.5
 58.6 63.2 66.3 115 151.6 857.2 1319 1479.6 2438.2 3026.9
 42 45.3 47.4 59.5 124 911.6 1159.9 1536.9 1618.5 2409.1
 40.1 40.1 59.8 74.8 175.1 480.9 828.9 2043.5 2195 2809.4
 41.1 56.3 59 74.3 106.5 800.6 920.6 1523.5 1608.3 2775.7
 69.09999999999999 75.3 78.5 197.8 218.4 837.3 1110.6 1999.5 2066.7 2225.8
 40.1 40.1 40.1 173.5 247.5 870.5 970.8 1894.5 1979.8 2207.2
 56.9 62.2 65 135.5 201.2 564.9 829.7 1665.8 1748 2338
 40.1 73.3 76.7 138 153.3 645.6 1458.7 1827.2 1909.9 2574.7
 71.5 77.90000000000001 81.59999999999999 127.7 197.8 843.9 948.3 1106.3 1985.7 2159.9
 85.40000000000001 92.59999999999999 96.90000000000001 181.2 355.8 816.3 870.5 1029 1623 1877.8
 40.4 44 46.4 58 122.7 609.3 1233.1 1756 2405.9 2580.3
 40.4 66.40000000000001 70.09999999999999 85.8 229 766.2 820 1544.3 1625.5 2660.3
 40.1 45.7 48.4 75.5 86.3 901.8 1258.2 1822.1 1903.8 2076.3
 81 88.3 93.2 130.2 145.7 660.1 1118.2 2063.9 2145.4 2317.8
 58.7 64.40000000000001 68.2 84.2 192.9 697.1 751 1494.8 2071.1 2242.9
 64.3 70.3 74.59999999999999 120 134.6 804.3 1223.7 1747.7 1828.1 2566.8
 40.1 40.1 40.1 60.2 69 859.4 1154 2006.8 2296.6 2469.3
 40.9 44.7 47.6 58.3 136.5 659.1 992.8 1597.3 2324.9 2726.9
 40.1 40.1 40.1 147.7 164.3 874.7 1019.1 1616.2 1692.7 2260.8
 40.1 40.1 83.59999999999999 101.2 336.9 916.3 1022.3 1812.2 1888.6 2137.5
 49.5 54.3 57.8 130.8 432.6 547.2 601 1707.2 2007 2180.5
 83.2 91.09999999999999 96.59999999999999 130.8 147.1 322.6 1126 1282.2 1359.1 2145.8
 66.40000000000001 73 77.7 164.5 276.2 947.3 1057.9 1425.2 1697.5 2273.6
 58.7 64.59999999999999 68.8 220.1 240.5 483.9 814.6 2202 2279.1 2890.6
 66.8 73.59999999999999 78.40000000000001 240.6 313 515.5 1371.4 1824.5 1902 2073.2
 57.4 63.3 67.59999999999999 100.1 114.4 886.1 1142 1421.9 2036.5 2206.6
 66.2 73.2 78.3 152.6 208.1 943 1302.5 1456.5 1617.1 1776.4
 40.1 40.1 40.1 93.3 107.4 902 957 1560.3 1734.7 3255.3
 40.1 67 71.59999999999999 88.09999999999999 230.9 883.9 987.8 1419.4 1487.2 2972.6
 40.1 42.6 45.6 56.3 65.8 820.2 1131.7 1822.5 1889.9 2049
 40.1 42.7 106.1 293.4 416.3 933.3 988.4 1348.7 1656.4 1827.5
 40.1 45.4 48.6 60.1 69.90000000000001 1026.6 1210.2 1731 1808.5 1978.9
 48.2 53.7 69.59999999999999 85.40000000000001 151.9 760.3 815 1807.9 1884.3 2055.6
 40.1 43.9 46.9 57.8 66.8 507 1042.7 1682.2 1752.7 1923.7
 40.1 44 47.1 73.5 141 705 759.8 1831.6 2120.1 2243.3
 40.1 40.1 40.1 74.3 106.6 1191.1 1639.9 2022.2 1701.5 2213.2
 63.8 71.40000000000001 76.8 187.9 227.4 605.3 660.3 1416 2857.7 3016.1
 40.1 55 59.6 73.7 125.7 1135.2 1262.9 1990.7 2066.9 2527.2
 49.7 55.8 60.4 107.2 180.1 760.5 815.9 970.8 2803.3 2974.6
 48.4 54.4 58.9 136.9 367.6 598.9 773.3 2023.3 2099.7 2665.6
 59.5 77.90000000000001 84.40000000000001 161.5 300.6 876.8 1171.2 1499.5 2384.1 2905.4
 40.1 55.9 60.9 75.09999999999999 131 1130.8 1318.5 1723.9 1800.3 2281.4
 48.4 65.8 71.59999999999999 87.8 176 1009.9 1065.7 1221 1998.4 1916.6
 40.1 40.1 40.1 80.2 151.4 1124.4 1180.3 1336 1412.4 2574.5
 80.7 90.40000000000001 110.8 133 151.6 1129.7 1185.7 1341.3 1417.7 1584.6
 46.5 52.6 57.4 136.3 177.3 1220.4 1276.5 1755 1831.3 1998.1
 69.5 89.90000000000001 97.59999999999999 205.8 228.4 321.4 769.8 1819.9 1896.5 2063.5
 40.1 46.6 102.1 184.9 272.8 1142.2 1198.4 1350.6 1805.9 1972.7
 40.1 91 98.8 383 409 790.9 1155.4 1996.3 2295.9 2462.6
 68.2 77.40000000000001 158.9 217.1 240.9 747 1075.2 1961.3 2279.8 2721.5
 57.8 65.90000000000001 72.09999999999999 138.2 200.8 1119.1 1245.3 1572.1 1648.7 3722.5
 40.1 69.09999999999999 75.59999999999999 172.5 194.8 863.5 1105.1 2357.7 2434.5 2601.7
 77.90000000000001 88.3 96.2 117.7 136.5 862.6 1106.9 1259.7 1898.5 2065.6
 64.2 72.59999999999999 79 176.9 478.7 873.9 930.5 2050.3 2349.1 2515.8
 40.1 40.1 77.09999999999999 144.4 165.3 598.9 1002.2 1941 2017.2 2183.9
 40.1 70.5 76.3 129.6 312.9 1100.1 1156.8 1632 1706.1 2516.1
 49 67.2 72.8 128.3 148.4 740.2 797 1564.1 2031 2687.4
 68.59999999999999 78.2 84.59999999999999 219.9 308.1 1367.9 1424.9 2079.3 2153.5 2322.3
 59.1 67.59999999999999 73.2 155.8 237.5 606.7 1459.9 1912.1 1979.4 2138.5
 49.5 56.7 61.5 176.2 200.5 1347.9 1405 1557.8 1632.3 2905.5
 40.1 60.3 65.5 83.90000000000001 459.1 1079.2 1419.8 1885.2 1612.5 2943.9
 66.90000000000001 139.7 149.2 209.8 411 1189.1 1246.5 1711.1 2161.9 2625
 50.5 70.7 76.8 97.59999999999999 207.3 812.8 1185.2 1338.4 1744.2 3397.5
 58.5 67.59999999999999 74 174.4 393.9 526 1481.3 1634.8 1705.5 2917
 82.40000000000001 151.8 161.7 210.7 263.9 751.6 1551.2 1708.1 1778.8 1983.9
 60.3 69.3 75.5 196.5 248.3 968.6 1186.3 1343.4 2026.3 2196.2
 64.3 73.2 78.90000000000001 118.9 140.1 1085.3 1143 1301.8 2164.7 2334.2
 40.1 40.1 40.1 45.7 55.9 1237.5 1601.8 2077.5 2148.1 2317.8
 40.1 45.4 49.2 64.7 128.3 801.5 859.4 1642.8 1713.3 1882.5
 59.2 67.2 72.7 144.6 353.6 975.3 1033.3 1715.8 1786.4 1955.7
 56.8 64.40000000000001 70.40000000000001 170.4 196.4 879.8 937.9 1535 1605.7 2089.2
 49.8 56.7 62.1 136.2 491.4 1117.6 1405.6 1870.9 1939.5 2106.6
 57.5 78.09999999999999 112.3 141.7 595.4 1119.6 1246.8 1404.5 2012.1 2742.3
 40.1 90.2 97.8 261 290.4 1251.4 1474.8 1946.9 2015.5 2648.3
 51.3 58.4 63.5 293.4 349.6 910.4 968.9 1849.6 1918.2 2611.7
# name: prtB
# type: matrix
# rows: 100
# columns: 10
 269.8 429 1062.4 1207.7 1549.8 2782.9 2832.9 3604.3 4597.5 5243.8
 415.8 736.3 792 1416.4 2582.3 3230.8 3287.4 4084.7 4084.7 4242.3
 408.8 461.4 994.2 2370.6 2518.6 3355.6 3476.2 4492.7 4560.5 4720.1
 581.1 801.1 1531.6 2610.4 3415 3688.4 3752.1 3908 3976.6 4641.8
 662.3 870.5 1946.8 2826.3 2899.4 3865.5 4071.2 4228.1 4296.8 4457.2
 572 832.1 2055.7 3039.3 3627.5 3871.2 4139 4296.2 4566.8 5535.6
 771.4 1172.3 1816.7 3223.2 3417.9 3899 4235 4392.6 4235 4392.6
 390.4 1775.7 1872 3104.2 3154 4391.9 4457.4 4615 4683.9 4844.4
 383.3 1793.8 2240.9 3193.5 3848.8 4307.6 4619.8 4950.4 5019.2 5179.8
 481 1696.6 2465.6 3556.7 3651.7 4179.7 4244.8 5136.1 5204.8 5116.2
 479.8 1238 1890.6 2984.2 3124.1 3622.7 4016.6 3944.7 4011.1 3893.1
 663.5 852.1 897.9 2782.4 3411.2 3666.7 4446.6 3683 4461.4 4798.9
 909.4 1127.6 1211.9 2931.4 3244.1 3795.6 3857.9 3800.4 3866.1 5054
 40.1 1205.5 1219.5 1868.9 2798.8 4075.2 4135.7 4687.6 4360.4 4751
 214.1 854.3 1077.5 2492.3 3091.7 3528.1 3751.1 4674.5 4742.6 6063.5
 110.5 124.3 394.8 3014.7 3137.6 3692.5 4208.2 4194.4 4259.7 4417.2
 207.7 348.2 390.7 2973.5 3395.5 4018 4079.7 5173.3 5536.2 5715.1
 307.6 542 1683.1 2113.9 2845 3922.1 3981.9 4008.8 4074.3 4231.8
 409.3 813.3 949.9 2759.7 2815 3059.2 3760.8 4357.8 4425.4 4585.5
 40.1 883.5 895 2308.6 2887.1 3737.6 4156.4 4337.2 4404.9 5260
 319.1 1188 1199.7 2329.3 3086.2 3198.8 3259.1 4846.9 4914.5 4947.1
 379.3 833 1292.9 2716.9 2784.8 3480.1 3603.6 4361.9 4429.6 4589
 40.1 40.1 40.1 2267.7 2839.1 3396.1 3455.9 4203.5 4221.2 4401.2
 641.7 658.2 740.2 2402.6 2913.5 3308.8 3368.3 4266.2 3467.6 4349.1
 232.8 923.6 2069 2543.3 2594.5 3546.5 3605.7 4439.3 4224.9 5116.2
 524.1 845.8 1348.1 2490.1 2602 3497.5 3555.7 3595.5 3661.3 4779.7
 292.1 685 693.6 1795.5 3124.7 3679.2 3883.9 4048.5 4134.1 5102.9
 305.9 588.1 609.8 1806.2 2383.3 3053.6 3985.5 4150 4235.4 4404.2
 122.6 656.5 699 2311.3 2341.7 3589.9 4409.3 4809.9 5232.4 5401.1
 354.4 1180.4 1304.2 2306.9 2358.2 3482.5 3867.5 4179.7 4253.8 4429.3
 185.5 631.1 640.1 1008.9 2596.8 3234 4240.1 5233.6 5316.1 5483.3
 270.5 360.7 369.6 1695.7 2886.1 3853.2 4132.8 4746.2 5122.2 6078.2
 296.6 308.6 766.4 1573.2 2939.7 3241.8 3835.5 4102.3 4182.9 4216
 480.8 493.6 501.9 561.7 3121.5 3402.6 3462.3 3934.7 4014.2 4049.5
 140.7 1279.7 1432.8 2114.5 2283.7 3569.3 4090.8 4253.9 4333.5 5209.7
 172.9 243.6 435.5 1064.4 1911.5 3601.6 3733.2 4608.8 4571.1 5269
 333.8 345 554.5 889 2714.5 3762.3 4499.2 4659.1 4741.5 4908.2
 93.90000000000001 421 1252.3 1333.8 3022.3 3315.8 3374.5 4591.2 4672.9 4839.2
 315.7 326.6 333.5 1635.8 2511.1 3617.3 3938.5 4095.6 4206.8 4380.3
 606.6 619.6 1422 2145.6 2571.6 3041.9 3565 4133.6 4204.9 4378
 274.4 308.5 314.7 348.1 2128.4 3420.1 3572.8 4235.9 4323.6 4489.2
 143.5 1011.9 1018.5 1137.5 2865.9 3613.3 3736.2 4112.6 4198.9 4540.6
 309.3 321.4 389.5 1739.2 2268.4 3625.1 3679.4 4701.9 4965.5 5138.2
 362 374.6 393.2 2342.3 2575.9 3425.7 4140.7 4442.3 4525.7 4697.2
 312.4 346.3 353.1 1828.2 2575.3 3263.7 3652.2 3810.1 3892.8 4832.5
 152.1 172.9 201.6 2376 2799.3 3663.5 3918.1 4332 4414.4 5190.8
 241.5 253.7 261.2 1866.9 1969.4 3906.6 4043.9 4283.8 4366.5 4870.7
 243.5 255.8 263.3 2276.9 2331.4 3758.9 4240.5 4395.7 4477.4 5397.7
 306.3 319.7 328.3 690.3 3057.5 3478.3 4250.7 4405.4 4486.5 4658.5
 577 590.7 611.4 2149.2 2287 3133.6 3234.1 3882.3 5324.2 6009.2
 235.3 365 374.1 1609.4 2859.3 3663.1 3716.8 4315.9 4388.4 4555.7
 274.5 287.4 948.6 2512.8 2882.6 3396.6 3450.1 3528.3 4025.6 4183.2
 296.9 310.2 1159.9 2417.4 2490 3317.2 3421 4074 4150.5 4214.2
 239.5 411.2 421 2124.6 2935.8 3870.5 4052.5 4357.6 4434.7 4605.5
 290.4 723.3 769.6 2758.9 2844.2 3670.1 3829.1 4188.3 4474.7 4645.3
 663.9 679.8 690.2 1861 1903 3451.1 3939.9 4094.1 4170.7 4378.9
 87.8 334.6 344.6 1617.6 2810 3753.5 3808.1 4133.1 4209.5 4264.1
 345.5 962.5 1186.4 2314 2461.7 3572 3626.7 3866.7 3994.2 4151.9
 580.2 788.7 1050.2 1846.6 2373.1 3732.6 3787.5 3941.5 4796.5 4968.1
 413.1 901.6 994.3 2471.3 2495 3065.8 3120.7 4313.2 4412.2 4697.2
 801.4 904.8 1372.7 1876.8 2314.3 3150.7 3450.8 4346.5 4418.2 4367.2
 327.8 343.3 353.4 1891.7 2531 3391.3 3446.2 4300.3 4380.6 4551.7
 40.1 325.5 335.6 1661.8 2808.9 3706.6 3761.5 4383 5286.1 5455.8
 58.4 64.90000000000001 1329 2587.9 2695.7 3299.1 3354.1 4320.3 4398.1 4568.9
 40.1 40.1 40.1 77.59999999999999 2190.8 2854.7 3675.3 4962 5039.5 5210
 367.1 382.9 1037 1704.7 2730.9 3356.9 3412 4483.3 4885.7 5056.1
 683.9 711.7 1596.7 1841.2 1922.1 3041.3 3730.2 4609.9 4687.2 3893.1
 115.3 363.8 373.1 1846.2 1925 3760.2 3815.1 3971.5 4311.7 4367.2
 56.9 63.3 67.40000000000001 82.8 3101.2 3633.7 3963.2 4332.1 4409 5182.3
 279.3 294.7 303.9 1584.9 2221.9 3281.6 3641.4 4479 4555.6 4727.3
 364 400.4 560.5 693.1 2405.1 3966.6 4071.7 4227.4 4303.9 4475.2
 40.1 43.9 46.9 2539.9 2598.9 3051.1 3106 3883.7 3960 5164.8
 659.5 721.1 743.6 2683.4 2768.2 3308.2 3363 4299.7 4859 5029.3
 662.1 904.7 914.7 1424.8 2940.3 3293.2 3348 3929.7 3999.7 4049.5
 350.8 526 646.5 2212.8 2462.6 2558.4 3841.5 3911.4 4597.5 5243.8
 284.5 714 724.7 2027.2 2118.3 3543.8 3598.7 3948 4824.3 4839.5
 278.5 295.2 307.1 2365 2428.3 3347.5 3403.2 4843 4919.5 5091
 40.1 40.1 48.8 2802.4 2883.1 3507.9 3753.8 4319.2 4395.5 4566.4
 288.2 788.8 815.2 2681.6 2708 3513.7 3939.2 4619.5 4695.8 5223.3
 327.5 557.1 727 2322.1 3129.2 3880.2 3936.8 4444.7 4521.2 4688.2
 496.5 516.4 1278.5 2496.5 2862 3193.9 3250.5 4816.8 4893.2 5443.5
 295.5 1368.3 1381.7 1851.9 1879 3388 3444.6 4793.2 5203.5 5369.3
 425.5 1346.5 1359.8 2288.7 2315.9 3925.2 3981.8 4024.9 4323.4 4480.9
 40.1 47.6 1844.5 2751.4 2850.1 2986.1 3416.4 3720 3794.1 4666.1
 301.4 717.7 1147.8 2482.4 2640.8 3592.8 3994.3 4163.6 4236.6 5224.2
 304.4 674.4 1182.4 2124 2986.9 4046.9 4195.8 4381.1 4452.8 4615.6
 286.9 785.3 799.1 2674.1 2727.6 3633.4 3690.8 3810.9 4148.2 4305.7
 322.1 1189.9 1203.7 2868 2921.2 3700.9 3758.2 3997.4 4068.9 5355.8
 41.4 47.7 1353.7 2478.4 2548.5 3296.8 3920.2 3949.8 4279.6 5370.9
 327.4 348.4 934 2551.3 3348.8 3527.6 3585.3 4249.2 4322.1 4487.4
 674.1 716.7 2116.8 2385.2 3063.8 3386.1 3443.7 3471.8 3993.9 4151.6
 41.1 1576.4 1637.4 2530.7 2561.2 2754.2 2984.3 3801.3 3871.9 4041.6
 304.7 347.4 1198.9 2054.8 2980.2 3489.4 3547.1 4006.1 4076.7 5370.4
 100.3 391.4 1292.7 2683.2 3010.7 3524.5 3582.4 4626.9 4697.5 4867.1
 237.1 1210 1314.5 1471.3 1912 4089 4274.8 4628.4 4699 6003.6
 79.5 591.2 1366 2798.1 3436.6 3672.9 4273.4 4431.2 4728.4 4742.8
 316.3 336 1371.3 2653.3 3400.4 3613.1 3671.5 4474.5 4543.1 4708
 260.8 1449.8 1622.8 2068.9 2394.4 3672.4 4254.3 5646.6 5715.2 5880.1
 316 335 1366.7 2456.6 2675.5 3668.6 3726.9 5132.9 5481 5645.8
 40.1 40.1 40.1 2550.2 2698.8 3788.2 3918.5 4184.1 4252.7 4417.4
# name: collectedA
# type: matrix
# rows: 100
# columns: 10
 20 31 31 36 36 46 46 46 46 44
 19 21 31 40 40 45 45 45 49 49
 12 32 33 35 35 42 42 42 42 45
 24 25 29 34 44 44 44 44 44 42
 2 12 12 21 32 35 41 49 49 49
 8 8 16 16 30 45 47 47 47 49
 5 5 5 6 15 37 37 37 45 49
 5 5 5 20 20 45 49 49 49 49
 4 4 4 8 32 39 39 43 45 47
 8 8 8 9 11 40 40 48 49 49
 4 4 4 14 14 36 36 36 36 47
 6 6 11 18 19 35 39 46 46 47
 4 7 7 9 20 33 33 41 41 41
 5 5 5 7 7 27 27 48 48 48
 6 6 7 9 27 35 46 47 47 47
 9 9 14 15 16 39 39 46 46 46
 4 9 13 13 30 48 48 45 45 47
 3 3 3 7 8 37 37 45 45 45
 8 9 10 10 15 39 42 46 46 46
 8 8 8 16 22 36 43 49 49 49
 5 5 5 8 25 41 41 47 47 47
 3 3 3 11 13 31 31 31 31 47
 2 2 2 2 3 33 33 39 39 49
 5 5 5 10 35 37 37 45 45 48
 3 3 3 3 3 25 25 42 48 49
 5 5 5 7 8 30 38 38 48 49
 3 3 3 3 6 34 39 42 42 46
 3 3 4 4 9 19 27 48 48 49
 3 4 4 4 5 35 36 42 42 49
 6 6 6 13 13 34 39 46 46 46
 3 3 3 11 14 37 38 49 49 49
 5 5 5 9 12 25 31 45 45 47
 4 6 6 9 9 25 43 46 46 49
 7 7 7 9 12 36 37 37 47 47
 8 8 8 13 22 35 35 35 39 39
 3 3 3 3 6 23 40 44 48 48
 3 5 5 5 13 36 36 45 45 49
 3 3 3 4 4 36 43 48 48 48
 8 8 8 9 9 25 36 47 47 47
 5 5 5 5 11 31 31 42 45 45
 6 6 6 8 8 34 42 47 47 49
 2 2 2 3 3 32 38 46 47 47
 3 3 3 3 7 30 36 45 49 49
 3 3 3 9 9 36 38 47 47 49
 3 3 6 6 19 38 39 46 46 46
 4 4 4 8 26 27 27 48 49 49
 8 8 8 9 9 14 41 41 41 48
 6 6 6 11 16 38 39 42 43 44
 5 5 5 14 14 19 27 45 45 47
 7 7 7 17 20 24 46 48 48 48
 5 5 5 6 6 38 42 44 49 49
 6 6 6 10 12 39 45 45 45 45
 2 2 2 5 5 27 27 39 39 48
 3 5 5 5 12 39 40 42 42 48
 3 3 3 3 3 33 39 47 47 47
 3 3 8 20 26 42 42 45 46 46
 3 3 3 3 3 37 40 44 44 44
 4 4 5 5 8 30 30 49 49 49
 3 3 3 3 3 20 34 48 48 48
 3 3 3 4 7 31 31 47 48 45
 3 3 3 4 5 39 47 49 47 48
 6 6 6 13 14 26 26 34 46 46
 3 4 4 4 6 42 43 48 48 49
 4 4 4 6 9 31 31 31 49 49
 4 4 4 8 21 26 28 48 48 49
 5 6 6 10 17 33 39 40 48 49
 4 5 5 5 7 43 45 47 47 48
 4 5 5 5 9 34 34 34 43 48
 2 2 2 4 7 45 45 45 45 49
 8 8 9 9 9 43 43 43 43 43
 4 4 4 8 9 44 44 48 48 48
 6 7 7 13 13 13 23 48 48 48
 3 3 7 11 14 42 42 42 45 45
 3 7 7 24 24 34 42 47 48 48
 6 6 12 14 14 29 35 46 47 48
 5 5 5 8 10 40 41 43 43 49
 3 5 5 10 10 32 36 48 48 48
 7 7 7 7 7 35 38 38 46 46
 6 6 6 11 26 38 38 47 48 48
 3 3 5 8 8 23 30 47 47 47
 3 5 5 7 15 40 40 46 46 48
 4 5 5 7 7 25 25 43 45 47
 6 6 6 13 16 45 45 49 49 49
 6 6 6 10 13 23 45 47 47 47
 4 4 4 10 10 46 46 46 46 49
 3 4 4 4 22 38 44 48 46 49
 6 12 12 14 22 39 39 42 44 48
 4 5 5 5 10 31 38 38 41 48
 5 5 5 10 20 21 47 47 47 48
 8 13 13 14 15 29 48 48 48 48
 5 5 5 11 12 37 40 40 46 46
 7 7 7 8 8 41 41 41 47 47
 2 2 2 2 2 41 46 48 48 48
 3 3 3 3 5 34 34 43 43 43
 5 5 5 8 18 38 38 48 48 48
 5 5 5 10 10 32 32 39 39 40
 4 4 4 7 23 39 43 49 49 49
 5 6 8 8 32 42 43 43 48 49
 3 7 7 15 15 41 44 46 46 48
 4 4 4 17 18 32 32 44 44 48
# name: collectedB
# type: matrix
# rows: 100
# columns: 10
 36 52 135 146 175 262 262 289 296 298
 51 88 92 157 254 282 282 292 292 292
 55 56 111 239 245 282 283 295 295 295
 68 90 163 248 289 292 292 292 292 294
 79 96 203 260 261 293 294 294 294 294
 74 97 215 272 294 296 298 298 296 299
 96 135 192 278 284 291 293 293 293 293
 38 168 173 258 258 295 295 295 295 295
 41 173 208 267 290 295 297 298 298 298
 48 164 224 282 283 293 293 298 298 298
 52 132 192 272 275 288 296 297 297 297
 69 86 88 253 282 284 298 284 298 299
 109 127 132 271 283 295 295 281 281 292
 3 142 142 189 253 291 291 293 292 293
 26 101 124 241 272 284 286 295 295 299
 11 11 40 268 273 288 298 298 298 298
 22 35 37 260 280 294 294 297 298 298
 37 59 176 209 254 295 295 295 295 295
 46 88 99 261 262 265 285 294 294 294
 3 100 100 213 244 282 290 290 290 296
 39 135 135 230 279 279 279 297 297 293
 47 94 140 265 267 289 290 298 298 298
 2 2 2 234 271 290 290 299 288 288
 81 81 87 246 275 286 286 298 286 298
 25 97 218 254 255 284 284 296 293 298
 65 99 151 253 258 296 296 296 296 298
 34 75 75 173 277 291 293 293 293 295
 36 66 67 190 227 261 298 298 298 298
 12 66 69 218 218 277 294 296 299 299
 45 137 149 241 242 281 290 297 297 297
 21 71 71 106 235 267 292 299 299 299
 32 40 40 161 248 283 289 294 296 299
 34 34 83 148 255 265 287 288 288 288
 58 58 58 60 284 291 291 295 295 295
 14 147 161 214 224 286 295 295 295 298
 19 25 44 106 182 283 284 295 295 298
 36 36 56 82 235 280 298 298 298 298
 9 47 137 140 275 281 281 299 299 299
 41 41 41 179 245 291 298 298 294 294
 74 74 162 226 254 270 284 298 298 298
 34 36 36 36 191 275 277 294 294 294
 15 106 106 113 258 293 294 298 298 294
 37 37 43 175 217 288 288 298 299 299
 42 42 43 220 234 273 292 294 294 294
 42 44 44 201 260 289 298 298 298 299
 16 17 19 221 249 284 288 291 291 298
 27 27 27 179 184 295 297 298 298 299
 27 27 27 211 213 281 296 296 296 299
 37 37 37 66 261 277 298 298 298 298
 67 67 68 215 223 259 260 269 294 297
 25 37 37 154 250 285 285 299 299 299
 35 35 106 248 270 285 285 285 290 290
 36 36 136 245 248 288 289 298 298 298
 32 49 49 198 255 296 298 299 299 299
 36 83 86 260 264 290 292 294 295 295
 88 88 88 201 202 287 298 298 298 298
 8 37 37 163 263 297 297 298 298 298
 43 111 132 232 239 283 283 284 293 293
 68 89 116 188 228 293 293 293 299 299
 51 103 110 255 255 279 279 297 291 294
 111 120 172 212 241 283 288 291 291 291
 43 43 43 205 246 286 286 298 298 298
 3 35 35 171 255 291 291 292 299 299
 5 5 149 257 262 281 281 295 295 295
 2 2 2 4 207 242 272 296 296 296
 44 44 110 165 250 272 272 293 295 295
 88 89 186 203 206 269 291 298 298 297
 12 41 41 187 190 289 289 289 291 291
 5 5 5 5 269 287 292 294 294 298
 34 34 34 164 214 279 286 295 295 295
 44 46 60 69 224 294 295 295 295 295
 3 3 3 240 242 256 256 281 281 292
 84 88 89 261 265 283 283 299 297 297
 84 110 110 150 272 284 284 295 295 295
 42 59 69 217 233 233 284 284 296 298
 40 88 88 208 212 290 290 292 299 298
 32 32 32 228 230 275 275 298 298 298
 3 3 3 261 264 288 293 299 299 299
 35 85 86 248 248 279 289 294 294 295
 41 61 74 211 262 289 289 295 295 295
 58 58 142 244 265 275 275 296 296 297
 40 156 156 194 194 283 283 296 299 299
 50 150 150 230 230 295 295 295 298 298
 3 3 198 275 279 280 293 295 295 298
 38 81 118 232 240 285 294 299 299 295
 40 76 129 207 265 297 298 298 298 298
 35 87 87 257 258 294 294 295 298 298
 40 131 131 266 267 297 297 284 284 298
 3 3 144 239 241 278 293 293 295 298
 37 37 104 233 287 290 290 295 295 295
 88 90 232 247 283 290 290 290 295 295
 3 201 205 278 278 280 284 297 297 297
 35 37 133 207 262 278 278 284 284 298
 10 42 138 254 271 288 288 298 298 298
 26 138 146 154 185 292 294 295 295 299
 7 60 132 246 279 283 296 296 297 297
 35 35 139 246 282 285 285 298 298 298
 33 166 180 212 230 280 290 299 299 299
 38 38 142 223 233 274 274 297 298 298
 2 2 2 248 253 295 296 297 297 297
# name: avgRateA
# type: matrix
# rows: 100
# columns: 10
 0.05633802816901409 0.04448270914047927 0.04011387163561077 0.02456164290100293 0.01783856102274417 0.006897792706333973 0.003920231805011079 0.0008864718612632995 0.0004511577590797951 8.758840456924819e-05
 0.05669949268874962 0.04367720465890183 0.03664735784371675 0.02377697200261547 0.01789869339538214 0.006486766995329528 0.003749156439801045 0.0008627267533483384 0.0004761492932098196 9.743315340014861e-05
 0.04352557127312296 0.03852172866257373 0.03489847715736041 0.02224764810577167 0.0164272974748897 0.005926929427204606 0.003456022118541559 0.0008028919403030726 0.0004102367749919662 8.931690431579282e-05
 0.05303867403314917 0.04233700254022015 0.03488092374308396 0.02145922746781116 0.01501757739171985 0.006214952610986342 0.003622204111201666 0.0008411924285034231 0.0004297890712453529 8.360764603866973e-05
 0.03992015968063872 0.05390835579514825 0.04189944134078213 0.02103576079334869 0.01732070365358593 0.005683755825849721 0.003514426291337368 0.0009269208069129376 0.0004760428982657466 9.739763458912013e-05
 0.08016032064128256 0.05263157894736842 0.04984423676012461 0.02096985583224115 0.01869275344258209 0.007161955691367457 0.004068031332496646 0.0009088201966918945 0.0004617671534216455 9.746544104206072e-05
 0.07267441860465117 0.04244482173174872 0.02842524161455372 0.009658725048293624 0.01132331848720465 0.006094849028942297 0.003323422945989886 0.0007208513059098118 0.0004421465922288315 9.735689926620715e-05
 0.07331378299120234 0.04273504273504274 0.02871912693854107 0.02367424242424242 0.01446863922448094 0.00702028081123245 0.004134218674856357 0.0009423113165819868 0.0004800768122899664 9.756561835396449e-05
 0.06578947368421052 0.03720930232558139 0.02450980392156863 0.01222680727495033 0.01969958138389559 0.006443724803383782 0.003509277088919683 0.0008312391262323603 0.0004397464324349151 9.343927093511836e-05
 0.08205128205128205 0.05398110661268556 0.0386286817962337 0.01379098988660742 0.008946726311508743 0.00648025143375563 0.00356071463542733 0.0009217775712313219 0.0004784810472680685 9.749932148431376e-05
 0.06655574043261231 0.03745318352059925 0.02481389578163772 0.01896248137613436 0.01103230890464933 0.005962041668046769 0.003243593902043465 0.000701959637320854 0.0003551952735348935 9.348934251332373e-05
 0.0750938673341677 0.04640371229698376 0.04403522818254604 0.02265861027190333 0.01407824540604624 0.005992432413922989 0.003516713405891848 0.0008856986622099337 0.00045096270734481 9.350939361545714e-05
 0.07984031936127745 0.05113221329437546 0.03628823224468637 0.01384615384615385 0.01438124685410225 0.005634572370106033 0.00302300229931387 0.0007912674947313165 0.0004024208065298174 8.166636025182719e-05
 0.07132667617689016 0.0429553264604811 0.02918855808523059 0.01118568232662192 0.006093845216331505 0.004703750805735091 0.002500023148362485 0.0009278338558842063 0.0004715072120957317 9.562505416262833e-05
 0.07751937984496124 0.04823151125401929 0.03632589517384536 0.01387604070305273 0.01812810527729287 0.005960794999744537 0.00399406100494048 0.0009066078207462733 0.0004611871742865582 9.361238854399473e-05
 0.08555133079847908 0.05825242718446602 0.05190952910641454 0.02078425938755716 0.01256478718391707 0.006556605359604587 0.003542813538998201 0.0008880326023795413 0.0004515590074733016 9.162822762921722e-05
 0.06722689075630252 0.05681818181818182 0.04965622612681436 0.01877256317689531 0.01915219611848825 0.007484563088629701 0.004183954534360727 0.0008682129861510383 0.0004414508625949855 9.348778045090947e-05
 0.05988023952095808 0.03095975232198142 0.02005347593582888 0.01118925831202046 0.006856359273225917 0.006114893898327494 0.003330632820235845 0.0008690177781725908 0.0004417381709880112 8.962968598936634e-05
 0.08088978766430738 0.05674653215636823 0.04409171075837742 0.01529753709652746 0.01176101615179551 0.006560907087461938 0.003756338821761723 0.0008904719501335708 0.0004521102244727264 9.16449308797993e-05
 0.08179959100204499 0.05502063273727648 0.03992015968063872 0.02165380971714711 0.01587874413569109 0.006016243858417728 0.003775506620306957 0.000937182027526375 0.0004787433085852353 9.751047789885218e-05
 0.07194244604316546 0.04347826086956522 0.02962085308056872 0.01265222204649692 0.01751804358489244 0.006806786864561543 0.003698291569699265 0.0009097314163163233 0.0004619282654888479 9.364131630203668e-05
 0.05988023952095808 0.03121748178980229 0.02013422818791946 0.01608187134502924 0.01039916806655468 0.005400038322852614 0.002869812351302061 0.0006082856352366133 0.0003067961280349312 9.363542112431038e-05
 0.03992015968063872 0.02219755826859046 0.01427551748750892 0.003703017959637104 0.002783964365256125 0.005639194107896581 0.003024138120635619 0.000756856831797302 0.000383822756555988 9.745947028590034e-05
 0.07235890014471781 0.04405286343612335 0.02992220227408737 0.01540357362908195 0.0218708992063988 0.00642729341462991 0.003420668232161677 0.0008719375615200392 0.0004425300920462591 9.552160867941177e-05
 0.05928853754940711 0.03205128205128206 0.02051983584131327 0.005380200860832137 0.002808462834675154 0.004447132488971111 0.002340495248794645 0.0008128004458791018 0.0004684700159670197 9.741482912146735e-05
 0.0728862973760933 0.0441696113074205 0.03006614552014432 0.01138211382113821 0.006946856547412296 0.005121901249743905 0.003357187030656419 0.0007381564736322738 0.0004685751994861292 9.741029754074782e-05
 0.0576923076923077 0.03147953830010494 0.0203527815468114 0.005361930294906166 0.005338078291814947 0.005751404019216456 0.003494654970026613 0.0008149500649049516 0.0004133105684496425 9.155885114342078e-05
 0.05988023952095808 0.03329633740288569 0.02503128911138924 0.006958942240779402 0.007658922644881288 0.003466583955189841 0.002493328038858979 0.000922305379153977 0.0004696902979597828 9.745243426236661e-05
 0.05870841487279843 0.03762935089369709 0.02515723270440252 0.006965000870625109 0.004518752824220515 0.006033858566355205 0.003296522169111587 0.0008151620134501732 0.000413352058837713 9.745896629451264e-05
 0.07585335018963338 0.04788507581803671 0.03361344537815126 0.01862997993694468 0.01066973079448457 0.005824610693299984 0.003510161467427502 0.0008846238906143328 0.000450685679070647 9.159226786039268e-05
 0.05988023952095808 0.03329633740288569 0.02141327623126339 0.01633259094283593 0.01122244488977956 0.006302699940379865 0.003463740110110475 0.0009442233762730155 0.000480487312193199 9.756929012566924e-05
 0.07473841554559042 0.0445632798573975 0.0303030303030303 0.01416207710464201 0.00999000999000999 0.004492443709680318 0.002862498499496754 0.0008709823519620328 0.0004422691355112631 9.356250174185509e-05
 0.07984031936127745 0.04866180048661801 0.03395585738539898 0.01410658307210031 0.007803693748374231 0.004428227292050446 0.003752607189297215 0.0008875648308224254 0.0004513791103710239 9.749794408671984e-05
 0.08588957055214724 0.05473025801407349 0.03854625550660793 0.01433805958260315 0.01001836700617799 0.00616026968291723 0.003379520108144644 0.0007239811921426517 0.0004608489229372353 9.359568535838883e-05
 0.08385744234800838 0.05610098176718093 0.04062976130015236 0.01908396946564885 0.01622658209175395 0.006017571308220002 0.003219723103813072 0.0006858844970506967 0.0003837713903348652 7.77081592371689e-05
 0.05952380952380953 0.03191489361702127 0.02049180327868852 0.005376344086021506 0.005344259374721653 0.004100333374930918 0.003560904825916265 0.0008501429785918541 0.000468722993499398 9.550712592594656e-05
 0.05952380952380953 0.0429553264604811 0.02939447383891828 0.008535336292249915 0.01057770545158665 0.006243279802989838 0.003327171903881701 0.0008730354277776592 0.0004428022494354271 9.748134077825522e-05
 0.05988023952095808 0.03134796238244514 0.02021563342318059 0.006950477845351868 0.003682224063334254 0.006099833948964723 0.003819438276100975 0.0009262457522948704 0.0004710324835776487 9.560299898640904e-05
 0.08791208791208792 0.05784526391901663 0.04140786749482402 0.01428118057759441 0.007855459544383346 0.004416883093938269 0.003237934197981688 0.0009027368291656982 0.0004601284051949476 9.356626422555602e-05
 0.07278020378457059 0.0437062937062937 0.02972651605231867 0.008558712769599451 0.00922122558470953 0.005441364904951642 0.002883452702074225 0.0008156163340764504 0.0004408691588510361 8.959808092857061e-05
 0.08075370121130553 0.04987531172069826 0.03436426116838488 0.01290322580645161 0.007050943063634762 0.005857726168530228 0.003742081488279266 0.0009082529271832372 0.0004615621817553308 9.749947668648228e-05
 0.03992015968063872 0.02219755826859046 0.01427551748750892 0.00535523027490182 0.002806361085126286 0.005461310031743865 0.003406849560695715 0.0008844997192674804 0.0004594483101100134 9.353805297159449e-05
 0.05893909626719057 0.03167898627243928 0.02032520325203252 0.005373455131649651 0.006159260888693356 0.005301196303299111 0.003274870824539699 0.000872138658418173 0.0004788668251813586 9.746842669449356e-05
 0.05988023952095808 0.03329633740288569 0.02141327623126339 0.01389532190829088 0.007729966503478485 0.006127972492212369 0.003448557504696391 0.000910566837543252 0.0004621767344165314 9.755887777823792e-05
 0.05988023952095808 0.03329633740288569 0.03267973856209151 0.009980039920159681 0.01421198294562046 0.006422933252201545 0.003538281483900819 0.0008878217871466567 0.0004514734720076632 9.160837420029374e-05
 0.06722689075630252 0.03835091083413231 0.02534854245880862 0.01268230818008878 0.01814882032667877 0.004867320449956735 0.002546929534949533 0.0009283039886128045 0.0004803591910359093 9.757447770273835e-05
 0.08583690987124463 0.05669737774627924 0.04069175991861648 0.01426759670259987 0.007845872199459506 0.002630293465599519 0.003685062016897357 0.0007994976814567239 0.0004045024077759175 9.558976695613107e-05
 0.07853403141361257 0.04878048780487805 0.03376477208778841 0.01655379984951091 0.0125372198714935 0.006389454037966809 0.003526890277539135 0.000816720207213584 0.0004228225865925908 8.760165774191596e-05
 0.07278020378457059 0.04363001745200698 0.02962085308056872 0.01944174420219414 0.01128577186618299 0.003464687539889495 0.002496624932960997 0.0008620359373204092 0.0004399725848193815 9.345969083534272e-05
 0.09114583333333334 0.05663430420711974 0.03923766816143497 0.02295436132865244 0.01523229246001523 0.004351373402230079 0.004045236294563554 0.0009262028577217339 0.0004710408039096387 9.56035892774201e-05
 0.07418397626112759 0.0441306266548985 0.02983293556085919 0.009998333611064822 0.005384063173007896 0.006455887599599055 0.003769520732364028 0.0008556665545224894 0.0004802203133192534 9.756940669437638e-05
 0.07874015748031496 0.0487012987012987 0.03365114974761638 0.01532332209623046 0.009932952570151478 0.006562342251388188 0.003981420039814201 0.0008745250842945012 0.0004428388529095988 8.968137999316029e-05
 0.03992015968063872 0.02219755826859046 0.01427551748750892 0.008427439743805833 0.004515080368430558 0.004574720433751271 0.002464178150953728 0.0007563959092557645 0.0003833500270802391 9.537902531776615e-05
 0.05988023952095808 0.04273504273504274 0.02913752913752914 0.008501955449753443 0.009748964172556666 0.006628256768469893 0.003640401172209178 0.0008168123315324566 0.0004138452928053981 9.543263390490855e-05
 0.05988023952095808 0.03239740820734342 0.0206043956043956 0.005392773683264426 0.00281478701444924 0.005669908250575582 0.003503507999676599 0.0009069419653625355 0.0004612822271883671 9.361636015608038e-05
 0.05988023952095808 0.03236245954692556 0.03881610868510432 0.02520796571716663 0.01835769257925581 0.007078691453322771 0.003822212515015835 0.0008763610373777721 0.0004525047119512397 9.166496455455311e-05
 0.05988023952095808 0.03144654088050314 0.02018842530282638 0.005356186395286556 0.002804000373866716 0.006139448445226164 0.003568178979857629 0.0008505538265256809 0.0004321839532062647 8.76530866137999e-05
 0.06872852233676975 0.03857280617164899 0.0294811320754717 0.008541168431841476 0.00694504731313482 0.005208062080099995 0.002773925104022191 0.0009458017020570221 0.0004809376910868505 9.759875201073348e-05
 0.05988023952095808 0.03194888178913738 0.02042205582028591 0.005378271782000717 0.00281214848143982 0.003631741420010895 0.003078957139105472 0.0009287530329591233 0.0004717319540415144 9.563206519237883e-05
 0.05988023952095808 0.03191489361702127 0.0203942895989123 0.006974716652136007 0.006134969325153374 0.005433829973707274 0.002881094444134649 0.0009067827348567284 0.0004700347923670266 8.959800957026207e-05
 0.05988023952095808 0.03329633740288569 0.02141327623126339 0.006965000870625109 0.004518344478583048 0.006299365217812666 0.004037835376592583 0.0009419055710831145 0.0004621367433125372 9.557693824057193e-05
 0.08130081300813008 0.04942339373970345 0.0339366515837104 0.018898095653438 0.01140622453967737 0.004638467165004549 0.002438955751714305 0.0006612727555624708 0.0004472197997816401 9.14483651716118e-05
 0.05988023952095808 0.0380952380952381 0.02506265664160401 0.006972285166463307 0.005330016878386782 0.006845742600078237 0.003817844427278943 0.0009232420413650904 0.0004702797870808264 9.750715981144901e-05
 0.06700167504187604 0.03780718336483932 0.02493765586034912 0.009881422924901184 0.007626472332853148 0.005381477302317507 0.002866150759529952 0.0006081913566198686 0.0004766383958491605 9.742042639926549e-05
 0.0684931506849315 0.03831417624521073 0.02517306482064191 0.01256084157638562 0.01535536706639368 0.004643769311829109 0.00259901794250601 0.0009226634988553205 0.0004701287075280339 9.748031295557126e-05
 0.07194244604316546 0.04691164972634871 0.03253796095444685 0.01511715797430083 0.01307089035829617 0.005615300843996733 0.00349112002291607 0.0007767065699666987 0.0004688227957270709 9.743383149196648e-05
 0.07984031936127745 0.04721435316336166 0.03107520198881293 0.00869414014953921 0.00618921308576481 0.007013766555751288 0.003975791845209171 0.0009086708465525608 0.0004616882268519837 9.556396075984498e-05
 0.0684931506849315 0.04317789291882556 0.02913752913752914 0.008506294658046955 0.007653061224489796 0.005657332068753224 0.00307255754267692 0.0006637902422834385 0.0004215752403959278 9.563341798219067e-05
 0.03992015968063872 0.02219755826859046 0.01427551748750892 0.006894174422612891 0.006079555323953448 0.007347658546143296 0.004024936719050473 0.0008765778401122019 0.0004437327190757738 9.749798288611937e-05
 0.08820286659316427 0.05698005698005698 0.04269449715370019 0.01421800947867299 0.007815213615838833 0.007015025205148702 0.003844193926173596 0.00083753235699135 0.0004239891064380281 8.572830984045364e-05
 0.07079646017699115 0.03898635477582846 0.02541296060991105 0.01257268584001257 0.007644610549562559 0.00707350009645682 0.003901919921961601 0.0009274466235146363 0.0004713678407326627 9.561789178086532e-05
 0.07547169811320754 0.05003573981415296 0.0354251012145749 0.01841881552847833 0.01058287202865516 0.002442966136730936 0.002135601403925793 0.0009262850758106441 0.0004710662289676289 9.560543636412526e-05
 0.05988023952095808 0.03105590062111802 0.03463631865413162 0.01606073879398453 0.01099937146448774 0.00683794080296962 0.003750535790827261 0.0008179067041086181 0.0004420176040877788 8.964630945069323e-05
 0.05988023952095808 0.04964539007092199 0.0352112676056338 0.02718006795016988 0.0170333569907736 0.005871280802638623 0.003764992738942575 0.0009039104705527123 0.0004692270169185667 9.552949811587968e-05
 0.07672634271099744 0.04709576138147566 0.04634994206257242 0.01952307906847023 0.01128213393504714 0.005046111014442318 0.003160213811037272 0.0008852742329387447 0.0004595237769334707 9.548030072316382e-05
 0.07374631268436578 0.04314063848144952 0.02905287623474724 0.01253525540582889 0.008327781479013991 0.006536909022568678 0.003645967648706571 0.0008337841584887953 0.0004230255773069405 9.727578180446575e-05
 0.05988023952095808 0.04198152812762385 0.02847380410022779 0.01486988847583643 0.008369601606963508 0.005457491259486654 0.00324175378879974 0.0009167705991668847 0.0004685921247236039 9.550305938081785e-05
 0.07963594994311718 0.05061460592913955 0.03567787971457696 0.01133236198802007 0.006159260888693356 0.005970047419233787 0.003421296671438475 0.0007413231056756088 0.0004514296088754987 9.162149328693303e-05
 0.08086253369272237 0.04893964110929853 0.0335195530726257 0.01625055399615896 0.01758301210522756 0.006469296378896474 0.003476510681121632 0.0009029727014061398 0.0004689831175848151 9.551938466412399e-05
 0.05988023952095808 0.03329633740288569 0.0282326369282891 0.01241464928615767 0.006865184930919077 0.004107949775848828 0.002726727381796368 0.0009048728364875532 0.0004607066259415079 9.359121230290337e-05
 0.05988023952095808 0.04149377593360996 0.02836074872376631 0.01111817026683609 0.01142508949653439 0.006557269552958148 0.003585257421482863 0.0008909203594669972 0.0004522835896765287 9.551932763945275e-05
 0.06779661016949153 0.04266211604095563 0.02893518518518518 0.01114117459812192 0.006095437129919888 0.004355248946029755 0.002315457997591923 0.0008339135173502495 0.0004410424282816007 9.34974697993226e-05
 0.07633587786259542 0.046801872074883 0.03250270855904659 0.01805806361994721 0.01223148077364116 0.0070666938865246 0.003938765328361737 0.0009408728611943708 0.0004796703000876133 9.754693351260735e-05
 0.08683068017366137 0.05102040816326531 0.03464203233256351 0.01524855138761818 0.01050505050505051 0.004102234826190094 0.003926735835391234 0.0009053765885024879 0.0004608773928852298 9.359967419347451e-05
 0.06722689075630252 0.03748828491096532 0.02476780185758514 0.01478852410529429 0.008329862557267805 0.007246490965516155 0.004033318719859711 0.0008922025377343486 0.0004526120140939445 9.743381211778356e-05
 0.05988023952095808 0.03626473254759746 0.02416918429003021 0.006850488097276931 0.01507778767733534 0.006250822476641663 0.003852957144608487 0.0009251193018433002 0.000452700209127814 9.742637300104445e-05
 0.07802340702210663 0.0632577754348972 0.04815409309791333 0.01972386587771203 0.01559177888022679 0.006301400849881242 0.003467745520828702 0.0008122047297388762 0.0004306889358948884 9.549863218104949e-05
 0.06611570247933884 0.04142502071251036 0.02828054298642534 0.008366800535475234 0.008282945415389712 0.005333058078722818 0.003397346493580803 0.0007401866828728593 0.0004029713733067831 9.535208259874154e-05
 0.072992700729927 0.04251700680272109 0.02873563218390805 0.01482799525504152 0.01434823158045771 0.003800217155266015 0.004093613092594045 0.0009102388311758736 0.0004621185678257321 9.544318446184956e-05
 0.08658008658008658 0.06442021803766104 0.04967520061138709 0.01969888841986774 0.01186802753382388 0.005042075248626469 0.00415541242468315 0.0009282878311135006 0.0004716109838198131 9.562059659682311e-05
 0.07112375533428165 0.04191114836546522 0.02849002849002849 0.0157932519741565 0.009613073780341265 0.006199108668699527 0.00357580254418351 0.000779068000950463 0.0004508641399325468 9.159766641006045e-05
 0.09421265141318977 0.05681818181818182 0.03912800447177193 0.01292615931491356 0.007016928339619332 0.00673754786123938 0.003679440007179395 0.0007991922310718142 0.0004600414820383166 9.356320951271086e-05
 0.03992015968063872 0.02219755826859046 0.01427551748750892 0.003665017408832692 0.00189411876124633 0.006573146292585171 0.003964901997965833 0.0009217032307618453 0.0004699059502819925 9.555703580482317e-05
 0.05988023952095808 0.03144654088050314 0.02010723860589813 0.005312555339118116 0.004431445537534344 0.005860553305179695 0.003130928043906662 0.0008326426917208207 0.0004227569059306895 8.567742449676966e-05
 0.0722543352601156 0.04266211604095563 0.02895193977996526 0.01241079739373255 0.01329787234042553 0.006359513329874651 0.003444119166523162 0.0009281496177183762 0.000471575770436915 9.562596858647087e-05
 0.07485029940119761 0.0437062937062937 0.02934272300469484 0.0149164677804296 0.008358408559010364 0.005442361985101534 0.002925607292076176 0.000756767245561269 0.0003838367335690813 7.966711891034501e-05
 0.06688963210702341 0.03748828491096532 0.02467612584824183 0.01100282929896259 0.0154217513745474 0.00637504903883876 0.003770077856491548 0.0009446529749821191 0.0004806772644558782 9.758883870476908e-05
 0.07407407407407407 0.0468384074941452 0.03768252472915685 0.01246688483715132 0.02005766578914379 0.006863193672789071 0.003823309741437565 0.0008365026408193835 0.0004705324172328577 9.746544104206072e-05
 0.05988023952095808 0.04992867332382311 0.03538928210313447 0.01971090670170828 0.01162430254184749 0.006558530889080846 0.003834489490012898 0.0008855196363979371 0.0004509118712352534 9.54942053917222e-05
 0.06525285481239805 0.03690036900369004 0.02446483180428135 0.02142677085959163 0.01333728512151749 0.005414185165132648 0.002917339022144427 0.0008486082824168364 0.0004317187705434358 9.55011592448007e-05
# name: avgRateB
# type: matrix
# rows: 100
# columns: 10
 0.1286633309506791 0.1085594989561587 0.1161390227116311 0.08549511038238566 0.06863283394776061 0.03366354443716352 0.02041627379625805 0.005391358529073227 0.002829895551996941 0.0005898142639256533
 0.1197745420385157 0.1119165712832252 0.1031390134529148 0.08192444166144855 0.07090416771348017 0.03426155416241435 0.0212231136264431 0.005398939071493417 0.002805407519068605 0.0005790866811451558
 0.1313276026743075 0.1095033242080563 0.1014439773350393 0.08325785550059221 0.06962996646393452 0.0337498204796783 0.02099998515902109 0.005413569156969649 0.002821333103801149 0.0005844823695351146
 0.1150397563863982 0.1057455058160028 0.09990193674920324 0.07973251028806584 0.06545866364665912 0.03360802909626628 0.02123312075973851 0.005416635749795949 0.00280832418063295 0.0005825914539778512
 0.11750706529823 0.1042911461162412 0.09917920656634747 0.07816492799807594 0.06693337436528697 0.03304946139529637 0.02089374040593553 0.005421543443343949 0.002818878431553029 0.0005828046462613677
 0.127147766323024 0.1099648565922231 0.09973558472885838 0.07685135478766987 0.06353322528363047 0.03336639913427721 0.02107645519485112 0.005488413553803029 0.002830726387342828 0.0005914519175306349
 0.1228564115689788 0.1104475169761924 0.1001721709187666 0.07466695315857327 0.06428393580660495 0.03270030340487695 0.02058306989813839 0.005386762169853987 0.002810956012855567 0.0005808967062561981
 0.09490509490509491 0.09201949937010462 0.08772819472616633 0.07158315298818047 0.06210881078478575 0.03141004482586059 0.02040477540913304 0.005401446489059782 0.002818007353566308 0.0005843384615140824
 0.1042461225527587 0.09382796398741729 0.08885471399888931 0.07228915662650602 0.05980861244019139 0.0316945292019425 0.02031491538871941 0.005423072443512695 0.002837576366988132 0.0005898889860600127
 0.09775967413441955 0.09389671361502348 0.08730901153726224 0.06951463011807628 0.06083797321409377 0.03191825440918548 0.02056890935639672 0.005404807376655223 0.002832570377017018 0.0005899632599390001
 0.1061657819518171 0.1024844720496894 0.09645333065407416 0.07806670110785834 0.0666812152954584 0.03340021107077829 0.02111781744502947 0.005505638181322725 0.002855464464850386 0.0005894107301727291
 0.1024498886414254 0.09533311162842256 0.08818518889668303 0.07707774798927614 0.06392818280739936 0.03276910473421256 0.02062769094458211 0.005290315369856379 0.002852728376223179 0.0005923150783410978
 0.1185555797259082 0.1078464673913044 0.1006174251086211 0.0789765110450545 0.06668080393958671 0.03353949702123789 0.02128749666255349 0.005223009494353201 0.002705406287518257 0.0005781559991604858
 0.05988023952095808 0.1131023496614895 0.1076165214096249 0.07978386592933429 0.06659997894071812 0.0320654090267983 0.02058617542817123 0.005357704488768935 0.002797996174794271 0.0005804842387632713
 0.1160196340919233 0.1116885989162889 0.105307855626327 0.08054005280219229 0.06647603685509691 0.0333016732918235 0.02079833613310935 0.00539556831795444 0.00281642808179289 0.0005908349446265143
 0.0912863070539419 0.06310958118187034 0.08084074373484236 0.07625117364213162 0.06598027842227377 0.03313201035375324 0.02097380385974296 0.005498723115303426 0.002858247242223026 0.0005907808060470578
 0.1010564997703261 0.08789552988448017 0.07540248624414103 0.07485245429681878 0.06370151291093164 0.03260146373918829 0.02088112672855245 0.005383038534943532 0.00282367566768559 0.000589264587907302
 0.1164987405541562 0.09966216216216216 0.09870450339296731 0.07995715214813114 0.06605981794538361 0.03306396476165925 0.02109870618442415 0.005462072847387833 0.002834513419739552 0.000585048384493005
 0.1097066539470546 0.1019344376230743 0.0942946947328317 0.08006871798018222 0.06867627785058977 0.03288167560055589 0.02071100517411778 0.005408607412367682 0.002815406979527969 0.0005826564576271019
 0.05988023952095808 0.1071237279057311 0.1005025125628141 0.07583849604785302 0.06277173213964138 0.03227430873466398 0.02048543414992512 0.005337043498744875 0.002777647409269105 0.0005858369948145509
 0.1185050136736554 0.1090468497576737 0.1038701238747403 0.08129219241508499 0.06827859625079537 0.03402937015172952 0.02104215218227481 0.005415073595772961 0.002830876570922037 0.000580258803347915
 0.1207295145132289 0.1064552661381653 0.100509727905808 0.08237744412322422 0.07054533925174382 0.03407978679496704 0.02131788644182422 0.00548178043813774 0.002853597064433839 0.0005905796598816066
 0.03992015968063872 0.02219755826859046 0.01427551748750892 0.08454673555659935 0.07058946107160533 0.03453984588082562 0.02155188430353971 0.005516248950713514 0.002763353329265063 0.0005709740579522808
 0.1242903176308117 0.1143744704885625 0.1035467745774815 0.08475160201198925 0.07026957966015077 0.03442133641440401 0.02139389451164322 0.005491447715152342 0.002764150323386258 0.0005908605765331989
 0.1029654036243822 0.09963023829087921 0.1005071461502997 0.08346203134755036 0.07094171651133677 0.03322997718364243 0.02087360444519576 0.00543724845837474 0.002811228410869188 0.0005899632599390001
 0.1217000561692567 0.1105157401205626 0.1042745666735723 0.08461255476405471 0.07162687395891172 0.03483377463959988 0.02183583289686257 0.005522851731955108 0.002855453288739385 0.0005903565456376316
 0.1125455147302218 0.1020408163265306 0.09450604838709677 0.0753648442605097 0.06715639925327903 0.03352843580053461 0.02110358040608187 0.005421057013608148 0.002813679668811657 0.0005840394105834672
 0.113960113960114 0.1034320639398213 0.09439278670047901 0.08238661000780505 0.06709425708627671 0.03240786728916261 0.02130778306102749 0.005503231763619575 0.002858913574467024 0.0005907960322297078
 0.09049773755656108 0.09341825902335456 0.08635794743429287 0.07754419663500871 0.0652362569949427 0.03224717400668227 0.02040348941308738 0.005400484219091806 0.002841330236695163 0.0005916093178269695
 0.1234906695938529 0.1113459037711313 0.1061102407064521 0.08585984538102533 0.0720624143886606 0.0331270262304745 0.02091220479538489 0.005481757927784761 0.002848817021537824 0.000588784196318493
 0.1074168797953964 0.1042431361033622 0.09593298202945548 0.07024985088475047 0.06533585409252669 0.03242652416808356 0.02050547397841307 0.005413371570927841 0.002839072088692992 0.0005915131123026221
 0.1140819964349376 0.09739469198928659 0.08517887563884156 0.0733251354920982 0.06381719461671084 0.0319658428590792 0.02044888486357976 0.005370235742389426 0.002815770598408329 0.000590817782706309
 0.1108936725375081 0.09481316229782487 0.09579870729455217 0.07138722747443565 0.06472574053861969 0.03215317042393652 0.02074373893245636 0.005323248734342163 0.002764369200703763 0.0005711837783806939
 0.1181744091279544 0.1066961000735835 0.09636152184748298 0.05651313930488838 0.06890695135266287 0.03463213767167305 0.0216159200136678 0.005469577099715026 0.002836151217814491 0.0005852599794266238
 0.09289980092899802 0.1105512521621418 0.1050365344467641 0.08185121438133486 0.06821573225325091 0.03337495478043714 0.02093564595338803 0.005437397127211131 0.002827471521610988 0.0005898540744566068
 0.1038819026790596 0.08514986376021798 0.08216619981325864 0.06775760675019177 0.06251073329898678 0.0329008556547619 0.02067981242536335 0.005402059741287118 0.002821047115311974 0.00058978484727937
 0.1047120418848168 0.09113924050632911 0.0855614973262032 0.05903527717782577 0.06326558083187508 0.03195508028713923 0.02055285808872213 0.005451974145201805 0.002845099602354368 0.0005902062988875998
 0.08662175168431184 0.09978768577494693 0.1013088811654219 0.07634420329370706 0.06836884369639261 0.0337910964669665 0.02101013121985868 0.005477073227919518 0.002856517780628988 0.0005922677953692978
 0.1258827141541296 0.1088688263409453 0.09457900807381776 0.08380934544432998 0.06977870183133492 0.03376927808014112 0.02137963195465796 0.005508765962481237 0.002821313004525616 0.0005828935031760757
 0.1200129743756082 0.1105137395459976 0.1064388961892247 0.08542485636528577 0.07111658640385261 0.03357415536129522 0.02093623295245116 0.005504898990645366 0.002859750357228883 0.0005908267212289196
 0.119549929676512 0.100418410041841 0.08680974198215578 0.04244782454899186 0.06105357371180156 0.03265994465623923 0.02040846398679712 0.005420763737671911 0.002818154281485685 0.0005827676786737952
 0.09771986970684039 0.09982107543083152 0.09476978095663835 0.06900763358778626 0.066737370340671 0.03401715950913123 0.0214032993113088 0.00550703533003404 0.002859915027893769 0.0005827083093015706
 0.1158784841841528 0.0996230479267636 0.08784473953013279 0.07815291175419793 0.06639334230816302 0.03339091720675702 0.0210535549804816 0.005447708397697338 0.002848555001405224 0.0005919172218612649
 0.1129032258064516 0.09891662741403673 0.08718572587185726 0.07740210392991591 0.06543807153443888 0.03240086877054725 0.02064961423409025 0.005400212702255415 0.002812705392071041 0.0005825275036199923
 0.130272952853598 0.1110269997476659 0.09710880600308983 0.08633278927927154 0.07272117025144743 0.03497222793663855 0.02182798376818388 0.005537993796703593 0.002868341213250581 0.0005922756557868204
 0.09870450339296731 0.0762673844773441 0.0629973474801061 0.07684283727399166 0.06553838865054089 0.03278120851849714 0.02069247957695375 0.005355959655451667 0.002786971911920195 0.0005898761418458136
 0.1073558648111332 0.08890352321369774 0.07475083056478406 0.07562634669821285 0.06196538021149053 0.03312150540048953 0.02114797171725803 0.005489667267214159 0.002855322349604518 0.0005922308424711516
 0.106508875739645 0.08829300196206671 0.07431874483897605 0.07598401094745939 0.0639370835084349 0.03208165408898378 0.02078578701590534 0.005441606597580324 0.002833148604387169 0.0005916132978048772
 0.1169775529560544 0.1000811468758453 0.08638804576231614 0.05544820633453752 0.06432532347504621 0.03267164407959143 0.02091125348228508 0.005477397464222301 0.002852043086905964 0.0005904983270865348
 0.1141396933560477 0.1045731231465584 0.09558616811920158 0.0811565755699834 0.06784301794949803 0.03184321825513917 0.01964621696979772 0.004992362983762756 0.00279138127799689 0.0005869458499964032
 0.1019160211985324 0.0891566265060241 0.07804260704492723 0.07300654214468569 0.06477858679035058 0.03289815424039893 0.02077744080251954 0.005504833759543706 0.002864302930210636 0.0005926005790837365
 0.1230228471001757 0.1037344398340249 0.1010871638374976 0.08231545406266595 0.06954102920723226 0.03394230998261201 0.02118943353581014 0.005324286405508861 0.002787775316845084 0.0005751877492149679
 0.1173020527859238 0.09994447529150473 0.1079450750059529 0.08397888530883663 0.07106017191977078 0.03462703794546241 0.02153341777810893 0.005510966453378703 0.0028612440650789 0.0005910186583400468
 0.1282565130260521 0.106244579358196 0.09404990403071017 0.07544006705783739 0.06478987753442755 0.03336903218533341 0.02120619106920477 0.005500610770159095 0.002863033072340898 0.0005925420947651185
 0.1198402130492676 0.1073322125953705 0.09889604415823366 0.07978152137224216 0.06867488684251601 0.03344828779368173 0.02111489540172535 0.00542552543630267 0.002823650127734275 0.0005845690032186964
 0.1305831725775338 0.1205809810907098 0.111364211592002 0.08513341804320203 0.0695831898036514 0.03396007620309782 0.02137748477392234 0.00550891871756809 0.002860689234112855 0.000590825666973777
 0.08179959100204499 0.09620384815392616 0.0832208726945569 0.07697393275406121 0.06902887139107612 0.03392928542868567 0.02150911421556912 0.005504949836606439 0.002859624122560803 0.000590960173448794
 0.1209563994374121 0.1096296296296296 0.1026119402985075 0.08244491826581379 0.06904122252072681 0.03301446570228651 0.02076805095877945 0.005272273965177002 0.002817464820153432 0.0005811740469489453
 0.1152151812944764 0.1061166090377966 0.1008520257346548 0.08011591238387454 0.06759360825353533 0.03355243570070769 0.02125113327289211 0.005431810387178703 0.0028531487215699 0.0005921166109304726
 0.120538879697471 0.1082387557797394 0.1005208809284474 0.08582102110187459 0.07296137339055794 0.0345904931934836 0.02126410938440784 0.005468283953072182 0.002787030634351158 0.0005825275036199923
 0.1368005915701257 0.1256807708420612 0.1167922862769064 0.0891955570514978 0.07271520381377666 0.03472094421338045 0.02141136586671425 0.005354530650547873 0.002786870488094987 0.0005769605953757501
 0.1272942569567792 0.1093312992626494 0.09483899426554919 0.08571309110674416 0.06966864910790145 0.03408291921394778 0.02126994987431393 0.00548799914549275 0.002854936645315317 0.0005906233196717006
 0.05988023952095808 0.09320905459387484 0.08034894398530762 0.07910074937552039 0.06694846281078526 0.03342292054303632 0.02114595065944846 0.005369324972877554 0.002839881047925604 0.0005915452943659961
 0.07309941520467836 0.04351610095735422 0.1042687193841847 0.08322808381100424 0.07089320020564441 0.03385909315467942 0.02104222673186512 0.005430750566546945 0.002825721924058005 0.0005846575165453122
 0.03992015968063872 0.02219755826859046 0.01427551748750892 0.006925207756232687 0.06487401278676194 0.0308095789781914 0.01988987444516756 0.005385539099741639 0.002817987518980955 0.0005858949743670948
 0.1166799257491382 0.1016401016401016 0.09674582233948989 0.07484011430126548 0.06700796054571283 0.03254795438499922 0.02028034595884283 0.005377794663685937 0.002812585509750138 0.0005840935294118812
 0.1268194264303214 0.1168439017986084 0.1096245653327047 0.08670767127968564 0.07049724513192568 0.03345230248840361 0.02119415594820177 0.005456886022497752 0.00284657532152928 0.0005894107301727291
 0.09577015163607343 0.09908168197196714 0.08666243923060664 0.07970335009803087 0.06495726495726496 0.0329901143809502 0.02091913920275641 0.005354677931871451 0.002789715822865508 0.0005769605953757501
 0.07473841554559042 0.0441306266548985 0.02986857825567503 0.008579272477693892 0.06559055886082123 0.03324183142800884 0.02091211183682823 0.005411165774928633 0.002815849208401575 0.0005898860668713057
 0.11752506049084 0.09863649550333624 0.08417925229017084 0.07866084704302365 0.06642043514696297 0.03368914219474498 0.02096559004207779 0.005414930523688026 0.002821465325625791 0.0005844740318187663
 0.1176470588235294 0.1021314387211368 0.09084027252081757 0.05783253708825749 0.06578367742503892 0.03278834786875739 0.02096406262214231 0.005440054289897727 0.002828273918808405 0.0005847661094142983
 0.05988023952095808 0.03194888178913738 0.02042205582028591 0.07894996545939011 0.06724276862374615 0.03179689731837886 0.0195330383030673 0.005214935128805187 0.002702962677953059 0.0005780291896822582
 0.1254667662434653 0.1141226818830243 0.1055002370791844 0.08198781177357542 0.07032535428055836 0.03406273320334127 0.02117787921873831 0.00550647609471139 0.002832374903441764 0.0005880846913238499
 0.1249814015771463 0.1152194406619881 0.1084064255444959 0.07793017456359103 0.06903027688247088 0.03424492355182559 0.02127659574468085 0.005470084202211398 0.00283654664388455 0.0005852599794266238
 0.1164079822616408 0.1024305555555556 0.09243134628265237 0.07999115305219699 0.06729047536533241 0.0308266299745978 0.02051800744139002 0.005267902521544608 0.002829895551996941 0.0005898142639256533
 0.1358234295415959 0.1151832460732984 0.1067054686552686 0.08230452674897119 0.06798576147259724 0.03394274210538636 0.02132556788516549 0.005412619559575888 0.002852392050316577 0.0005902866158452339
 0.1109185441941074 0.09269988412514485 0.07860476541390321 0.07958115183246073 0.06708864451769098 0.03294399520814615 0.02051748836098842 0.00543369254052477 0.002840272780560334 0.0005899926943857642
 0.05988023952095808 0.03329633740288569 0.02016129032258064 0.07903343023255814 0.06798691766887281 0.03385089152434796 0.02130320347831145 0.005504499329887038 0.002864108127266022 0.0005925880122021601
 0.1173708920187793 0.1013352408202194 0.09396853146853146 0.07794820216243399 0.0668824163969795 0.03277071073681243 0.0207328971533517 0.005382692994260292 0.002808135569908248 0.0005839002278794347
 0.1214814814814815 0.1004776807774666 0.08948004836759371 0.07476701746926048 0.06345054732151506 0.03254431206504358 0.02073646748177487 0.005418341913905302 0.002822393925825574 0.0005845193131125316
 0.1145113524185587 0.1024011299435028 0.1030105186797243 0.0814283330552311 0.06861729673744174 0.03356155188615922 0.02075393381381834 0.005399804439514893 0.002821917912695962 0.0005876027686576244
 0.1309328968903437 0.1099908340971586 0.1052844705405953 0.08248650027637229 0.06738450850989927 0.03373867429661421 0.02104934323073948 0.005402130191337611 0.002842110766276787 0.0005916465444181116
 0.1148105625717566 0.1074113856068743 0.10275380189067 0.08247570552587227 0.06936276727283694 0.03305248061668085 0.0210988570856399 0.005460445091059863 0.002856501992841491 0.0005907062090953295
 0.05988023952095808 0.03073770491803279 0.1018256621239393 0.08457895060589285 0.07246565024285084 0.03506091834562552 0.02183894338272562 0.005491437081161578 0.002842165402465072 0.000590489434499365
 0.1220295439948619 0.1055099648300117 0.09456643692899504 0.07778969957081545 0.06591957811470006 0.03316730285820688 0.0210085534824893 0.005520312534617345 0.00286847422114689 0.0005838991877269537
 0.1272264631043257 0.1049144119271121 0.1005926388022458 0.07888719512195122 0.06646768165742807 0.0328289248250782 0.02099212443116978 0.005479845019685148 0.002852963252301518 0.0005905485284244086
 0.1178848097002358 0.1041541960972106 0.09676343009676343 0.08096783340159415 0.06921343491790966 0.03405379109041629 0.0214742746954159 0.005482160677483558 0.002861307252549732 0.0005909114253517261
 0.1204456489009334 0.1056536817485281 0.1004832400092046 0.07897862232779097 0.06809140059165562 0.03413439988966659 0.02158712622290707 0.005259512495046058 0.002728961293912014 0.000589683545731542
 0.05836575875486381 0.03070624360286591 0.09905757721675723 0.08024442653773838 0.06791602085388192 0.03350689422427924 0.02104854815304378 0.005430974720944285 0.002828932984016049 0.0005896659265501832
 0.1096621221102549 0.0928714859437751 0.1005802707930367 0.07636089535607773 0.06599521707137601 0.03400722360335851 0.02134660257778628 0.005437868208194776 0.002827780499050537 0.0005847519680372592
 0.1286361643034644 0.1173862005999739 0.1046553590761458 0.08560931651185361 0.06963925390029037 0.03458103289967923 0.02157144238565276 0.005423419447260051 0.002836704845188035 0.0005851414534834363
 0.05870841487279843 0.1235858337432366 0.1179924024404282 0.09172798363414393 0.07806357407615411 0.03610946325862113 0.02187256917970164 0.005520312706198549 0.002859291107604656 0.0005892370788442859
 0.1112170320940578 0.09310518369401108 0.1023943336669489 0.08102395490840769 0.0658258378975931 0.03274671943835843 0.02052099711377343 0.00525866522485423 0.002728756772649402 0.0005896665099499298
 0.09066183136899365 0.09515178975985501 0.09908810224743304 0.07979391806986681 0.06756925225023064 0.03378497272567306 0.02120391094357404 0.005455187828707102 0.002846295279256907 0.0005902543461437674
 0.1052205584783489 0.1095238095238095 0.1032166843407565 0.07812103687921676 0.06353021978021978 0.03212674661678953 0.02059573514164822 0.005400121548498583 0.002817600932196105 0.0005909048868427023
 0.0782122905027933 0.09357454772301933 0.09004092769440655 0.07458839938146206 0.06288599377901996 0.0326303773824211 0.02073787604915437 0.005438057584620586 0.002835906974612426 0.000588418497500113
 0.1072632546736132 0.09067357512953368 0.09447427445116564 0.07801350965655028 0.06408508317425689 0.03308913167152361 0.02084628606956077 0.005470449476360499 0.002850498980803133 0.0005904404130705279
 0.1218611521418021 0.110681424189892 0.1044810773159972 0.08252559461248005 0.06775866132453452 0.03228633365619667 0.0203447380790358 0.005373194409002527 0.002828353916939097 0.0005910491438583965
 0.1165644171779141 0.09870129870129871 0.09681598145496693 0.07542447405803965 0.06339273568222011 0.03160833352559814 0.01996080688283589 0.005386983089951735 0.002825153345152208 0.0005893453480677581
 0.03992015968063872 0.02219755826859046 0.01427551748750892 0.08130614385941906 0.06840056234454417 0.03356773855852165 0.02126665948198441 0.005481312783639481 0.002848847080219505 0.0005887980866639414
