# Created by Octave 3.0.1, Tue Sep 08 17:27:44 2009 PDT <jwawerla@daneel>
# name: prtA
# type: matrix
# rows: 100
# columns: 10
 242.1 458.7 546.2 722.4 769.6 1610.1 1672.1 1826.1 1894.4 2054.4
 232.1 624.5 646.5 732.9 975.7 1487 1551.4 2196.4 2264.9 2425.1
 458.5 753.9 788 963.5 1456.4 1605.4 1672.8 2818.3 2887.3 3047.8
 388.8 488.1 800.5 1759.7 1816.2 2137 2204.3 2127.8 2195 2809.4
 40.1 92.09999999999999 166.2 440.2 930.4 1201.3 1634.9 1964.3 2032.2 2192.4
 55.2 66.09999999999999 77.7 655.4 824.1 1570.7 1630.4 2322.1 2898.3 3058.4
 87.5 104.2 138.5 635.7 896.4 1707.9 2069.1 2227.1 2295 2455.2
 65.40000000000001 79.09999999999999 143.2 912.9 963 1618.4 1678.4 1836.8 1904.8 2065
 46.8 72.59999999999999 86.7 888.8 1241.1 1376.8 1844.7 2003.3 2071.4 2231.6
 66.5 98.5 116.7 621.8 1024.1 1159.2 1218.6 1105.2 2736.6 3019.9
 79.3 207.8 233.5 716.5 1037.7 1904.7 1964.1 2275 2615.1 2773.8
 40.1 145.3 148.7 207 877.4 1423.1 1597.8 1754.1 1822.3 2391.6
 45.9 57.7 59.4 597.4 908.8 1444.5 1505.8 1662.4 1730.6 3151.3
 65.90000000000001 77.7 84.3 563.6 737.7 1157 1218.8 2166 2234.4 2394.4
 70.59999999999999 83.5 147.2 420.7 740.5 1451.4 1714.6 2140.2 2207.4 2366.3
 40.1 40.1 175.6 237.6 826.3 1126.6 1632.4 2019.3 2859.4 3017.9
 62.3 74.59999999999999 81.3 302 710.7 1120 1182.4 1634.1 1986 3148.1
 69.40000000000001 148.1 158.6 536.5 942.4 1338.3 1400.9 1719.5 1787 2349.6
 83 98.90000000000001 153.4 304.9 902.8 1500.1 1562.7 2033.4 2569.7 2729.8
 40.9 46.8 51.1 192.2 625.5 1473.6 1532.9 2337.6 2420.1 2116.4
 58.4 66.90000000000001 72.90000000000001 252.5 442.3 839.3 1064 2282.5 2805.1 2956.5
 58 65.40000000000001 71.09999999999999 200.2 258.7 1151.4 1212.1 2000.6 2082 2263.9
 82.2 147.5 157.6 218.3 277.7 777.4 1579.6 1755.4 1836.4 2017.5
 40.1 43.9 47 120.5 171.8 1229.7 1289.2 2393.1 2470.8 2660.9
 56.5 62.8 67.40000000000001 198.6 426.7 824.3 1377 1733.2 2153.3 2348.1
 68.5 75.90000000000001 81.3 288.4 341.3 825.8 1078.3 1904.4 1979.8 2631.2
 40.1 46.1 49.5 149.9 175.5 1064.9 1128.8 1799.9 1875 2067.3
 50 55.9 72.90000000000001 95.8 207.1 817.3 1196.2 1693.8 1768.8 3406.7
 40.1 40.1 62.2 81.7 121.9 1314.2 1683 2074.4 1625.1 1815.4
 40.1 90.09999999999999 95.8 386.1 462 1113 1175.6 2026.3 2358.5 2943.9
 40.1 46.5 49.7 192.4 263.5 760.7 823.3 985.2 1059 2742.3
 40.1 40.1 85.5 204.2 472.5 956.9 1653 1980.8 2048.1 2207.2
 49.1 54.8 58.9 171.1 196.7 1343.9 1410 1569.7 1637.5 2915.6
 84.2 93.09999999999999 98.90000000000001 250.5 370.5 840.1 904.6 1578.4 1646.1 1818.4
 86.3 94.90000000000001 100.7 141.2 186.3 1135.4 1199.3 2063.1 2395.1 2553.9
 40.1 43.7 46.7 59.3 71.59999999999999 1004.3 1067.8 2218.4 1718.2 1900.2
 40.1 73.40000000000001 77.8 141.9 163.3 925 1487.4 1861.2 1934.2 2595.6
 59.9 76.8 81.2 159.2 299.8 875.2 1175.4 1509.9 2390.5 2910.4
 50.4 55.4 58.7 106.1 180.9 761.4 822.7 2371.2 2811.9 2981.3
 40.1 65.5 69.7 87.7 237.4 782 843.7 1645.7 2187.1 2726.9
 40.1 54.8 58.3 73.40000000000001 129.5 1127 1319.8 1733.2 1805 2286.1
 64.5 70.8 75 148.2 352.6 928.6 989.2 1755.4 1822.9 1982.1
 40.1 44.3 47 176.8 198.8 1128.4 1188.7 1353.3 1803.7 1971.9
 40.1 52.1 55.6 127.7 432.1 548.4 607.3 1722.3 2087.2 2246.3
 40.1 40.1 40.1 72.7 139.7 883.6 1385.2 1860.6 2313.4 2956.5
 54.9 60.2 64.09999999999999 122.1 139.8 818.6 1200.7 1363.6 2049.6 2187.2
 56.6 61.9 65.8 208.4 294.4 778.5 1389.6 1916.5 1990.7 2157.3
 83.8 91.09999999999999 108.3 144.1 160.9 908.6 965.3 1613.2 1688.9 1937.2
 40.1 41.3 44 288.8 409.7 921.8 978.7 1340.4 1646 1811.8
 40.1 40.1 40.1 40.1 46.3 820 1252.8 2035.5 2111.7 2277.8
 40.1 85.2 90.5 178.4 215.6 300.5 749 1804.6 1880.7 2046.8
 64.7 71 75.7 150.4 205.5 937.8 1300.3 1458.1 1534.2 1700.2
 79.8 87.3 92.7 127.8 144.3 1114.2 1171.9 1329.4 1405.4 1652.1
 67 73.5 78.3 197.1 217.1 833.5 1109.3 1266.8 1986.2 2154.5
 40.1 43.2 46.1 73.8 142.1 705.3 836.3 1839.3 2126.3 2079.6
 65.2 71.8 76.8 138.7 156.7 834.5 892.7 1785.4 1935.3 2094.5
 40.1 54.3 58.2 73.5 126.1 1134 1265 1996.6 2075.7 2525.6
 48.5 53.5 57.4 72.5 367 596.2 773.7 2027.4 2106.7 2661.9
 40.1 75.90000000000001 81.3 168.1 327.7 782 1195.5 1655.6 2004 2164.8
 40.1 43.2 46.4 59 69.90000000000001 774.5 833.6 1617.2 1696.8 1857.6
 40.1 40.1 40.1 93.5 109.1 905.2 1413.1 1571.4 1652.5 1813.2
 62.6 69.2 74.2 121.7 276 817.1 1241.6 1765.6 1803.6 1969.6
 80.7 87.90000000000001 94.09999999999999 130 149.2 327.6 1135.4 1292.9 1373.4 2152.5
 40.1 42 45.2 57 67.90000000000001 619 677.5 1664 2454.5 2961.7
 63 68.8 74 92.3 335.3 859.4 918 1493.6 2342.1 2505.1
 49.3 53.8 58.1 105.2 250.2 845.4 1061.3 1217.2 1295.2 2677.1
 40.1 40.1 40.1 66.59999999999999 121.6 854.2 913.4 1521.7 1599.9 2981.7
 47.3 103.2 110.4 187.2 266 945.3 1452.7 1983.2 2051 2219.1
 40.1 44.7 48.3 61.6 116 1037.7 1225.7 1823.9 1891.3 2050.5
 76.59999999999999 83.5 89.8 110.9 129.1 849.4 1096.2 1890.1 1957.4 2116.4
 57 62.4 67.40000000000001 132.4 194.7 1110.1 1239.2 1572.2 1650.6 3718.3
 71.2 77.8 83.90000000000001 133.2 210.6 917.2 976.7 2000.1 2067.3 2226.3
 56.7 62.1 67.2 230.8 605.7 763.4 1100.9 1613 1691.6 2500.8
 46.4 51 55.2 134.3 177.2 1221.1 1280.8 1764.1 1842.4 2054.4
 75.59999999999999 82.8 89.3 248.5 436.4 721.2 1019.9 1984 2062.6 2223.1
 56.8 62.5 67.7 118.8 201.2 871.2 1333.5 2368 2446.5 3028.6
 50.5 55.6 60.3 280.1 308 888.4 948.6 1831.4 1907.7 2596.8
 40.1 66.5 72.09999999999999 168.6 193.2 862.1 1107.4 2364.8 2441.1 2601.6
 40.1 86.90000000000001 93.8 148.5 172 846.7 907.4 1788.9 1865.3 2025.9
 88.59999999999999 97 104.5 244 272 831.2 1295 1661.6 1738.3 1898.8
 50.2 55.4 59.5 75.90000000000001 214 929.3 1068.8 2120.2 2187.4 2346.4
 59.6 65.90000000000001 70.7 152.3 234.2 603.6 1460.1 1857.3 1931.5 2096.1
 50 55.3 59.4 128.2 150 1102.2 1392.4 1857.4 1931.5 2096.1
 95.40000000000001 104.8 170 217.3 266.6 933.3 993.7 1766.6 1842.5 2006.9
 67.09999999999999 136 144.1 203.5 403.1 1181.3 1241.7 1710.3 2105.5 2269.8
 40.1 69.5 74.7 146.5 624.5 959.3 1019.9 1355.5 1429.2 2932.7
 67 73.7 79.09999999999999 297 324.8 536.1 1397.9 1853 1926.4 2133.1
 40.1 43.7 47.1 60.5 73.3 1103.1 1508.2 1767 1840.4 2006.5
 40.1 40.1 49.7 144.2 167.2 604.9 1011.9 1955.8 2029.4 2195.6
 40.1 40.1 74.59999999999999 129.5 315.4 1106.2 1166.7 1647.1 1720.6 2476.9
 66.7 73.59999999999999 137.1 198.6 245.4 634.5 914.6 2083.3 2154.8 2972.8
 40.1 40.1 40.1 84.7 335.1 1145.7 1206.5 1364.3 1435.9 2540.1
 40.1 40.1 40.1 68.59999999999999 129 1146.4 1207.4 2271.9 2343.5 2505.1
 87.2 96.40000000000001 152.7 249.7 447.3 1000 1401.4 2284.4 2351.3 2510.1
 50.3 68 73.59999999999999 148.4 486.8 799.2 1322.1 1855.5 1927 2121
 50.1 67.59999999999999 73.09999999999999 132 154.9 754 1430 1587.9 2540.1 2703.6
 59.6 66.8 71.5 170.9 390.5 525.7 1482.9 1639.9 1711.1 2303.6
 58.9 66.09999999999999 70.90000000000001 109.2 130.2 921.6 1305.7 2000.6 2071.9 2268
 60 67.2 72.09999999999999 142.1 513.3 1044.8 1367.6 1675.5 1746.7 1907.8
 58.4 65.5 70.2 169.4 195.5 880.8 940.5 1535.7 1607 2084.6
# name: prtB
# type: matrix
# rows: 100
# columns: 10
 347.3 616.2 691.4 1692.1 2159 2375.9 3555.3 4548.3 4750.2 5243.5
 306 878.9 1248.7 3030.5 3168.5 3889.9 4270.3 4842.2 4910.3 5070.1
 379.1 1033.1 1053.5 2728.8 2792.8 3418.8 4265.2 4544.6 4937.2 5097.3
 729.6 1215.9 1313.3 2639.3 3083.3 3323.2 3640.6 4191.8 4260.4 5938.6
 477.2 1234 1884.9 2974.6 3018.5 3611 4003.4 4455.1 4523.3 5430.4
 597 1333.1 1632.1 2675 3045.4 3733 5039.6 4744.7 5060.8 5496.8
 488.5 1338.9 1844.7 3213.2 3527 3744.1 3925.4 4428.7 4468.8 4684.8
 380 1285.1 1622.5 2774.1 2891.5 3588.2 3648.9 4385.7 4453.8 4613.8
 283.1 334.9 1416.7 3289.2 3402.3 4130.1 4191.8 4348.9 4417.1 5557.6
 782.5 981.3 2244.4 2829.6 2913.2 4187.7 4248.8 4405.6 4473.8 4634
 390.7 496.4 2342.6 3188.4 3429 4360.7 4421.8 4578.3 4646.4 4806.6
 688.4 800.6 1578.4 3185.7 3232.1 3995.9 4057.3 4214.1 4282.2 6042.7
 344.8 1763.3 1817.7 2635.3 3249.9 3711.1 3772.8 3928.8 4789.5 5017.8
 691.4 1640.3 1827.1 2574.3 2619.2 3779.3 3841.2 4719.8 4338.2 4739.3
 277.4 1103.3 1280.4 2766.4 2809.2 3570.3 4016.1 4187.9 4236.5 6040.3
 298.1 1372.5 1387 3155.1 3335.5 3460.4 4074.9 4289 0 4306.7
 663.8 691.1 1377.8 2505.1 3414.2 3973.2 4032 4186.3 3891.7 4049.5
 137.2 1429.3 1536.6 2316 2381.9 4102.1 4161.3 4317.2 4210.2 4367.7
 285.8 783 796.7 2714.6 3521.1 3677.1 3832.8 4259 4341.1 4742.3
 233.6 997.5 1282.9 1478.4 1926.2 4112 4300.8 4660.6 4740.7 4720.1
 671.4 709 1707.6 2388.2 3071.9 3403.3 3463 4093.2 4172.5 5048.6
 109.7 120.5 385.3 3010.7 3132 3679.1 3760.8 4345.7 4235 4392.6
 323.9 370.4 609.5 2324 3244.2 3897.1 3531.5 4332.9 4398.2 4555.5
 256.7 711.1 1451.7 2063.3 2391.8 3674.3 4256.8 5659.4 5736.1 5922.4
 240.1 255.8 265.7 2327.6 2807 4235.8 4295 4463 4539.7 5473.5
 40.8 253.6 263.1 1961 3168.8 4030.4 4179.6 4347.4 4424 4939.5
 115.1 363.3 373.7 1858.2 2973.1 3794.4 3859 4288.2 4363.9 5506.3
 330.5 347.3 357.8 2170.5 3248.7 3428.4 3492.5 4355.5 4430.6 4623
 59.4 1320.2 1331.1 2684.7 2740.8 3332.2 4204.2 4367.5 4441.9 4630.2
 801.3 905.3 1373.3 2300.5 2453.4 3178.7 3491.6 5080.2 5142.6 6108.2
 281.3 296.7 306.8 2371.1 2441 3366.5 3433.6 4879.1 4952.4 5129.2
 304.1 319.9 367.7 2223.6 3336.5 3911.5 4291.4 4451.4 4524.4 4699.9
 640.1 656.9 668 2401.4 2911.7 3301.4 3367 3526.3 4326.2 4500.6
 274.4 664.1 953.2 2523.9 2903.2 3429.5 3495.2 4087.2 4154.9 5148.8
 170.8 245.2 440 1893.4 2871.8 3619.3 3892.5 4629.9 5239.2 5411.7
 663.5 905.1 915.4 2588 3026.3 3311.5 3514.5 4261.6 4334.4 4505
 287.6 491.2 691.4 1793.7 3122.9 3673.5 3883.4 4047.7 3994.2 4151.9
 90.7 406.7 1251.3 1334.7 3027.1 3323 3384.9 4605.2 4677.8 4848
 57.2 62.9 66.90000000000001 84.2 3106.9 3642 3978.1 4351.9 4423.9 5194.6
 298.7 709 718.6 1172.4 2626.5 3573.9 3979.9 4447.4 4519.5 4691.6
 308.8 322.8 795.1 2170.1 2608.9 3475.3 3683.6 3847.7 3919.6 4594.4
 64.5 616.1 1420.7 2144.3 2573 3043.3 3571.5 4615.5 5232 5399.7
 306.5 319.4 389.7 1740.3 3101.7 3634.4 3694.3 4900 4971.1 5138.9
 301.5 314.5 347 1985.3 2062.9 3457.9 3517.6 3981.6 4052 5343.7
 237.5 506.1 515.4 2261.2 2734.6 3169.8 3229.1 4013 4878.6 5429.1
 401.4 897.2 906.6 2465.8 2491.6 3061.1 3120 4323 4866.3 5033.1
 270.4 283.4 292.7 486.7 2478.1 3593.3 4094 4762.1 5065.9 5232.6
 223.7 236.2 921.6 2481.2 2573.5 3000.8 3569.7 4396.4 4756.2 4922.2
 178.2 517.6 632.6 999.8 1822.5 3213.7 3910.5 4377.4 5283.9 5337.3
 150 492.6 1345.9 2130.3 2297 3763.6 3955.6 4350.7 4424.9 4591.1
 40.1 40.1 40.1 42.5 1960.2 3139.8 3795.5 4138.2 4212.2 4378.7
 341.1 772.5 964.8 1212 2396.5 3560.8 3617.9 3863.5 4210.3 4378.7
 276.9 289.3 298 742.7 2216.6 3272 3633.8 4474.4 3775.9 4612.5
 278.1 320 329 1630 2503.9 3161.5 3927.9 4086.5 4162.2 4739.3
 362 396.2 556.3 691 2403.4 3962.5 4070.3 4230 4306.2 4472.3
 96.7 780.4 790.3 2636.6 2694.8 3493.8 3920.9 4606.8 4683 5209.8
 76.5 231.4 588.7 1847.4 2796.2 3626.3 3683.9 4383.6 4688.3 4616.4
 658.2 673.2 728.2 2684.1 2770.5 3310.3 3368.4 4309.7 4505.4 4676.8
 113.3 560.4 594.2 1803.9 2377.7 3041 3974.5 4133.9 4213.5 4374.3
 300.1 456.7 673.7 1204.1 2965.3 3480 4076.6 4486 4383.6 4551.5
 40.1 878 888.9 2299 2405.7 3708.2 3767 4284.7 4247.8 4405.3
 530.1 784.4 1045.9 1846.1 2375.3 3736 3794.7 3953.2 4810.9 4971.7
 234.3 405.7 416.2 2122.7 2936.9 3872.4 4058.6 4365.4 4446.6 4607.3
 40.1 40.1 40.1 2134.3 2780.4 3367.8 3426.5 4156.9 4119.7 4736
 40.1 1565.8 1576.7 2514.3 2540.9 2725.6 2956.7 3770.5 3851.3 3893.1
 49 335.4 346 1711.3 2558.4 3495.8 3554.3 3606.9 3672.8 3830.7
 303.1 727.2 791.5 2074.9 2649.1 3701.2 3823.5 3880.9 4149.1 4306.7
 310.9 323.9 334.8 1435.5 2699.6 3577.6 3636.3 4439.6 4401.1 4558.5
 286.4 442.3 728.9 2253.5 2846.1 3673.9 3837 4197.4 4485.3 4648.3
 40.1 40.1 47.9 2804 2929.1 3703.5 3762.9 4330.3 4408.8 4569.7
 574.8 588.4 612 2153.7 2298.1 3199 3648.9 5268.5 5346.7 6021.3
 651.1 804 859.7 2123.1 2150.6 3777 3836.3 4134.1 4212.1 4373
 40.1 324.2 335.5 1980.8 2816 3717.3 3776.5 4336.5 4206.3 4373.6
 224.1 363.6 375.2 1614.6 2871.3 3682.9 4354.8 4132.8 4085 4242.6
 130.4 171.7 204.2 2473.8 2814 3686.5 4026.7 4361.2 4439.5 5337.3
 247 358.3 370.2 1796.7 2892 3859.6 4137.7 4749.4 5122.5 6072.5
 40.1 46.9 1841.2 2364.6 2852.3 2989.9 3424.4 3733.9 3808.1 4870.4
 229.8 345.1 369.4 2783 3379.3 3871 4046.4 4374.7 4496.3 4664.4
 41.7 46.2 1258.9 2471 2541 3288.2 3914.7 4789.5 4279.6 5243.5
 298.7 1153.9 1221 2428.6 2987.5 3398.4 3956.6 3991.1 4190.3 4214.2
 322.5 731.2 1194.7 1394.9 2910.8 3689 3749.3 4038.7 4106.9 4492.4
 522.6 846.5 1351.5 2495.6 2909.8 3502.4 3563 3720.2 4691.6 4737.3
 394.6 529.5 651 2450.3 2480.5 3004.3 3873.1 4654.3 4597.5 5243.8
 479.5 495.1 506.1 571.1 3136.6 3423.1 3483.4 3949.8 4023.3 4187.6
 101.5 389.9 1289.8 2677.6 3004 3517.4 3578.1 4621 4694.7 4859.2
 41.3 1211.2 1222 1865.8 2792.4 3334.8 4119.5 4419.2 4726.3 4890.7
 353.4 1181.6 1307.4 2313.7 2364.3 3489.8 3877.5 4198.9 4263.8 4269.8
 443 458 468.8 2384 2528.6 3364.1 3485.6 3523.1 3589 4610.9
 144.2 1015.1 1026.1 2724.1 3345.4 3641.8 3985.3 4144 4217.4 4269.8
 352.8 1162.5 1173.8 2019 2088.5 3462.4 3867.7 4295.9 4369.4 4533.3
 340.3 1124.3 1135.6 2505.3 3028.6 3757.1 3816.2 4291.8 4357.1 4742.8
 323.1 1191.2 1203.3 2334 3089.7 3197.1 3256.3 3681.9 4895 4839.7
 312.4 1134.7 1689 2123.3 2854 3928.6 3988 4146 4217.6 4381.1
 90.3 340.5 1246.7 2803.1 2995.5 3789.8 3849.2 4178 4249.4 4412.9
 41.1 46 1010.5 2593.7 2687.8 3089.6 3149 3930.6 5035.9 5198.9
 334.1 553.2 563.8 2685.2 2887.1 3796.2 4533.6 4691.1 4762.3 4925.3
 40.1 40.1 40.1 2183.2 2663.3 3655.1 4497.5 5001.2 5072.3 5235.2
 40.1 321 382.7 2348.2 3086 3763.6 4362.6 4520.1 4589.3 4750.5
 70.7 79.2 850.8 2728.4 2782.3 3476.5 3658.8 4713.5 4782.7 4943.5
 772.6 1072.1 1082.7 2494.1 3091.1 3518.6 3740.2 3785.2 4072.5 5372
# name: collectedA
# type: matrix
# rows: 100
# columns: 10
 11 21 24 27 27 48 48 48 48 48
 12 31 31 31 34 42 42 45 45 45
 22 35 35 36 42 42 42 49 49 49
 18 19 27 47 47 48 48 48 48 49
 3 6 10 21 38 40 45 46 46 46
 4 4 4 32 35 43 43 45 47 47
 8 8 9 25 32 45 47 47 47 47
 5 5 8 38 38 48 48 48 48 48
 3 4 4 36 43 43 48 48 48 48
 5 6 6 26 37 37 37 31 49 49
 6 14 14 29 35 46 46 47 48 48
 3 9 9 9 36 46 47 47 47 45
 3 3 3 25 34 42 42 42 42 48
 7 7 7 29 33 41 41 47 47 47
 6 6 10 20 30 45 47 49 49 49
 2 2 12 12 32 35 41 42 49 49
 5 5 5 13 26 34 34 39 40 44
 6 11 11 25 38 42 42 43 43 44
 7 7 10 15 34 44 44 46 48 48
 3 3 3 9 30 45 45 49 49 46
 5 5 5 14 19 27 29 45 47 47
 5 5 5 11 12 40 40 46 46 46
 8 13 13 14 15 29 48 48 48 48
 3 3 3 6 7 40 40 48 48 48
 5 5 5 12 22 31 43 45 47 47
 6 6 6 18 19 35 39 46 46 47
 3 3 3 8 8 37 37 45 45 45
 4 4 5 5 10 31 38 41 41 48
 3 3 4 4 5 41 47 49 45 45
 3 7 7 24 26 42 42 47 48 49
 3 3 3 11 13 31 31 31 31 49
 3 3 6 12 24 38 48 49 49 49
 4 4 4 10 10 46 46 46 46 49
 8 8 8 17 22 35 35 39 39 39
 8 8 8 9 10 40 40 48 49 49
 3 3 3 3 3 34 34 48 46 46
 4 6 6 9 9 33 43 46 46 49
 5 6 6 10 17 33 39 40 48 49
 4 4 4 6 9 31 31 46 49 49
 3 5 5 5 13 36 36 45 48 49
 4 5 5 5 7 43 45 47 47 48
 6 6 6 10 20 36 36 46 46 46
 3 3 3 11 11 42 42 42 45 45
 4 4 4 8 26 27 27 48 49 49
 3 3 3 4 7 35 44 48 45 47
 5 5 5 8 8 37 43 43 48 47
 5 5 5 14 18 33 45 49 49 49
 8 8 9 10 10 39 39 46 46 46
 3 3 3 20 26 42 42 45 46 46
 2 2 2 2 2 31 41 48 48 48
 4 7 7 12 13 13 23 48 48 48
 6 6 6 10 12 39 45 45 45 45
 8 8 8 9 9 43 43 43 43 43
 6 6 6 13 13 34 39 39 46 46
 3 3 3 4 7 31 32 47 48 47
 6 6 6 9 9 35 35 47 47 47
 3 4 4 4 6 42 43 48 48 49
 4 4 4 4 21 26 28 48 48 49
 3 6 6 11 19 31 40 43 45 45
 3 3 3 3 3 34 34 43 43 43
 2 2 2 5 5 27 39 39 39 39
 6 6 6 8 15 34 42 47 45 45
 8 8 8 9 9 14 41 41 41 48
 3 3 3 3 3 25 25 42 48 49
 6 6 6 6 19 38 38 43 48 48
 4 4 4 6 14 33 36 36 36 47
 2 2 2 3 5 33 33 39 39 49
 4 9 9 13 16 37 48 44 44 44
 3 3 3 3 5 37 40 44 44 44
 7 7 7 7 7 35 38 46 46 46
 5 5 5 8 10 40 41 43 43 49
 7 7 7 9 12 37 37 47 47 47
 5 5 5 15 35 37 42 45 45 48
 4 4 4 8 9 44 44 48 48 48
 7 7 7 16 24 29 34 44 44 44
 5 5 5 7 10 30 38 48 48 49
 4 4 4 17 17 32 32 44 44 48
 3 5 5 10 10 32 36 48 48 48
 4 7 7 9 9 33 33 41 41 41
 8 8 8 16 16 35 45 47 47 47
 4 4 4 4 11 34 35 42 42 42
 6 6 6 10 13 23 45 47 47 47
 4 4 4 7 7 39 43 49 49 49
 9 9 14 15 16 39 39 46 46 46
 6 12 12 14 22 39 39 42 44 44
 3 5 5 8 34 40 40 42 42 48
 7 7 7 20 20 24 46 48 48 48
 3 3 3 3 3 39 46 47 47 47
 3 3 3 8 8 23 30 47 47 47
 3 3 5 7 15 40 40 46 46 48
 6 6 11 13 14 26 30 41 41 46
 2 2 2 4 16 45 45 45 45 49
 2 2 2 3 5 38 38 47 47 47
 8 8 12 16 24 36 43 49 49 49
 4 5 5 8 24 30 43 49 49 49
 4 5 5 7 7 25 43 43 47 47
 5 5 5 10 20 21 47 47 47 48
 5 5 5 6 6 38 44 49 49 49
 5 5 5 8 28 41 45 47 47 47
 5 5 5 10 10 32 32 39 39 40
# name: collectedB
# type: matrix
# rows: 100
# columns: 10
 37 63 69 171 207 218 277 295 296 299
 36 92 124 261 267 290 295 298 298 298
 44 110 110 250 251 272 292 293 295 295
 88 143 150 256 279 282 286 292 292 299
 52 132 192 272 272 288 296 296 296 299
 67 140 162 233 246 274 297 294 297 298
 63 149 196 282 290 291 292 291 299 299
 47 140 173 267 270 290 290 298 298 298
 34 36 135 273 275 294 294 294 294 299
 86 101 226 262 263 294 294 294 294 294
 43 49 220 266 273 294 294 294 294 294
 77 84 148 265 265 288 288 288 288 299
 44 198 201 261 289 298 298 298 298 298
 88 189 203 251 251 291 291 298 296 298
 36 136 151 262 262 289 288 288 288 299
 40 156 156 278 283 283 297 298 0 298
 88 88 161 244 287 298 298 298 295 295
 14 161 169 225 226 295 295 295 295 295
 35 87 87 258 293 294 295 298 298 295
 26 115 144 154 185 292 294 295 295 295
 88 90 191 247 283 290 290 295 295 299
 11 11 40 268 273 288 286 293 293 293
 41 44 65 211 267 289 275 295 295 295
 33 78 166 212 230 280 290 299 299 299
 27 27 27 213 240 296 296 296 296 299
 3 27 27 184 268 297 298 298 298 299
 12 41 41 187 259 289 289 291 291 296
 43 43 43 223 283 286 286 298 298 298
 5 149 149 262 263 281 295 295 295 295
 111 120 172 241 247 283 288 296 296 299
 32 32 32 228 230 275 275 298 298 298
 37 37 40 205 275 289 298 298 298 298
 81 81 81 246 275 286 286 286 298 298
 35 78 106 248 270 285 285 290 290 299
 19 25 44 182 255 283 286 295 298 298
 84 110 110 248 276 284 286 295 295 295
 34 54 75 173 277 291 293 293 293 293
 9 46 137 140 275 281 281 299 299 299
 5 5 5 5 269 287 292 294 294 298
 38 81 81 118 240 285 294 295 295 295
 38 38 90 215 248 289 292 292 292 294
 6 74 162 226 254 270 284 295 298 298
 37 37 43 175 272 288 288 299 299 299
 35 35 37 204 207 278 278 284 284 298
 26 58 58 229 259 275 275 285 296 297
 51 103 103 255 255 279 279 297 297 297
 34 34 34 48 224 282 293 297 298 298
 25 25 97 251 255 270 284 296 299 299
 21 61 71 106 178 267 284 292 299 299
 17 56 150 219 230 292 295 298 298 298
 2 2 2 2 205 276 295 297 297 297
 43 92 111 132 236 283 283 284 298 298
 34 34 34 79 214 279 286 295 286 295
 38 41 41 179 245 274 298 298 298 298
 44 46 60 69 224 294 295 295 295 295
 10 85 85 246 248 279 289 294 294 295
 7 24 60 175 246 283 283 296 297 299
 84 84 88 261 265 283 283 299 298 298
 12 64 66 190 227 261 298 298 298 298
 40 56 76 129 265 281 297 299 294 294
 3 100 100 213 218 282 282 290 290 290
 64 89 116 188 228 293 293 293 299 299
 32 49 49 198 255 296 298 299 299 299
 2 2 2 226 269 290 290 299 299 295
 3 201 201 278 278 280 284 297 297 297
 4 37 37 169 233 290 290 295 295 295
 39 90 95 215 252 295 296 296 298 298
 35 35 35 142 248 285 285 298 298 298
 36 52 83 221 264 290 292 294 295 295
 3 3 3 261 266 293 293 299 299 299
 67 67 68 215 223 260 268 294 294 297
 78 92 96 215 215 293 293 294 294 294
 3 35 35 195 255 291 291 297 298 298
 25 37 37 154 250 285 298 298 298 298
 14 17 19 227 249 284 289 291 291 299
 30 40 40 167 248 283 289 294 296 299
 3 3 198 247 279 280 293 295 295 299
 24 35 36 247 280 292 294 295 298 298
 3 3 136 239 241 278 293 296 295 299
 36 136 141 245 278 289 298 298 298 298
 40 86 131 145 267 297 297 293 293 294
 65 99 151 253 276 296 296 296 294 294
 46 59 69 233 233 250 284 296 296 298
 58 58 58 60 284 291 291 295 295 295
 10 42 138 254 271 288 288 298 298 298
 3 142 142 189 253 270 291 292 293 293
 45 137 149 241 242 281 290 298 298 297
 56 56 56 239 245 282 283 283 283 295
 15 106 106 250 285 293 298 298 298 297
 44 135 135 204 206 284 291 293 293 293
 42 127 127 244 275 295 295 296 296 297
 39 135 135 230 279 279 279 281 297 299
 37 117 176 209 254 295 295 295 295 295
 8 37 133 263 270 297 297 298 298 298
 3 3 103 242 245 256 256 281 292 292
 36 56 56 234 244 280 298 298 298 298
 2 2 2 207 237 272 293 296 296 296
 3 34 38 209 258 281 295 295 295 295
 6 6 86 252 253 282 284 299 299 299
 94 124 124 241 272 284 286 297 284 298
# name: avgRateA
# type: matrix
# rows: 100
# columns: 10
 0.0436334787782626 0.04128169844702182 0.03714020427112349 0.02208769633507853 0.01525768535262206 0.007261614801591504 0.004112370524584265 0.0009261742635467458 0.0004710759374411155 9.560716926293245e-05
 0.04956629491945477 0.04595997034840623 0.04152712659075686 0.02514396950279828 0.0172090904489548 0.006474487436411284 0.003635922918434129 0.0008621284226498379 0.0004400336772440984 8.956558898032762e-05
 0.04695837780149413 0.04353775345192188 0.03941441441441441 0.02459856508370345 0.01709819247679531 0.006358434008538469 0.00359810842300048 0.0009277087676051671 0.0004762492552530779 9.740625045969787e-05
 0.04513540621865596 0.03530942204051291 0.02998334258745142 0.02079922113554897 0.01668915559974434 0.006725514922236234 0.00393303999410044 0.0009208138459708638 0.0004696902979597828 9.745243426236661e-05
 0.05988023952095808 0.0422237860661506 0.03756574004507889 0.0223356732610083 0.01968503937007874 0.006450260429264831 0.003867673980867906 0.0008852231243372853 0.0004508380687665267 9.159835951320649e-05
 0.06134969325153374 0.03445305770887166 0.02250984805852561 0.0276960360048468 0.01918754454251412 0.006544203813901106 0.00369720731875086 0.0008600572224738687 0.0004567616763347888 9.342851645057512e-05
 0.08205128205128205 0.05188067444876784 0.03773584905660377 0.02201285550761645 0.01687407719890318 0.006708507878769809 0.003894242321299848 0.0008999159440213989 0.0004594554963585708 9.354067785545855e-05
 0.0663129973474801 0.03872966692486444 0.03289473684210526 0.02689503857314742 0.01935812531839022 0.007252508159071679 0.004110152075626798 0.0009259830853756404 0.0004710278612979958 9.560515072749544e-05
 0.05281690140845071 0.03262642740619903 0.02142474558114623 0.02592165898617512 0.01918700638079514 0.006743194078534688 0.004052445397519566 0.0009230183469125997 0.0004702590539563482 9.557343663759907e-05
 0.06535947712418301 0.04040404040404041 0.02768804799261652 0.02317703690497415 0.01827972926238822 0.006007273671905442 0.003298094236357478 0.0006065918928015153 0.0004769478452664386 9.741165309762098e-05
 0.06718924972004479 0.05430566330488751 0.04197901049475262 0.02383888203863543 0.01717622810030917 0.00666212869494692 0.003844835800436305 0.000899091343854615 0.0004677674143474011 9.547036858324757e-05
 0.05988023952095808 0.04608294930875576 0.03618817852834741 0.01272984441301273 0.01917545541706615 0.007161650916224253 0.00405249271413544 0.0009081406110820206 0.0004615884732519301 8.957156130795181e-05
 0.05366726296958856 0.02785515320334262 0.01882057716436637 0.0227811190085657 0.01781223805532272 0.006517185196679339 0.003650332875593179 0.0008129703614233949 0.0004128551291351864 9.539873990189432e-05
 0.0922266139657444 0.05481597494126859 0.03798155181768855 0.02726588943211734 0.01899061978477298 0.006659087217800877 0.00365457981245766 0.0009009699804470345 0.0004597278411180581 9.355199819106263e-05
 0.07444168734491316 0.0449438202247191 0.04045307443365696 0.02172260236776366 0.01723642631427751 0.006975230182596026 0.00401208748057979 0.000939773917246194 0.0004794173416014888 9.753838981635513e-05
 0.03992015968063872 0.02219755826859046 0.04354136429608128 0.01626898047722343 0.01752176531785577 0.005712793392746384 0.003524638079845948 0.0008073926408083154 0.0004763784350287869 9.741204040651435e-05
 0.06915629322268327 0.04012841091492777 0.02757859900717043 0.01620947630922693 0.0151984567720816 0.005555555555555556 0.003040492202031764 0.0007553148016523964 0.0003922106955856686 8.744940108091435e-05
 0.07556675062972291 0.05552751135790005 0.04253673627223511 0.0241196333815726 0.01956342668863262 0.00662638246848524 0.003683919690550746 0.000831407882906834 0.0004224508041301934 8.758840456924819e-05
 0.07526881720430108 0.04701141705842848 0.03946329913180742 0.01863585538576221 0.01786840445659029 0.006769126628821094 0.003805339583315315 0.0008840475540710389 0.0004679744602938295 9.547872435650324e-05
 0.05893909626719057 0.03099173553719008 0.01985440105890139 0.01300202253683906 0.01845585973546601 0.006951309935739001 0.003901880706500533 0.0009362294029531351 0.0004784217160498769 9.161222377918746e-05
 0.07309941520467836 0.0427715996578272 0.02891844997108155 0.0186046511627907 0.01317340359148582 0.00462384189885774 0.002621113521330441 0.0008607086501219337 0.0004571757626810343 9.344744525620009e-05
 0.07352941176470588 0.04332755632582322 0.02922267679719462 0.01570979720079977 0.009533645825057599 0.006502584777449036 0.003567574317032491 0.0008846051776325658 0.0004506181305225211 9.158531998815762e-05
 0.08676789587852494 0.06582278481012659 0.05046583850931677 0.01949046359459836 0.01173984503404555 0.0050195589711635 0.004145220905730768 0.0009274394555930396 0.0004713442344780452 9.561419671624993e-05
 0.05988023952095808 0.03194888178913738 0.02040816326530612 0.009669621273166801 0.005973715651135006 0.00642085493683484 0.003543209439109946 0.0009161511725780685 0.0004684261272479574 9.549181167661936e-05
 0.07518796992481203 0.04432624113475177 0.02986857825567503 0.01717721156598912 0.01542020046260601 0.005322528029119379 0.003779555243034192 0.000869847602700007 0.0004600928212793908 9.3560620613475e-05
 0.07643312101910828 0.04765687053216838 0.03309431880860452 0.0228310502283105 0.0141653619622754 0.006007758591094785 0.003520395728586516 0.0008862447114310155 0.0004510697216507583 9.3507923901262e-05
 0.05988023952095808 0.03121748178980229 0.02006688963210702 0.01230958609016772 0.006805614632071459 0.006100677669870897 0.003324707066350371 0.000868727545806073 0.0004417177914110429 8.962941820747935e-05
 0.06666666666666667 0.03777148253068933 0.02891844997108155 0.008392077878482713 0.008284317786430288 0.005328932666357244 0.003394008681516943 0.0007931318649431847 0.0004028739653017428 9.535033999348836e-05
 0.05988023952095808 0.03329633740288569 0.02466091245376079 0.006876396768093518 0.004456725198324271 0.0064933008140382 0.004022939313532484 0.0009409613936982471 0.0004428039923207947 8.967441015162148e-05
 0.05988023952095808 0.04996431120628123 0.03575076608784473 0.02708497912199526 0.01778385772913817 0.006870603631604777 0.003758187479866852 0.0009033892473614306 0.0004689400489456176 9.742637300104445e-05
 0.05988023952095808 0.0310880829015544 0.02004008016032064 0.01588677065280185 0.01028888009497428 0.005381290468172271 0.00286419114318184 0.0006080195821532524 0.0003067515015980764 9.746544104206072e-05
 0.05988023952095808 0.03329633740288569 0.03234501347708895 0.01704061346208463 0.01629881154499151 0.006379156944048079 0.004119110958551446 0.0009426557498153164 0.0004801657257704945 9.756929012566924e-05
 0.06768189509306261 0.03816793893129771 0.02517306482064191 0.01490090895544628 0.008356313194618534 0.007251060073456391 0.004031551270815075 0.0008919966569516597 0.0004525888574591071 9.743185536499564e-05
 0.08492569002123142 0.05590496156533892 0.04022121669180492 0.02265156562291806 0.01605253557095951 0.005993048064245475 0.003209654641160611 0.0007561304732213484 0.0003836841747986396 7.771735751419238e-05
 0.08307372793354102 0.05521048999309869 0.03986048829098156 0.0140361821584529 0.008429570934839417 0.006519542328128566 0.003571651799666051 0.000921958162306893 0.000478538523816081 9.750197938967342e-05
 0.05988023952095808 0.032017075773746 0.02044989775051125 0.005363847666726265 0.002799552071668533 0.005662608463934181 0.003071974556822494 0.0009192162149740321 0.0004522297877862565 9.165168692899504e-05
 0.07984031936127745 0.0486223662884927 0.03374578177727783 0.01402087552578283 0.007736611364222471 0.005569620253164557 0.003743231714748333 0.0008869829467887361 0.0004512715065208733 9.749388971968716e-05
 0.07153075822603719 0.04731861198738171 0.03311258278145696 0.01516990291262136 0.0130789352208032 0.005616830065359477 0.003489807971079335 0.0007765497506304613 0.0004687934915836918 9.743286279225882e-05
 0.06622516556291391 0.03795066413662239 0.02520478890989288 0.009899356541824781 0.007621305783724277 0.005380636650814038 0.002864349931163203 0.0008783453501160944 0.0004765985260461095 9.741912870319434e-05
 0.05988023952095808 0.04329004329004329 0.02946375957572187 0.008507742045261188 0.01050589946662357 0.006226219301279834 0.003319900034121195 0.0008713213297525254 0.0004697266093274004 9.746842669449356e-05
 0.07984031936127745 0.04770992366412214 0.03158559696778269 0.008719916288803628 0.00619743249225321 0.007018116533376856 0.003975335253273027 0.0009085074961533407 0.0004616669122341732 9.556306654713321e-05
 0.08053691275167785 0.04966887417218543 0.03428571428571429 0.0154273372415921 0.01478633742422002 0.006072259892723408 0.003275943653769155 0.0008887961449433295 0.0004517647798285062 9.163673366042335e-05
 0.05988023952095808 0.03181336161187699 0.02040816326530612 0.01625295508274232 0.009175842509175842 0.006853338554924614 0.003753787303261326 0.0008178637010669227 0.0004420271561839108 8.964645232133512e-05
 0.07984031936127745 0.03917727717923605 0.02570694087403599 0.0127449418512028 0.01815515676279589 0.004866267752865691 0.0025454168355755 0.0009280329761050842 0.0004799818194641444 9.756169433204386e-05
 0.05988023952095808 0.03329633740288569 0.02141327623126339 0.006984459577440195 0.006141967184346757 0.005948738867360119 0.003864666409022239 0.0009255581308353549 0.0004398250864500643 9.344744525620009e-05
 0.07704160246533127 0.04537205081669692 0.03046922608165753 0.01285966886352676 0.00701877522372346 0.006358917952772144 0.003839045773924844 0.00083716873427875 0.0004703595114532541 9.359059729120933e-05
 0.07507507507507508 0.04468275245755138 0.0301568154402895 0.01976284584980237 0.01390605686032138 0.005710824608462403 0.003950972817307017 0.0009438232546492926 0.0004804359613180417 9.757898570826313e-05
 0.08528784648187633 0.05669737774627924 0.04320691310609697 0.01552553951249806 0.008614006374364717 0.006600548353247808 0.003556674235999015 0.0008912448753419668 0.0004523600904326825 9.16449308797993e-05
 0.05988023952095808 0.03285870755750274 0.02083333333333333 0.02535496957403651 0.01844364049088458 0.007092438110034111 0.003825589550675398 0.0008765027152106333 0.000452551010369321 9.166783244236186e-05
 0.03992015968063872 0.02219755826859046 0.01427551748750892 0.003703017959637104 0.001911497658415369 0.005326460481099657 0.003643537608417461 0.0009224471754859663 0.0004700734587711301 9.556464570004886e-05
 0.07984031936127745 0.05177514792899409 0.03674540682414698 0.01768867924528302 0.01069430733794011 0.002452598811432884 0.002139733928737557 0.0009265586453712605 0.0004711392834953038 9.560861656722043e-05
 0.08032128514056225 0.04958677685950413 0.03414911781445646 0.01537515375153752 0.009954375777685608 0.006568089191282967 0.003982195162960275 0.0008744978924600792 0.0004432004191691076 8.969500111819768e-05
 0.08908685968819599 0.0582665695557174 0.04151530877010898 0.01433577572475311 0.007865070348684786 0.007032808871152399 0.003848942435933011 0.0008377265270975308 0.0004240405343305189 8.571677463325679e-05
 0.07792207792207792 0.048582995951417 0.03365114974761638 0.01864868741930856 0.01068112726973955 0.005828404902717065 0.003510572223272394 0.0007607262399837711 0.0004510414154071826 9.160527287916368e-05
 0.05988023952095808 0.03218884120171674 0.02053388090349076 0.006971070059254096 0.006129060502582962 0.0054335442483305 0.002953037475891218 0.0009066480450160399 0.0004700062569582958 9.361065456553104e-05
 0.07978723404255318 0.04926108374384237 0.0339366515837104 0.01409112259276656 0.007780755597821388 0.00599880023995201 0.00321316110789795 0.000907591715039374 0.000461076781056219 9.360787660490207e-05
 0.05988023952095808 0.03835091083413231 0.02528445006321113 0.006974716652136007 0.00532812361246781 0.006847081838930551 0.003817132711939636 0.0009231372820530573 0.0004702392440120421 9.750747026619141e-05
 0.06837606837606838 0.03864734299516908 0.02541296060991105 0.006986899563318777 0.01536210680321873 0.004646009792359101 0.002598921447599246 0.0009225907886998005 0.000470096477508332 9.748103048987798e-05
 0.05988023952095808 0.04765687053216838 0.03309431880860452 0.01646460110761862 0.0143104617006854 0.005361466620546524 0.003572864097181903 0.0008324363670153866 0.0004411591702286185 8.961201581632165e-05
 0.05988023952095808 0.03218884120171674 0.02049180327868852 0.005366726296958855 0.002804000373866716 0.00588795566715733 0.003138384285925269 0.0008330556481172943 0.0004228254969674562 8.568167543940751e-05
 0.03992015968063872 0.02219755826859046 0.01427551748750892 0.008424599831508003 0.00450815976918222 0.004572241414346678 0.003417125934233468 0.000756233105946319 0.0003836600181992573 7.771816285422543e-05
 0.08264462809917356 0.05033557046979865 0.03444316877152698 0.01286794273765482 0.01175548589341693 0.005844836774337728 0.003736122971818958 0.0009079388628741868 0.0004420275903799079 8.964686307696721e-05
 0.08820286659316427 0.0580130529369108 0.04121586810922205 0.01428571428571429 0.007831534980856248 0.002627824911780163 0.003681951254557538 0.0007993309015477775 0.000404445347596115 9.55884915439035e-05
 0.05988023952095808 0.03260869565217391 0.02066115702479339 0.005385996409335727 0.00280925180260324 0.004449190247374978 0.002341372044017795 0.0008129451842675751 0.0004685006515087185 9.74229250457838e-05
 0.0821917808219178 0.0505050505050505 0.03448275862068965 0.01013000168833362 0.01422901220699468 0.006485305662695839 0.003480490932405202 0.0008350552301645254 0.0004690151951152067 9.552141858858747e-05
 0.06745362563237774 0.03853564547206166 0.02530044275774826 0.00991407799074686 0.01119820828667413 0.005645464809936019 0.003254590328442408 0.0007028888732691362 0.0003553968993594958 9.349938558967576e-05
 0.03992015968063872 0.02219755826859046 0.01427551748750892 0.005294740557712672 0.004457917261055635 0.005636978579481398 0.003023805596789268 0.0007569626002247597 0.000383858645530163 9.741905122989563e-05
 0.06980802792321117 0.0587467362924282 0.04277566539923954 0.01891734575087311 0.01263823064770932 0.006223403360637814 0.004191151431540161 0.0008464273072838918 0.0004311569705343407 8.761116413135224e-05
 0.05988023952095808 0.03167898627243928 0.02022926500337154 0.005341880341880342 0.004480286738351254 0.006128161385958229 0.003563252180264927 0.0008490291159098408 0.0004318327472512373 8.764058595699039e-05
 0.08083140877598154 0.05243445692883895 0.0368809272918862 0.01145850384678344 0.006199628022318661 0.005983519677231854 0.003424595807573764 0.0008864889449047121 0.0004511688214881902 9.161222377918746e-05
 0.07462686567164178 0.04448398576512455 0.02986857825567503 0.01265022137887413 0.008370302167908262 0.006546537699873979 0.003647946473058581 0.0008337825417569931 0.0004230176703334756 9.727659288931929e-05
 0.08620689655172413 0.05477308294209703 0.03806416530723219 0.01421351863550221 0.009912440112340989 0.006252957479889137 0.003370776280667231 0.000903844415683816 0.0004604804868944314 9.358331094966553e-05
 0.07496251874062969 0.04460303300624443 0.0299043062200957 0.02052545155993432 0.02179734695148533 0.006419821633063817 0.003783477015377132 0.0008718733652374402 0.0004425144259702866 9.552223598449992e-05
 0.07092198581560284 0.0396039603960396 0.02577319587628866 0.01261232855115876 0.00764525993883792 0.007072704184147498 0.00390043259343309 0.0009272835807055469 0.0004713164654407202 9.560716926293245e-05
 0.08177570093457945 0.05271084337349397 0.0369783412572636 0.02137608550434202 0.01670843776106934 0.005068866671327694 0.003085327453062188 0.0008464142813173285 0.0004311079670711896 8.761046634453891e-05
 0.07485029940119761 0.04444444444444445 0.02981514609421586 0.01131221719457014 0.008325008325008324 0.005109687968388064 0.003352891869237217 0.0009165902841429881 0.0004685372365088119 9.740996833977234e-05
 0.06611570247933884 0.03787878787878788 0.02495321272613849 0.02179207793872581 0.01299694189602446 0.005434413423001155 0.002922748113914107 0.0008489062614554112 0.0004317632524333294 9.550399047506869e-05
 0.05988023952095808 0.04291845493562232 0.02905287623474724 0.01495662578522285 0.008380824673147838 0.005458794629910783 0.003241082521562202 0.000916646296748961 0.0004685619346141343 9.550307838255987e-05
 0.07984031936127745 0.05113221329437546 0.03611971104231166 0.01387818041634541 0.007679180887372013 0.005644209554107446 0.003025468947686892 0.000791675436242129 0.0004024923109243285 8.166909316830068e-05
 0.08113590263691683 0.05442176870748299 0.03911980440097799 0.02150537634408602 0.01257861635220126 0.006002195088489505 0.00398406374501992 0.000909766635179708 0.0004619695827431754 9.36443761172571e-05
 0.06644518272425248 0.03795066413662239 0.02507836990595611 0.006945650286508074 0.009060955518945634 0.005734235069907071 0.003162041052327262 0.0008058296015748213 0.000411009576523133 8.360764603866973e-05
 0.08620689655172414 0.05176876617773943 0.0351493848857645 0.01533036946190403 0.01053313887538486 0.004104504247269612 0.003926667306568005 0.0009063333416895981 0.0004610939699700289 9.360757831020795e-05
 0.06666666666666667 0.03798670465337132 0.02509410288582183 0.01114294810569882 0.00608695652173913 0.006391137622496805 0.003774446121976054 0.0009448988958181474 0.0004807149899687535 9.759087951489764e-05
 0.08538899430740038 0.05813953488372093 0.05185185185185185 0.02091175240485153 0.01263224380230538 0.006573070635228288 0.00354748628760108 0.0008886038488137139 0.0004516778358740211 9.163220664895243e-05
 0.07782101167315175 0.06451612903225806 0.04916018025399427 0.01990049751243781 0.01567956667379374 0.006309352401598369 0.003469226184651788 0.0008122172952003759 0.0004309268354789899 8.760232050583173e-05
 0.05988023952095808 0.04184100418410042 0.02862049227246709 0.01237432327919567 0.02092951677439212 0.006712197741345459 0.003629797003602574 0.0008178286648947046 0.0004140819409006479 9.544020502146708e-05
 0.09090909090909091 0.05658852061438965 0.03908431044109436 0.02509410288582183 0.01509661835748792 0.004335181806687018 0.004035831161880697 0.0009256937882089754 0.0004709280421951526 9.559218462196578e-05
 0.05988023952095808 0.032017075773746 0.0203942895989123 0.005352363960749331 0.002795117860803131 0.006390195146728711 0.003997149858361864 0.000907914308343153 0.0004615064355599546 9.362428574132009e-05
 0.05988023952095808 0.03329633740288569 0.02004008016032064 0.01241850357031977 0.006854009595613434 0.004103552248925048 0.002724325502411028 0.000904615076661316 0.0004606515376940372 9.35890318433694e-05
 0.05988023952095808 0.03329633740288569 0.0286368843069874 0.01111993645750596 0.01140337539911814 0.006550718941403819 0.003582078859466091 0.0008906598821618252 0.0004522191178581329 9.552677944001007e-05
 0.07822685788787484 0.04854368932038835 0.04639392661324336 0.01860864586315488 0.01124136823510519 0.004614428964415654 0.002748611950964763 0.0007872005038083224 0.0004013516741259344 9.145623779258044e-05
 0.03992015968063872 0.02219755826859046 0.01427551748750892 0.006841115101761586 0.0119841210396225 0.007322192752656329 0.004015526703252577 0.0008760948752343554 0.0004436299180073327 9.75046568423097e-05
 0.03992015968063872 0.02219755826859046 0.01427551748750892 0.005276116778051354 0.004428697962798937 0.006182480801770142 0.003390616913824794 0.0008991446647242591 0.0004592377630235433 9.353138903465856e-05
 0.08230452674897119 0.0546448087431694 0.04748713889988129 0.02134187008136588 0.0165826020866441 0.006 0.003771466661988879 0.000937182027526375 0.0004787433085852353 9.751047789885218e-05
 0.06633499170812604 0.0423728813559322 0.02880184331797235 0.01233806292412091 0.01614205004035513 0.005173127327907298 0.003797882018353486 0.0009449335171775415 0.0004807362131721722 9.758604001824261e-05
 0.06655574043261231 0.04251700680272109 0.02888503755054882 0.01107594936708861 0.006061130833838427 0.004344803614876607 0.003762029746281715 0.0008335287926044673 0.0004583572670594236 9.349445677333523e-05
 0.07183908045977012 0.04280821917808219 0.02915451895043732 0.01490535102101655 0.01438331535418914 0.003800423475758727 0.004093042698273084 0.0009101489352225701 0.0004620931245458951 9.555973717886951e-05
 0.07256894049346879 0.04306632213608958 0.02925687536571094 0.00984898227183191 0.005308794903556892 0.006417184544717644 0.003891842168109891 0.0009422968196520809 0.0004800537660217945 9.755747927401308e-05
 0.07142857142857142 0.04266211604095563 0.02905287623474724 0.0124591185173649 0.01850261018965176 0.006782689253573319 0.003958619233611316 0.0009095219204458592 0.0004619314434767909 9.364269692561064e-05
 0.07309941520467836 0.04329004329004329 0.02937720329024677 0.01493875112040633 0.008364700961940611 0.005441436539246361 0.002924912024130524 0.0007567569665299977 0.0003838318226106469 7.966784880476318e-05
# name: avgRateB
# type: matrix
# rows: 100
# columns: 10
 0.1035544360481388 0.0945661963374362 0.08718726307808947 0.07800739017380594 0.06552706552706553 0.02955571523475101 0.02043481147595405 0.005408051213328371 0.002825770261059167 0.0005917938578131139
 0.1139240506329114 0.09904187748950372 0.09194038703937124 0.07392720577821839 0.06405181720043181 0.0326212893283389 0.02067230541754553 0.005433771803465215 0.002840521855337369 0.0005900171085162239
 0.1130814700591108 0.1015603360723848 0.0953619419159081 0.07742814667988107 0.06617802151444843 0.03230864256188531 0.02046939404985559 0.005371750824096244 0.002811205177954053 0.000584045885812496
 0.1189832341806382 0.1129631092503357 0.1061345786457228 0.08154684165259771 0.06832708838439497 0.03388119953863898 0.02096681964136475 0.005388269073918932 0.002800679836256143 0.0005909808028088785
 0.1067323481116585 0.102803738317757 0.09673031386971635 0.07828239221780925 0.0676869478661192 0.03344559284635931 0.02113772369567391 0.005435670855438701 0.002831904465320173 0.0005915750220010509
 0.1103789126853377 0.1012218928493963 0.09352808729288148 0.07338582677165355 0.06080980867157759 0.03137524332989809 0.01974786563472433 0.005370382886379869 0.002826934498880648 0.000589519063226513
 0.1263791374122367 0.1072791417668659 0.1007867537409369 0.07594527631153722 0.06406008394079965 0.03327958280440525 0.02096887701610008 0.005346444063517961 0.002862098540425467 0.0005924489899438224
 0.1205128205128205 0.1048610590966969 0.1004354136429608 0.08154912800464249 0.06938198638057304 0.03376726205724133 0.02124713346863117 0.005479381528600349 0.002852935939142473 0.0005905506349608354
 0.1160013647219379 0.09353078721745908 0.08900903276851058 0.07204687005172596 0.06246734661426981 0.03220118070995936 0.02071618822136727 0.005409493108416178 0.002815630773120495 0.0005914261797270974
 0.1085173501577287 0.09793464559294095 0.09639993175226071 0.07868813070639116 0.06720842277420015 0.03199930341652427 0.02063331648980967 0.005403855485464732 0.002814102674546154 0.000582600458946484
 0.1073122036436237 0.0896778916544656 0.09006796037009744 0.0721179915410476 0.06163919620681869 0.03140790752828314 0.02038580482325369 0.00538675627492978 0.002809461195033943 0.0005824012602053936
 0.1102520045819015 0.09875382083235364 0.08817921830314585 0.07189950348644762 0.06261666784811322 0.03201458442179215 0.02048757585026997 0.005312271161930199 0.002761736902366847 0.0005908592298634088
 0.1240135287485908 0.1091931836982298 0.1048130573082338 0.08324562242847573 0.06800160003764795 0.03420922730768789 0.02163684944237919 0.005525804393941641 0.002843796372728184 0.0005900782111046383
 0.1254633589962931 0.1118144708039993 0.1053396294950963 0.08164460202322479 0.06935234305923961 0.0331461506042623 0.02102418865416293 0.005445926337450064 0.002836928373309104 0.0005904037985550165
 0.1252609603340292 0.1179224833087662 0.1093885830194147 0.08021062943913788 0.06878084637194162 0.03372110661237063 0.02054779860303508 0.005314839659776444 0.002762947719848613 0.0005908620321345948
 0.1298279779292437 0.1096660808435852 0.1049092131809011 0.07605811058520971 0.06527505478030216 0.03344995508486596 0.02110139326034288 0.00548914144670191 0 0.0005909102536214569
 0.1306025526862571 0.1187424099311834 0.1089457301393964 0.08119530132108749 0.0650174437044085 0.03321000312040297 0.02123717217787913 0.005499545087965039 0.002839495359109534 0.0005852599794266238
 0.09510869565217392 0.1088352599202325 0.10326286203104 0.07990056818181818 0.0668263402229516 0.03241010316300634 0.02083142084413154 0.005431060511219283 0.002830816944982353 0.0005848907453827832
 0.1183231913455037 0.1044417767106843 0.09702241552358648 0.08025881913768432 0.06480723717679325 0.03388228786115176 0.02132612341680643 0.005492176413129619 0.002856017427456678 0.0005844566623403666
 0.1067323481116585 0.1097852028639618 0.1041290042663967 0.07784067933683785 0.06322192604743354 0.03204565408252853 0.02055829044528977 0.005396940392165472 0.002816479171897839 0.0005844823695351146
 0.1291458761373643 0.1185770750988142 0.1056649701261341 0.08552039332456202 0.06950072447751664 0.03451025192483905 0.02154051845799599 0.005453550538699873 0.002831841416880655 0.0005920222331078633
 0.09189640768588136 0.06451612903225806 0.082423243354626 0.07633805224029397 0.06606969990319458 0.03318316415296517 0.02078367536771118 0.005391410911994877 0.002810956012855567 0.0005808967062561981
 0.1227912548667266 0.1046622264509991 0.0916138125440451 0.07471671388101983 0.0629093822157297 0.03248249429589416 0.0203229501533459 0.005429491155450933 0.002825719217381143 0.0005846730438970539
 0.1237345331833521 0.1024832479306267 0.1069794419024296 0.08270588694261304 0.06781060204021463 0.03227926172717107 0.020341170529151 0.005371958734733037 0.002827794859087861 0.0005909997264402604
 0.1079568172730908 0.08829300196206671 0.07383100902379 0.07532890083463008 0.06304176516942474 0.03204919985274692 0.02070654074851347 0.005434882397223804 0.002831460201244121 0.0005915245804181624
 0.05905511811023623 0.08893280632411067 0.07435968052877995 0.07476635514018691 0.06428708501247361 0.03288890857547839 0.02101610764760642 0.005483242988625031 0.002853750095763426 0.0005921501486811786
 0.09592326139088729 0.09920154851197677 0.08655267046654001 0.07929776948520058 0.06518839193576804 0.03286182115891931 0.02085287538783462 0.005360280871349575 0.00278832048246568 0.0005855515549460017
 0.1262848751835536 0.1082305562547193 0.09392747924858016 0.08350496161767459 0.06660860969237649 0.0339328935503773 0.02119696127478229 0.005482425881465537 0.002853569739137762 0.0005905398683769864
 0.07204610951008646 0.1087432491607065 0.1041157151841241 0.08226834552705121 0.07030581693755346 0.03372458654376995 0.02076850509004379 0.005426035775049432 0.002824536895632883 0.0005845864952196678
 0.1368174534697399 0.12561499005548 0.1167447227312835 0.086056061417604 0.07152371575838304 0.03460207612456748 0.02134661567197367 0.005373981939063402 0.002815224276363719 0.0005907827614727443
 0.1098523858565053 0.09229881742140179 0.07866273352999016 0.07941207202814253 0.06684103458297007 0.03286918066096934 0.02047105764649833 0.005430118205291268 0.002839382424794478 0.0005899480766504887
 0.1177968799745304 0.1000270343336037 0.08552490912978405 0.0752680276105155 0.06341519658710942 0.03243000617180048 0.02085170102299285 0.005472770213438038 0.002851008951020049 0.0005904498891321357
 0.1245962159667743 0.114584806903381 0.10546875 0.08478665471841181 0.07030191476851497 0.034452020141181 0.02139597516271415 0.005343167751180261 0.002856425327482454 0.0005906831428941809
 0.1230661040787623 0.1092283993838398 0.1006456513482719 0.08201329409041304 0.06917401106784177 0.0338098345097574 0.02111861995376134 0.005361712198080138 0.002784314516167747 0.0005919048011199868
 0.1050884955752212 0.08468834688346884 0.08148148148148149 0.07604245007102865 0.06586083991941732 0.03283329272678756 0.02058664747165737 0.005399973274708539 0.002831644482284168 0.000589618325020968
 0.1247216035634744 0.1151711862632185 0.1083316919440615 0.08031088082901554 0.06854928842858207 0.0341695241532816 0.02116245514077472 0.00543662553260501 0.002827447131530924 0.0005847315685672095
 0.114247311827957 0.09977827050997781 0.09476876421531463 0.075423987443868 0.06718571879017197 0.03355046982187122 0.02110434043534005 0.005421137254684289 0.002817464820153432 0.0005811740469489453
 0.08937437934458788 0.1007225749945259 0.1013838525863983 0.07630675314765356 0.06828735318219066 0.03376186471224318 0.02099380645354093 0.005475668983906295 0.002856384066153473 0.000592257471555795
 0.0744047619047619 0.04428697962798937 0.02995805871779509 0.008558712769599451 0.06549952518931555 0.03320990511455681 0.02088982050493272 0.005409194526778273 0.002815447421519403 0.0005898717048836231
 0.1230968577907353 0.1067193675889328 0.09894942584901051 0.07055728294666347 0.06617951192609954 0.03324041568014556 0.02103019334902253 0.005418073222963815 0.002822439831801721 0.0005845153753302017
 0.1191969887076537 0.101931330472103 0.1005474248687298 0.08052132878918393 0.06871900024938346 0.03409908793789011 0.02133941360460697 0.005422701433858828 0.002809864549132214 0.0005826461807741029
 0.08053691275167785 0.1110944302657259 0.1065298875517854 0.08546685323147903 0.07108872096277638 0.03356831151393085 0.0209262056515492 0.00540139703930203 0.002831838224114338 0.0005896323246729272
 0.1169036334913112 0.100162425554954 0.08780886256891975 0.07811453823148685 0.06631396737937928 0.03335495228388771 0.02103064778776571 0.005446265938069217 0.002848403036645324 0.0005919164016075578
 0.1123595505617977 0.09602194787379972 0.08277404921700224 0.08208264595823442 0.06758300956609749 0.03286867898650966 0.02056578090785346 0.005261051913985506 0.002729404528504978 0.0005896976651732276
 0.105050505050505 0.1042977881675957 0.09424764380890478 0.08293495581631176 0.06935147003695175 0.03366055472594189 0.02078750633074056 0.00527650750745191 0.002822310747855139 0.0005876195098382741
 0.1239669421487603 0.108741554054054 0.1023246572620703 0.08598017398341087 0.07303242066674304 0.03461066107603181 0.02126524390243903 0.005467297461480405 0.002832177734887185 0.0005880802664221414
 0.1212553495007133 0.1019796040791842 0.08658008658008658 0.0486470051687443 0.064402978637762 0.03281626383345165 0.02078898822193841 0.005423458925059485 0.002836315112705455 0.0005898273389326026
 0.1069747539580659 0.08735150244584207 0.09494909945184025 0.08419428418086677 0.07135861200503708 0.03374662533746625 0.02092898148079913 0.005441536572273165 0.002854246335777739 0.0005921704373465853
 0.1115834218916047 0.1074700493305144 0.09691509691509691 0.07067609014535271 0.06306465899025686 0.03250666569268417 0.02041623234247511 0.00536987792722712 0.002839940389746201 0.0005916840098682603
 0.10625 0.1032067821599705 0.1037416142195172 0.08326046458578869 0.06976038823172581 0.0333196403304578 0.02113846771188627 0.005482910063715831 0.002853725500335648 0.0005905772020156519
 0.03992015968063872 0.02219755826859046 0.01427551748750892 0.003686635944700461 0.06925207756232687 0.03390746701393155 0.02138378456743141 0.005485960006058569 0.002849954228007853 0.0005888432639998477
 0.122472230133865 0.111854103343465 0.1042449286250939 0.07710280373831775 0.06948329162373031 0.03305765816278853 0.02078147144567077 0.005272587187984442 0.002859602169843096 0.0005908259012523724
 0.1185081910073196 0.1002063071028588 0.08542713567839195 0.06357125613583327 0.06652987626686564 0.03372823984526113 0.02097727706142088 0.005415387778479433 0.002755938517517073 0.0005846070004211152
 0.1318986463033669 0.1108108108108108 0.09557109557109557 0.084037558685446 0.06992208681754616 0.03357226000122526 0.02139590318712799 0.005509692806892663 0.002860922676364363 0.0005904037985550165
 0.1182795698924731 0.1030927835051546 0.09142160597287827 0.05793450881612091 0.0658165364047717 0.03280334728033473 0.02096614855404647 0.005439793472247833 0.002828211554059107 0.0005847694709897848
 0.09372071227741331 0.1023603082851638 0.09547343592047625 0.07842887202703565 0.06712135974883619 0.03284748875650475 0.02076015200166656 0.005383944856684515 0.002808478931631688 0.0005839158306113619
 0.08092485549132948 0.08528784648187634 0.08712066211703208 0.07455056658430603 0.06480164374901218 0.0328066494325493 0.02068123853579754 0.005442817319927331 0.002836993245663555 0.00059252929552032
 0.1257108650104759 0.1161504424778761 0.1062545278918136 0.0819697873810496 0.07028245590770454 0.03405412560316716 0.02116932467610185 0.005505462191836817 0.002851527289498916 0.0005904769151266712
 0.09732360097323602 0.1048492791612058 0.09507346585998271 0.08246885715525847 0.06720549486336856 0.03245864942171372 0.0213245554402662 0.005504868483519569 0.002859514362342691 0.0005908310554284784
 0.1289906481780071 0.1105190447996842 0.09822928783766317 0.07569978287659175 0.06682974806445918 0.03313679245283019 0.0210988448915221 0.005487648203208163 0.002816534398123843 0.0005826957208530744
 0.05988023952095808 0.1077586206896552 0.1011224592982101 0.07609860664523044 0.06401033561382388 0.03238327094003353 0.02048376552625844 0.005342205078042248 0.002781833285690441 0.0005749344822506821
 0.1184965747083873 0.1066634707574305 0.1012304738633388 0.0801329866587102 0.0675495511510088 0.03353937728937729 0.0212400414652004 0.00543063247407012 0.002852756726638165 0.000592112389664609
 0.1309864920180106 0.1075268817204301 0.09492444788841534 0.07549471918252183 0.06477177474662806 0.03336188629908481 0.02119698974293315 0.005499821577694636 0.002862706876049579 0.0005925399810902458
 0.03992015968063872 0.02219755826859046 0.01427551748750892 0.08579129180427437 0.0711564913765739 0.03465666005401659 0.02159907645328269 0.005520995477953871 0.002871694789746801 0.0005844639573955494
 0.05988023952095808 0.1243965837356108 0.1198783324387189 0.09222705105663005 0.07851111299387162 0.03624313969141555 0.02191916151489191 0.005523474767762993 0.002859858278134217 0.0005894107301727291
 0.06779661016949153 0.09600415153087702 0.08295964125560538 0.07642563198118753 0.06547886690647482 0.03413451352432967 0.02139542433028633 0.005503022931749458 0.002845490813405252 0.0005855141419528425
 0.1245608431810923 0.1158003088008235 0.1065619742007852 0.08349838828692376 0.06905812392096682 0.03390336965016319 0.02141281151662025 0.00549359791688706 0.0028612825266853 0.0005909102536214569
 0.1090682455593643 0.09360791655522868 0.08049678012879484 0.07336605528287264 0.06703427397556493 0.03322607722439843 0.02090009753378849 0.005473956458166482 0.002854376055424703 0.0005906153597650223
 0.1214574898785425 0.1056266504164128 0.1001327059958982 0.08026148538224079 0.06864096097345362 0.03343363423604146 0.0211028402110284 0.00542461446490053 0.002823363669339132 0.00058456552811136
 0.05988023952095808 0.03329633740288569 0.02028397565922921 0.0789951573849879 0.06769998218421522 0.0336646176825415 0.02128911784580285 0.005503374728282376 0.002863743286006543 0.0005925841365424836
 0.1145690834473324 0.1049498746867168 0.09550561797752809 0.08101895466706863 0.06761468724417088 0.03171118429076716 0.01963528196411432 0.005319485783040973 0.002790785093410615 0.0005869318149255773
 0.1179851762214491 0.107728337236534 0.1000312597686777 0.08196408829247837 0.06824096997397322 0.03338270479662755 0.0211761814936074 0.005430957566487667 0.002821169518702722 0.0005829019396359441
 0.05988023952095808 0.09353287012292892 0.08036739380022963 0.07860367623347307 0.06682389937106918 0.0333818957704794 0.02112292672304286 0.005465939101708796 0.002859711936802286 0.0005908318754193321
 0.1067919692439129 0.08945841392649903 0.07786195286195287 0.07282701220088907 0.06457779040632346 0.03282313512766472 0.02075960654275922 0.005504980344633937 0.002863044626987558 0.0005909853709305799
 0.09971509971509972 0.07668019846639604 0.06245890861275477 0.07633331091532719 0.06528578919769271 0.03269441086743798 0.02060356320446007 0.005353082713405885 0.00278630211749386 0.0005916840098682603
 0.1167315175097276 0.09796718099436688 0.08507018290089324 0.07271302303304743 0.06372045220966084 0.03194275136575014 0.02044179746351953 0.005369921862157393 0.002815762562724441 0.0005908244372100836
 0.05988023952095808 0.03095975232198142 0.1019987636513497 0.08622495287300147 0.07242426602289541 0.03504424335723851 0.02182592890557493 0.005490016544490535 0.002841782096002142 0.000592231194381766
 0.1000834028356964 0.08858516831181978 0.07669365146996165 0.07523606457508376 0.06393715890667458 0.03291624394093112 0.02093062991229069 0.005425317289106882 0.002851775613107832 0.0005904914236074508
 0.05802707930367505 0.03118503118503118 0.100080947825447 0.08044429485021878 0.06805987009319402 0.0335416616394392 0.02105686791666367 0.005402495003604705 0.002828932984016049 0.0005917938578131139
 0.1166180758017493 0.1129661932054157 0.1067373202119606 0.08365772041248379 0.06971786833855799 0.0344113164412269 0.02135190519180889 0.005519428202055524 0.002860151088920946 0.0005910186583400468
 0.1203007518796992 0.1100870455709165 0.101181740943848 0.07652118845321652 0.06827247621969929 0.03418114857866267 0.02160109969234798 0.005422040130499069 0.002814414798634865 0.0005827639821729722
 0.1220428088621855 0.1104294478527607 0.1040303134688254 0.08445720389905194 0.07059184613023683 0.03481369966127211 0.0218240802182408 0.005510031608221861 0.002808248226218722 0.0005824812234007671
 0.1136925358378646 0.1018119068162209 0.09187749667110519 0.07897501948954343 0.06694440453957765 0.0312332121484702 0.02047127174171598 0.005415859319394814 0.002829895551996941 0.0005898142639256533
 0.118488253319714 0.1064024949550541 0.09569377990430622 0.05601717860143778 0.06865541749262678 0.03454785055383409 0.02158209353723838 0.005468046220745953 0.002835903110168587 0.000585099673216874
 0.08968609865470852 0.0954762446010457 0.09929486257015398 0.07993454179254783 0.06768231768231768 0.03381313546387395 0.02121062593440909 0.00545577708207466 0.002846371401799709 0.000590263582400796
 0.05847953216374269 0.1125911830003172 0.1074130105900151 0.07988840984022318 0.06671237211264634 0.0323942986034458 0.02060979496441092 0.00536575326355404 0.002797769041778426 0.0005803236225186957
 0.123830489818382 0.1112374147450471 0.1058689782577803 0.08565234388882965 0.07193175400529084 0.03309854177954723 0.02089713565123401 0.005498266569985737 0.002858134846418412 0.0005889704281319246
 0.1236203090507726 0.1102362204724409 0.09845288326300985 0.08287101248266297 0.06943263617298645 0.03371552229169904 0.02098534733345198 0.005287436639507054 0.002731950303603665 0.0005846088540695415
 0.09727626459143969 0.09952117172096518 0.09413018382026464 0.07754101919915636 0.0655865973213053 0.03390497350089102 0.02130808777788106 0.005503841607565012 0.00285940735424219 0.0005889704281319246
 0.1212789415656009 0.111340206185567 0.1059821008007537 0.08098451766574037 0.0666990448437753 0.03356021932312347 0.02098401321055402 0.005396355894275627 0.002807336249897001 0.0005807347106722193
 0.1198972309449044 0.1081495358937239 0.1027840725153771 0.08118989784713672 0.06826192722037433 0.03368695115963047 0.02135174650048494 0.005452020378768064 0.002836414580320841 0.000588418497500113
 0.1170819573701591 0.1087657106026426 0.1035832118468503 0.08115737473535639 0.06822016284813068 0.03403642751704871 0.02104659671250651 0.005234539015943921 0.002831402831402831 0.0005922672087793412
 0.1147642679900745 0.09875917953912383 0.09837898267188373 0.07967064384553806 0.065905552672548 0.03303989427233833 0.02108950529024878 0.005448232556421527 0.002830615942028986 0.0005848752064659045
 0.07976071784646062 0.09475032010243278 0.09875993168485928 0.07962217311010869 0.06757602302590414 0.03378916471364536 0.02144528203795165 0.005500387611207501 0.002858529641417601 0.0005907858423129147
 0.05870841487279843 0.03125 0.09275101305718145 0.0782234864401849 0.0664352730625305 0.03164556962025316 0.01946916115293939 0.005210400032634534 0.002780001885069772 0.0005779901737711622
 0.1046207497820401 0.09283819628647214 0.08436275986742996 0.07346477458244381 0.06277173213964138 0.03183192742320547 0.02050421093190951 0.005448784171464827 0.002844534722891727 0.0005901863107275472
 0.03992015968063872 0.02219755826859046 0.01427551748750892 0.07714669051878355 0.06469576611252149 0.03142655775207681 0.02021038110018969 0.005381700762892446 0.002817107839078425 0.0005858657512382352
 0.05988023952095808 0.09164420485175202 0.07872384503832608 0.07337967839337126 0.0631424375917768 0.03206444840020083 0.02053945664434016 0.005410848476066625 0.002820556213685339 0.000584447167461944
 0.07434944237918216 0.04643962848297214 0.09045014724442575 0.07805724197745013 0.06689051635248394 0.03326844806228986 0.02079245614548863 0.005464830434901807 0.00285352448448074 0.0005921454578581564
 0.120112445693841 0.1105070849300419 0.1048448465375835 0.08049163354597375 0.06648578621886535 0.03333881154180264 0.0208148353007962 0.005521965150264385 0.002728866895673689 0.0005896646430748043
