# Created by Octave 3.0.1, Wed Sep 09 23:07:44 2009 PDT <jwawerla@marvin2>
# name: prtA
# type: matrix
# rows: 100
# columns: 10
 319.3 672.5 798.9 1113 1163.6 1614.4 1679.7 1836.9 2493.9 2654.2
 261.6 775.2 838.1 1061.3 1117.3 2071.8 2137.7 2295.6 2364.5 3808.7
 408.3 565.1 827.7 999.6 1254.5 1629.8 1696.8 1855.7 1924.6 2948.6
 259.8 681.1 716.6 1534.7 1589.6 1735.9 1802.9 1961.7 2030.7 2191.3
 136.2 543 570.5 753.9 805.5 1682.7 1748.3 1906 1974.8 2135.3
 40.1 40.1 59.3 466.8 851.7 1218.9 1976.2 2341.8 2410.3 2543.5
 86.3 116.1 129.1 273.8 1113.9 1245.5 1309.6 1466.3 1535 3259.1
 59.3 109 115.8 573.6 639.1 1213.4 1275.1 1967.8 2036.2 2796.4
 40.1 77.40000000000001 83.2 168.7 197.1 1354.5 1415.4 1713.2 1780.7 1985.7
 91 105.2 112.7 157.9 235.2 1177 1238.4 2062.8 2397.9 2553.9
 42 49.4 53.6 127.5 468.9 1243.6 1305.3 2417.4 2485.9 2730.5
 51.9 74.40000000000001 80.59999999999999 158.7 531.5 826 1350.6 1900.8 1969.2 2207.9
 127.8 142.5 178.9 214.5 420.6 1209.4 1365.3 2069.6 2137.9 2479
 61.3 93.8 100.5 161.7 409.3 882 942.1 1833.7 1902.1 2134.2
 88.40000000000001 100.8 168.9 363.4 398.3 884 944.3 1623.8 1692.2 1924.5
 40.1 46.8 51 67.40000000000001 131.2 1203 1262.8 1790.6 1858.9 2050.5
 59.5 65.59999999999999 71.09999999999999 287.6 361 872.7 1432.9 1999.8 2067 2226.1
 68.3 75.8 81.5 300.8 332.8 1150.2 1408.8 1865.2 1933.3 2128.3
 40.1 43.4 46.7 59.1 72.40000000000001 634.4 691.6 1684.6 2106.2 2300.5
 40.1 40.1 40.1 77.5 150 1122 1178.1 1343.8 1411.5 2542
 58.3 64.2 68.90000000000001 133.2 336.1 951 1007.4 1696.3 1764.1 1953.9
 40.1 86 91.8 159.8 269.8 1167.4 1444.4 1923.8 1991.5 2647.1
 65.59999999999999 72.40000000000001 77.5 164.9 282.1 958.5 1282.3 1641.4 1709.1 2300.3
 49 65.3 70.09999999999999 86.3 176.5 1011 1067.1 1230.7 1999.4 2594.3
 67.8 74.8 80.3 210.1 235.4 740.1 1068.2 1965.5 2275.3 2773.8
 64.09999999999999 70.8 76.3 111.8 132 775.1 1126.7 1291.5 2151.6 2338.5
 50.6 56 60.6 278.7 307.2 887.5 944.3 1832.5 1900.3 2615.8
 49.7 55.1 59.6 139.1 419.3 611.5 787.2 2046.5 2109.3 2688.7
 46.8 51.8 56.1 133.4 177.4 1220.8 1276.9 1763.6 1826.9 2008.6
 48.6 65.09999999999999 70.40000000000001 86.8 143 730.3 786.3 1564.6 2020.8 2689.9
 64.59999999999999 72.09999999999999 103.4 123.9 282.5 827.4 1249.3 1778.6 1731.8 1891.1
 47.5 74.09999999999999 78.90000000000001 155.8 233.1 764.2 1405.8 2072.9 2141.3 2325.9
 40.1 44.6 47.7 60.1 189.9 922.8 1168.7 1551.3 1619.7 3115.2
 40.1 40.1 40.1 183.9 209.3 847 1076.1 1683.1 2006.8 2984.3
 63.8 70.8 74.90000000000001 146.4 352.6 928.6 984.1 1755.4 1822.9 1982.1
 40.1 40.1 82.8 100.6 342.9 926.4 1034 1831.4 1899.5 2137.5
 57 63.3 67.09999999999999 128.4 421.9 1012.3 1067.8 1644.8 1713 1908.4
 81.59999999999999 90.3 95.40000000000001 130.4 240.6 1081.7 1137.7 1301.2 1369.4 2181.9
 40.1 65.90000000000001 69.7 161.1 184 844.8 1085.1 2151 2414.8 2607.4
 40.1 88 92.8 183.5 401 778.8 1142.5 1993 2284.3 2476.7
 47.2 104.3 109.9 183.1 262.7 939 1442.5 1603.5 2495.9 3074.2
 83.59999999999999 92.3 96.5 169.8 316 792.3 1021.6 1679 2273.9 2462.6
 40.1 86.7 91.3 177 217.4 304.5 750.5 1806.5 1874.5 2063.6
 57.6 63.9 67.5 125.2 219.2 578.1 632.7 1826.5 1894.5 2083.4
 40.1 54.7 57.8 71 124.6 939 1259.3 1992.2 2060.2 2538.4
 56.6 62.8 66.40000000000001 81.40000000000001 177.6 491.4 546 1603.7 1671.7 1860.4
 40.1 43.4 57.9 71.3 104.5 794.7 913.6 1517.2 1683.1 2828.8
 92.7 101.5 163.8 205.7 229.5 779.3 962.1 1736.3 1806.8 1994.4
 40.1 43.2 45.7 56.7 67.7 767.6 822.1 1604.8 1672.7 1859.2
 40.1 40.1 59.8 74 216.7 889.1 1386.7 1857.3 2857.7 3016.1
 40.1 42.6 45 56.1 67.2 823.7 1135.1 1740.5 1889.9 2049
 67.90000000000001 74.7 78.90000000000001 197.2 221.2 889.4 1113.3 1272.1 1981.2 2167.6
 65.7 72.5 76.7 151.4 211 946.9 1306.7 1465.6 1531.3 1714.1
 40.1 67.3 71.40000000000001 88.59999999999999 437.1 939.3 994.5 1332.1 1397.8 2920.2
 40.1 40.1 40.1 66.40000000000001 122.7 854.6 910 1522.1 1587.8 2044.1
 56.8 62.9 66.8 100.5 118.8 894.6 1274.8 1434.7 2038 2268
 47.8 64 68 177.3 223.3 712.1 842 1516.7 2077.6 2262
 65.59999999999999 72.7 134.4 191.2 236.4 617.1 672.6 2060.9 2126.5 2964.9
 59.5 65.8 70.09999999999999 131.3 208.9 946.1 1162.1 2007.2 2074.4 2233.4
 68.3 75.59999999999999 80.40000000000001 278.8 327.9 801.3 1045.4 1867.7 1933.5 2116.3
 79.2 87.8 93.2 132.4 153.9 889.1 1415.4 2089.7 2155.5 2335.5
 40.1 44.2 47.2 75.5 149 718.8 847.5 1853.9 2130.5 2167.2
 40.1 40.1 40.1 41.9 50.8 1045.1 1578.2 2056.2 2121.9 2349.6
 59.8 77.5 82.90000000000001 161.7 304 880.7 1175.2 1511.1 2385.3 2917.2
 40.1 40.1 40.1 94.59999999999999 111.6 911.2 1416.2 1578.3 1644.2 3255.3
 40.1 66.2 70.90000000000001 88.2 545.5 784.2 839.9 1571.7 1637.5 2683.8
 50.1 56 60.2 107.9 183.3 765.4 821.2 2807.9 2874.4 3032.8
 56.8 63.4 68.2 133.1 195.2 1110.3 1236.1 1574.4 1640.3 3730.7
 48.6 54.3 58.5 134.6 465.4 564.3 620.2 1734.8 2023.8 2207.3
 76.09999999999999 84.90000000000001 91.09999999999999 112.6 131.3 853 1096.9 1890.1 1957.4 2116.4
 40.1 54.2 58.5 73.59999999999999 190.2 1220.7 1387.9 1553.6 1619.5 2906.7
 57.1 64.09999999999999 69.09999999999999 223.3 248 773 829.2 2225.7 2291.7 2915.4
 40.1 74.5 80.3 145.8 167.2 1090.4 1487.3 1863.8 1929.8 2604
 55.3 62.3 67.09999999999999 159.7 182 856.7 913.1 1516.4 1582.4 2081.9
 40.1 45 48.5 180.8 269.5 1138.1 1194.5 1807.5 1875 2676
 84.90000000000001 94.40000000000001 126 151.6 270.6 933.5 1168.3 1645.6 1711.7 1937.2
 40.1 45.5 61.9 77.7 171.1 1222.5 1279 1854.4 1981.5 2140.6
 40.1 46.3 49.9 125.3 164.8 1043.6 1100.3 1773.3 1841 2017.3
 56.5 63.2 67.8 230.7 605.7 763.5 820 1615.2 1749.6 2550.9
 40.1 40.1 61.4 77.40000000000001 338.1 788.5 845.2 2066.9 2136.7 2312.9
 40.5 45.4 48.8 61.9 190.8 685.1 1469.2 1633.6 2354.3 1803.5
 49.5 55.3 59.5 107.9 255.6 1011.6 1068.3 1319.6 1387.4 2739.5
 56.9 63.8 68.5 194.6 329.6 807.8 864.7 1707.4 2121.8 2298.3
 40.1 44.3 47.7 60.8 73.09999999999999 1009.2 1066.1 1229.9 1822.9 1982.1
 40.1 45.5 48.8 185.4 253.1 745 801.8 964.8 1034.4 2140.6
 40.1 40.1 48.4 139.4 160.8 593.6 650.3 1946.5 2016.1 2235.6
 48.9 55.1 71.8 90.59999999999999 195.5 797.6 854.6 1332.8 1735.5 1910.3
 56.2 63.4 67.90000000000001 102.9 120.9 1008.3 1065.4 1228.2 1295.9 2349.6
 40.1 56.3 60.3 76.3 135.1 1140.9 1330 1743.3 1811 2783.4
 86.40000000000001 97.2 103.4 240.3 266 824.3 1284.4 1655.6 1723.3 1894.4
 40.1 40.1 61.7 78.40000000000001 115.2 1300 1663 2054.4 2037.1 2197.2
 40.1 40.1 86 200.4 439.4 945.2 1074 1929 2048.1 2207.2
 63.7 72.5 77.5 176.7 480.1 878 935.4 2065 2353.7 2520.8
 75.7 85.90000000000001 91.59999999999999 253.1 442 730.6 1027 1994.1 2060.2 2227.2
 50.4 57.5 61.7 78.90000000000001 613 1029.9 1087.6 1673.6 1739.6 2949.9
 72 81.8 113 194.8 317 933.5 991.4 1154.1 2017 2182.1
 57.1 64.40000000000001 69.2 141.9 207.1 882.9 1343.2 2381.1 2447.1 3033.8
 67.3 75.7 120.2 148.5 440.2 865.6 1509.5 1821.2 1885.2 2050.3
 49.6 56.1 60.3 129.9 151.6 1106.8 1394.6 1907.9 1975.1 2134.2
 40.2 79.2 84.7 174.7 339.3 1157.9 1215.9 1948.8 2013.1 2865.7
# name: prtB
# type: matrix
# rows: 100
# columns: 10
 314.5 384.9 464.1 1102.4 1736.2 3269.2 3616.5 4230.8 4679.5 5015.4
 327.6 484.9 1222.5 2253.7 2281.6 3140.1 3561.7 4037.4 4104.7 4534.1
 397.1 642.6 1029.4 2215.9 2474.6 3006.2 3865 4636.6 4931 5243.8
 474.8 884.5 1004.3 2761.4 2908.7 3763.1 4182.5 4336.9 4405.3 5259.3
 1336 1959.4 2128.1 2805.2 3750.7 4012.9 4310.2 4466.3 4535 0
 512.5 642.2 989 2601.6 2638.6 4233 4294.7 5279.5 5347.9 5569.8
 334.6 361.3 1083.7 2802.9 3344 3466.5 4072.4 4381.1 4449.6 4671.8
 363.2 1309.2 2045.6 2525.3 2562 3869.2 4411.6 4444.9 4513.8 4674.3
 1010.1 1118.8 1134.9 3352.6 3580 3983.7 4045.9 4019.5 4085 4242.6
 325.5 353.7 1609.4 2839 3140.4 3971.2 4033.7 4430.1 4498.8 4659.1
 339.1 390.1 1424.6 3193.9 3404.8 4022.9 4084.1 4079.9 4145.4 0
 40.1 342.5 353.3 2809.2 3109.9 3759.4 3820.5 4577.8 4646.4 4844.8
 701.2 1707.1 2119.6 2389.6 3071.3 3401.2 3461.8 4090.8 4159.1 4932.1
 310.2 329.2 391.8 2232.7 3346 3926.6 4299.8 4467.3 4535.5 4542.7
 279.1 320.2 331.4 2126.5 3286.8 3563.7 4124.3 4292.2 4360.4 5575.9
 40.1 40.1 40.1 2181.5 2662.3 3655.4 4496.3 5007.3 5075.3 5955.2
 335.1 555.9 605.4 2684.1 2887.1 3798.1 4534.3 4698.9 4767.1 4986.1
 141.6 1429.9 1535.1 2273.5 2355.7 3603.8 4124.4 4289.4 4357.6 5737.7
 40.1 49 809 2817.9 2949.2 3736.5 4206.1 4371.7 4439.9 4442.5
 325 1195.6 1359.6 2339.2 3097.7 3213 3273 4845.4 4913.6 4588.5
 281.1 952.7 1018.3 2887.6 2973.4 3460.8 3520.9 4119.5 4187.8 4183.2
 315.6 351.2 363.7 2570.8 2630.1 3648.2 3707.5 3869.9 3938 4269.8
 297 1080.2 1376 1851.5 1954.9 3401.4 3460.5 5260.2 5328.1 5506.1
 664.8 680.6 691.6 1866.1 2500.6 3474 3965.8 4132.4 4200.4 4464.7
 40.1 40.1 40.1 1945.2 2562.9 3763.3 3892.1 4165.9 4112.2 4269.8
 335.1 920.5 1129.2 2391.5 2933.3 3735.2 3792 4609.4 4694.5 4714.4
 40.1 1205.3 1215.8 1287.5 1901.4 3314.3 4094.4 4152.9 4360.4 4751
 238.8 508.1 553.2 2263.2 2738.5 3176.3 3232.1 4014.9 4877.6 5449.3
 578.6 785.9 1047.1 1844.6 2375.7 3737.2 3793.2 3957.6 4801.5 4989.4
 286.8 782.8 793.6 2638.5 2702.3 3506.8 3932.4 4625.2 4693 5241.6
 280.3 294.4 715.8 1851.4 3100.9 3294.5 3656 4502.6 4570.4 4758.3
 362 377 438.3 2349.1 2591.7 3450.4 4167.6 4473.4 4536.6 4718.8
 78.5 573.8 1064.3 2703.1 2809.3 3646.4 4081.8 4406.7 4698.7 4569.4
 308.4 542.2 1683.4 2108 2837.3 3904.1 3960.2 4121 4074.3 4231.8
 57.9 64.8 69.5 85.40000000000001 3110.6 3646.9 3977.5 4350.3 4414.7 5200.8
 286.9 716.2 725.7 2077 2126.2 3554.4 3610.2 4768.2 0 0
 299.9 829.1 1168 1972.1 2075.4 3441.9 3842.6 4276.8 4235 4392.6
 306.9 322.7 794.8 2166.9 2608 3473.9 3676.7 3838.4 3906.6 4605.2
 63.9 616.2 1420.5 2141.7 2572.8 3043 3566 3663.2 4872.5 4594.5
 40.1 40.1 40.1 2129.9 2778.1 3364.9 3420.3 4157.7 4225.9 4590.6
 233.7 995.1 1210.9 1433.2 1479.5 3024 4112.2 4402.2 4665 5994.1
 291.7 306.8 764.6 1571.2 2940.5 3239.6 3828.5 4092.8 4160.8 4354
 659.1 674.8 728.3 2374.4 2771.3 3311.9 3367.1 4310.6 5100.6 6056.6
 58.4 64.7 1326.2 2029.7 2697.2 3300.4 3355.7 4324.9 4291.8 4449.2
 257 710.6 1449.1 1917.4 2297.4 3316.8 3691.2 4375.1 4342.2 5731.8
 223.1 364.9 372.8 1608.5 2865.2 3673.1 3728.5 4305.4 4370.1 4863.2
 40.1 43.4 45.8 1073.3 2662.6 3052.3 3107.5 3800.4 3866.1 5054
 397.9 804.6 856.8 2116 2142.6 2926 3819.6 4121.4 4189.5 4380
 301.1 315.8 347.5 1983.1 2061 3454.8 3509.6 3970.1 4038.1 5352
 573 588.6 609 2145.9 2290.3 3187 3241.8 5255.2 5323.2 6025.9
 299.7 457 465.6 1197.7 2959.9 3472.5 4065.1 4474.3 4571.1 5269
 133.5 790.5 1304.4 1558.5 2636.2 3247.2 3301.7 4111.2 4179.1 5016.7
 273.9 288.1 361.2 2222.6 2485.4 3648.7 4098.9 4762.1 5058.9 5241.8
 274.9 1096.6 1211.3 2018.6 2758.5 3495.8 3551.4 4841 4909 5076.1
 802.5 905.5 1372.6 1930.1 2443.8 3161.6 3462.5 4309.4 5315.7 5999.8
 639.7 655.5 665.1 1925.4 2906 3290.6 3346.2 3401.6 3467.6 4349.1
 118.4 350.1 696.6 2308.5 2337.6 3580 4265.9 4794.5 5197.4 5376.8
 284.1 330.2 787.6 2426.4 2712.1 3612.1 3667.9 4195.3 4261.1 4362
 287.1 492.8 693.5 1795 3124.9 3674.6 3877.3 4038.4 4104.2 4151.9
 214.3 853.7 1073.5 1233.2 2741.5 3492.5 3548.3 3744.1 3925.4 0
 236.3 408.8 419.2 2124.9 2941.3 3878.8 4062.2 4114.2 4327.9 4485.4
 129.7 172.7 204.1 2471.6 2811.9 3682.4 3938.7 4356.8 4422.6 0
 475.1 491.5 502.5 564.5 3128.1 3409.7 3465.5 3936.9 4002.8 4186.4
 364.2 400.7 662.7 2237.2 2702.1 4030.4 4086.2 4248.1 4314 4497.1
 323.3 339.3 350.1 1801.2 2562.7 3501.8 3557.5 4822.1 4890.3 5053.4
 662.6 905.3 1086.6 2794.3 3025.8 3309.6 3365.8 4102.9 4170.7 0
 288.1 304.5 374.5 2430.1 3154.1 3863.1 4075.6 4825.7 4891.6 5075
 66.8 74.90000000000001 843.1 2633.1 2766.3 3452.3 3631.5 4694.3 4760.3 4943.4
 406.7 811.3 822.8 2720.4 2805.3 3036.7 3735 4311.2 4377.2 4559.7
 311.1 327.7 1293.1 2635.4 2704.6 3584.9 3641.2 4451.4 4517.5 4699.4
 297.3 710.3 721.6 2472.3 2629.3 3578 3978.7 4072.5 4142.6 4183.2
 419.2 843.5 1348.9 2490.1 2600.4 3491 3547.4 3713.9 3916.1 4848.2
 287.6 722.7 770.5 2762.3 2852.9 3683.7 3844.7 4214.2 4491.8 4669
 76.7 333.9 381.7 1620.3 2839.3 3765.7 3822.2 4159.4 4227.1 4403.9
 226.6 918.3 2066.3 2538 2586.2 3529.6 3586.2 4415.6 4894.8 5057.6
 115.9 365.9 376.7 1853.8 2964.8 3778.4 3835.4 4260.8 4330.7 4367.2
 114.1 563.7 610.6 1807 2382.8 3050.1 3981.3 4143.3 4213.1 4389.3
 319.7 730.3 1194.1 1392.6 2906.9 3683.1 3739.8 4412.6 4713.5 4875.9
 684.3 713.3 1599.9 1848.8 2556.4 3059.9 3750.8 4637.9 4707.8 4668
 366.6 383.7 1038.9 2713.5 2742 3373.8 3430.7 4508.8 4903.4 4937.2
 295.1 312 1219.5 2426.8 2984.2 3394.4 3949.1 4113 4056.6 4214.2
 412.3 902.8 995.5 2476.8 2505.6 3083.3 3555.2 4342.5 4002.3 4168
 40.1 40.1 335.4 1875 3069.4 3741.3 4337.5 4500.9 4448.3 4605.6
 428.2 455.9 466.3 2379 2522.7 3356.1 3474 4505.2 4574.8 4752.2
 323.8 371.3 610.5 1832.5 2437.9 3873.6 3930.4 4448.6 4518.3 4695.3
 90 420.9 1256.1 1340.6 3033.9 3334.2 3391.2 4612.6 4680.3 4854.7
 278.8 296 306.3 2367.7 2434.5 3357.9 3414.9 4862.4 4930.1 5103.9
 98.09999999999999 386 1285.5 2636.9 2996.1 3506.9 3563.9 4612 4679.6 4852.9
 40.1 254.2 276.8 1953 3156.1 4010.5 4067.7 4314.3 4382 4883.3
 379.1 1286.9 1620.3 2757 2786.4 3477.9 3599.7 4344.9 4410.9 4576
 41 1574.3 1634 2526.8 2556.2 2750 2980.3 3801 3867 4032.1
 170.7 259.4 443.8 1900.5 2878.9 3630.6 3896.7 4636.7 5242.3 5407.2
 268.6 363.7 375.1 2870.6 2900.4 4091.4 4149.5 5057.2 5121.3 6075.6
 242.8 259.6 270.4 2323.4 2391.7 4221.9 4280 4440.5 4504.6 5416.8
 41.5 46.8 1349.1 2473.8 2543.1 3293 3916.8 4702 4770.9 4932.6
 718.2 790.3 801.9 2124.1 2765.1 3728.2 3850 4215.2 4279.3 5373.7
 346.2 966.1 1191.3 2391.2 2502.8 3600.1 3744.2 4166.8 4235.8 4264.1
 40.1 47.3 1841.6 2364.6 2851.4 2991.4 3423 3606.9 3672.8 3830.7
 314.5 332.5 1335.4 2392.7 2662.9 3656.1 3714.1 5126 5190.2 5634.1
 111.7 124.2 390.7 3008.6 3126.3 3669.6 3707.8 5118.8 5187.7 5627.9
# name: collectedA
# type: matrix
# rows: 100
# columns: 10
 15 30 34 40 40 46 46 46 48 48
 12 32 33 35 35 42 42 42 42 45
 26 31 40 42 45 46 46 46 46 49
 15 29 29 48 48 48 48 48 48 48
 7 24 24 27 27 48 48 48 48 48
 2 2 3 21 32 38 46 47 47 47
 8 9 9 13 43 43 43 43 43 49
 5 8 8 32 33 43 43 48 48 49
 3 5 5 9 9 46 46 47 47 48
 8 8 8 9 11 40 40 48 49 49
 3 3 3 6 20 40 40 48 48 48
 4 5 5 8 25 30 43 49 49 49
 12 12 14 14 22 39 40 44 44 49
 5 7 7 9 20 33 33 41 41 41
 8 8 13 22 22 35 35 39 39 39
 3 3 3 3 5 40 40 44 44 44
 5 5 5 18 20 34 45 49 49 49
 7 7 7 20 20 42 46 48 48 48
 3 3 3 3 3 25 25 42 47 47
 2 2 2 4 7 45 45 45 45 49
 5 5 5 8 18 38 38 48 48 48
 3 7 7 10 15 40 44 46 46 48
 6 6 6 11 16 38 42 43 43 44
 4 5 5 5 9 34 34 34 43 48
 6 6 6 14 14 29 35 46 47 48
 7 7 7 8 8 33 41 41 47 47
 4 4 4 17 17 32 32 44 44 48
 4 4 4 8 23 26 28 48 48 49
 4 4 4 8 9 44 44 48 48 48
 4 5 5 5 7 25 25 43 45 47
 6 6 8 8 15 34 42 47 46 46
 4 6 6 10 13 30 45 49 49 49
 3 3 3 3 9 34 39 42 42 48
 2 2 2 12 12 32 35 41 42 49
 6 6 6 10 20 36 36 46 46 46
 3 3 6 6 19 38 39 46 46 46
 5 5 5 8 25 41 41 47 47 47
 8 8 8 9 14 41 41 41 41 48
 3 5 5 10 10 32 36 47 48 48
 3 7 7 12 24 34 42 47 48 48
 4 9 9 13 16 37 48 48 48 49
 8 8 8 12 19 32 36 45 49 49
 4 7 7 12 13 13 23 48 48 48
 6 6 6 9 13 23 23 47 47 47
 3 4 4 4 6 37 43 48 48 49
 5 5 5 5 10 21 21 47 47 47
 3 3 4 4 5 35 36 42 42 49
 9 9 14 15 15 36 39 46 46 46
 3 3 3 3 3 34 34 43 43 43
 3 3 4 4 11 35 44 48 46 46
 3 3 3 3 3 33 39 47 47 47
 6 6 6 13 13 35 39 39 46 46
 6 6 6 10 12 39 45 45 45 45
 3 5 5 5 24 40 40 42 42 48
 2 2 2 3 5 33 33 39 39 46
 5 5 5 6 6 38 44 44 49 49
 4 5 5 11 12 31 32 42 45 45
 6 6 11 13 14 26 26 41 41 46
 5 5 5 8 11 37 40 46 46 46
 6 6 6 18 19 35 39 46 46 46
 8 8 8 9 9 32 41 47 47 47
 3 3 3 4 7 31 32 47 48 47
 2 2 2 2 2 37 46 48 48 48
 5 6 6 10 17 33 39 40 48 49
 2 2 2 5 5 27 39 39 39 48
 3 5 5 5 31 36 36 45 45 49
 4 4 4 6 9 31 31 49 49 49
 5 5 5 8 10 40 41 43 43 49
 4 4 4 8 27 27 27 48 49 49
 7 7 7 7 7 35 38 46 46 46
 4 4 4 4 10 44 46 46 46 49
 5 5 5 14 14 27 27 45 45 47
 4 6 6 9 9 37 43 46 46 49
 5 5 5 10 10 32 32 39 39 40
 3 3 3 11 14 42 42 45 45 47
 8 8 10 10 15 39 42 46 46 46
 3 3 4 4 8 43 43 48 48 48
 3 3 3 7 8 37 37 45 45 45
 5 5 5 15 35 37 37 45 45 48
 3 3 4 4 17 27 27 48 48 48
 3 3 3 3 9 30 45 45 49 39
 4 4 4 6 14 36 36 36 36 47
 5 5 5 12 18 31 31 45 47 47
 3 3 3 3 3 34 34 34 46 46
 3 3 3 11 13 31 31 31 31 48
 3 3 3 8 8 23 23 47 47 47
 4 4 5 5 10 31 31 38 41 41
 5 5 5 6 6 37 37 37 37 44
 4 5 5 5 7 43 45 47 47 49
 8 8 8 16 16 35 45 47 47 47
 3 3 4 4 5 41 47 49 49 49
 3 3 6 12 23 38 39 49 49 49
 6 6 6 11 26 38 38 47 48 48
 7 7 7 16 24 29 34 44 44 44
 4 4 4 4 32 39 39 43 43 47
 7 7 9 12 17 37 37 37 47 47
 5 5 5 8 10 30 38 48 48 49
 6 6 9 9 25 35 46 47 47 47
 4 4 4 7 7 39 43 49 49 49
 3 6 6 11 19 40 40 45 45 49
# name: collectedB
# type: matrix
# rows: 100
# columns: 10
 37 43 49 112 175 278 288 295 298 299
 38 52 132 224 224 275 288 296 296 296
 46 69 108 217 233 250 284 296 297 298
 58 100 108 239 244 282 290 290 290 296
 150 208 219 256 292 295 298 298 298 0
 61 71 106 235 235 292 292 299 299 299
 43 43 129 262 286 286 297 298 298 298
 45 149 222 251 251 290 298 298 298 298
 106 113 113 285 293 298 298 298 298 298
 41 41 178 264 274 298 298 299 299 299
 35 37 137 271 280 294 294 294 294 0
 3 35 35 255 268 291 291 295 295 295
 90 191 232 247 283 290 290 295 295 299
 37 37 41 205 275 289 298 298 298 298
 34 36 36 191 273 277 294 294 294 299
 2 2 2 207 237 272 293 296 296 299
 36 56 59 234 244 280 298 298 298 298
 14 161 169 224 226 286 295 295 295 299
 3 3 86 261 266 293 299 299 299 299
 39 135 149 230 279 279 279 297 297 293
 35 106 110 270 272 285 285 290 290 290
 42 44 44 260 261 298 298 298 298 297
 40 125 156 194 197 283 283 299 299 299
 88 88 88 201 244 287 298 298 298 294
 2 2 2 205 248 295 296 297 297 297
 42 109 127 238 271 295 295 299 299 299
 3 142 142 145 190 270 291 291 292 293
 26 58 61 229 259 275 275 285 296 297
 68 89 116 188 228 293 293 293 299 299
 35 85 85 246 248 279 289 294 294 295
 34 34 79 186 275 279 286 295 295 295
 42 42 46 220 234 273 292 294 294 294
 7 59 103 242 246 283 294 296 297 294
 37 59 176 209 254 295 295 295 295 295
 5 5 5 5 269 287 292 294 294 298
 40 88 88 211 212 290 290 299 0 0
 39 100 135 202 206 284 291 293 293 293
 38 38 90 215 248 289 292 292 292 294
 6 74 162 226 254 270 284 281 297 299
 2 2 2 226 269 290 290 299 299 294
 26 115 138 153 154 253 292 294 295 299
 34 34 83 148 255 265 287 288 288 288
 84 84 88 236 265 283 283 299 296 299
 5 5 149 213 262 281 281 295 295 295
 33 78 166 204 227 271 280 290 290 299
 24 37 37 154 250 285 285 298 298 299
 3 3 3 106 245 256 256 281 281 292
 50 92 96 215 215 261 293 294 294 294
 35 35 37 204 207 278 278 284 284 298
 67 67 68 215 223 260 260 294 294 297
 40 56 56 129 265 281 297 299 295 298
 14 92 150 167 256 282 282 292 292 296
 34 34 40 206 224 283 293 297 298 298
 36 136 146 216 262 289 289 298 298 298
 111 120 172 215 247 283 288 299 294 297
 81 81 81 208 275 286 286 286 286 298
 12 37 69 218 218 277 292 296 299 299
 35 38 87 242 258 294 294 298 298 295
 34 54 75 173 277 291 293 293 293 293
 26 101 124 133 256 284 284 291 292 0
 32 49 49 198 255 296 298 298 299 299
 14 17 19 227 249 284 288 291 291 0
 58 58 58 60 284 291 291 295 295 295
 44 46 69 215 242 295 295 295 295 295
 37 37 37 175 233 290 290 298 298 298
 84 110 126 264 276 284 284 298 298 0
 36 36 41 222 267 290 293 298 298 298
 6 6 86 247 253 282 284 299 299 299
 46 88 88 259 262 265 285 294 294 294
 35 35 134 246 248 285 285 298 298 298
 38 81 81 232 240 285 294 290 290 290
 54 99 151 253 258 296 296 296 293 299
 36 83 86 260 264 290 292 294 295 295
 7 37 40 163 264 297 297 298 298 298
 25 97 218 254 255 284 284 296 295 295
 12 41 41 187 259 289 289 291 291 291
 12 64 67 190 227 261 298 298 298 298
 40 86 131 145 267 297 297 292 293 293
 88 89 186 203 251 269 291 298 298 298
 44 44 110 250 250 272 272 293 295 295
 36 36 141 245 278 289 298 298 298 298
 51 103 110 255 255 279 287 297 295 295
 3 3 35 173 258 281 295 295 295 295
 55 56 56 239 245 282 283 295 295 295
 41 44 65 175 216 289 289 295 295 295
 9 47 137 140 275 281 281 299 299 299
 32 32 32 228 230 275 275 298 298 298
 10 42 138 252 271 288 288 298 298 298
 3 27 28 184 268 297 297 298 298 299
 47 140 173 267 267 289 290 298 298 298
 3 201 205 278 278 280 284 297 297 297
 19 26 44 182 255 283 286 295 298 298
 32 40 40 248 248 289 289 296 296 299
 27 27 27 213 215 296 296 296 296 299
 3 3 144 239 241 278 293 299 299 299
 90 95 95 217 257 295 296 298 298 298
 43 111 132 236 240 283 284 298 298 298
 3 3 198 247 279 280 293 295 295 295
 38 38 140 220 233 274 274 297 297 298
 11 11 40 268 273 288 274 297 297 298
# name: avgRateA
# type: matrix
# rows: 100
# columns: 10
 0.04555116914667477 0.04152249134948097 0.0378240071198131 0.02479851208927464 0.01848770567572564 0.006954523463957427 0.003938457323390155 0.0008873987449095142 0.0004683205537110014 9.549308451018612e-05
 0.04418262150220913 0.03877847794474067 0.03517748640869843 0.02241721642221226 0.01653048694091531 0.005939081987612772 0.0034602931362614 0.0008031268404990095 0.0004102984921530413 8.93196167513582e-05
 0.06215634711929238 0.05039830921801333 0.04311738708634257 0.02800746865830888 0.01996007984031936 0.006938369181574104 0.00393269954175501 0.0008870770233551954 0.0004513140105528989 9.742546256217832e-05
 0.05559673832468495 0.03966625632608398 0.03551310311045799 0.02359070133189168 0.0185356811862836 0.007125996526076694 0.004066797143075007 0.0009237573058618175 0.0004704466400798975 9.558110624377603e-05
 0.0478796169630643 0.04047217537942664 0.03579418344519016 0.02153281760905973 0.01495430628634727 0.007182725545064121 0.004085697505170961 0.0009247485839787308 0.0004707045270007884 9.559176580495337e-05
 0.03992015968063872 0.02219755826859046 0.01883239171374764 0.02172114191146049 0.01728141707620025 0.006110405377156732 0.003840951219919507 0.0008979438995219882 0.0004589382122696643 9.352424218003019e-05
 0.08307372793354102 0.05418422636965683 0.0392841553906591 0.01680020677177565 0.02034154879606415 0.006884957169161796 0.003802079649147627 0.0008354981803626839 0.0004234992859605062 9.736535315506467e-05
 0.07215007215007216 0.05031446540880503 0.03707136237256719 0.02980625931445604 0.02013299981697273 0.006920526603791805 0.003813713403872249 0.0009236488748802143 0.0004704212818587913 9.745495393363993e-05
 0.05988023952095808 0.03924646781789639 0.02729257641921397 0.01345895020188425 0.007518168908194805 0.007238964513337005 0.004029644164900047 0.0009088588600202656 0.0004617771345648045 9.562025372435908e-05
 0.07920792079207921 0.05154639175257732 0.03761165961448049 0.01367989056087551 0.008905440414507772 0.006475635421725757 0.003559225512528474 0.0009219634748803368 0.0004785254385099695 9.750197938967342e-05
 0.0576923076923077 0.03018108651911469 0.01953125 0.009561752988047808 0.01361563074409422 0.006406560317765392 0.003538163516226903 0.0009157264572451133 0.0004683571105878955 9.547859141229744e-05
 0.06462035541195477 0.04019292604501608 0.02768549280177187 0.01214513435554881 0.01632386549134835 0.005149330587023687 0.003788345990520325 0.0009441087613293051 0.0004805372602707484 9.756915412919629e-05
 0.08708272859216255 0.06233766233766234 0.05019720329867337 0.01959412176347096 0.01548641419118682 0.006280800077302156 0.003519484747432976 0.0008450228156160216 0.0004307901376472397 9.751651312791182e-05
 0.07012622720897616 0.04867872044506259 0.03491271820448878 0.01360132990781321 0.01419144256013624 0.005610336620197212 0.003015874466510085 0.0007909911891298519 0.0004023469585023272 8.165147882777154e-05
 0.08130081300813008 0.05305039787798408 0.04834510970621049 0.02548065786425759 0.01573339054566259 0.005948334466349422 0.003198011750408889 0.0007554655023458172 0.0003835102397234006 7.770092912380249e-05
 0.05988023952095808 0.03099173553719008 0.01986754966887417 0.005287275290800141 0.00442008486562942 0.006448492664839594 0.003551514721028519 0.0008495750194050659 0.0004319701076685494 8.764058595699039e-05
 0.07194244604316546 0.04325259515570935 0.02922267679719462 0.0228542407313357 0.01469507714915503 0.005789500570436086 0.003936009236501675 0.0009423113165819868 0.0004800768122899664 9.756561835396449e-05
 0.08939974457215837 0.05564387917329094 0.03856749311294766 0.02497502497502498 0.01500600240096038 0.006829046209879354 0.004031975317298928 0.0009254760417389695 0.0004708961644526372 9.559309841727702e-05
 0.05988023952095808 0.03211991434689507 0.02044989775051125 0.005365766410302271 0.002797463632972771 0.004437029674854466 0.002338284260540985 0.0008126211676205291 0.0004603050549330011 9.356948679127335e-05
 0.03992015968063872 0.02219755826859046 0.01427551748750892 0.006926406926406926 0.00608695652173913 0.007350539039529565 0.004025728880578989 0.0008764446729692776 0.0004437366570852418 9.750428819879731e-05
 0.07320644216691069 0.04378283712784588 0.02960331557134399 0.01263423878711308 0.01347204550557593 0.006385481431692153 0.003452223049948217 0.0009284997185485227 0.000471679108840937 9.562631149992061e-05
 0.05988023952095808 0.05147058823529412 0.0364963503649635 0.01515610791148833 0.01181288391872736 0.006485715212245031 0.003844675124951942 0.0008859135887589121 0.0004510179769882784 9.549443337084806e-05
 0.07936507936507937 0.04901960784313725 0.03380281690140845 0.01654384117912468 0.01247952577802044 0.006377443987580767 0.00372264520532161 0.0008326652646907326 0.0004227743633558846 8.759700123611314e-05
 0.06779661016949153 0.04336513443191674 0.02939447383891828 0.008528057308545113 0.00764980875478113 0.005656296789219764 0.003072168860857858 0.0006636645605076644 0.0004215711072810232 9.550446553015026e-05
 0.07712082262210797 0.04807692307692308 0.03327787021630615 0.01971553302351781 0.01133236198802007 0.005052176791345098 0.003162212464538046 0.0008852026825489988 0.0004595439954710473 9.547036858324757e-05
 0.09446693657219973 0.05794701986754967 0.03970504821327283 0.01307616868257601 0.007067137809187279 0.005714186767328704 0.003684830183252896 0.000799352719261476 0.0004601004781129223 9.356240861490807e-05
 0.066006600660066 0.03773584905660377 0.024906600249066 0.02183125722357776 0.01300489596083231 0.005435244161358811 0.002923896457516698 0.000848888245791733 0.0004317946070816278 9.550038021088872e-05
 0.06700167504187604 0.03805899143672693 0.02506265664160401 0.01251760287904866 0.01620517156344677 0.004633342243606879 0.002595668940967072 0.0009222522167676981 0.0004700845074836474 9.747583345318883e-05
 0.07042253521126761 0.03929273084479371 0.02562459961563101 0.01263024944742659 0.007643961270596228 0.007073045267489712 0.003901781517970365 0.0009272925376133036 0.0004713882088131918 9.561589183930316e-05
 0.06825938566552901 0.04344048653344917 0.02934272300469484 0.008520790729379687 0.006124234470691163 0.004362773327748984 0.002317754929864736 0.0008339054312454669 0.0004410865235324561 9.349700481350431e-05
 0.08042895442359251 0.04914004914004914 0.03933136676499508 0.01282256771918577 0.01169590643274854 0.005834505954628136 0.003733565644084521 0.0009077109075950297 0.0004521693315167922 9.165334870452973e-05
 0.06956521739130435 0.048348106365834 0.03353828954723309 0.01524855138761818 0.01054253507420323 0.005204538357447695 0.003945361132055621 0.0009409884988160829 0.0004797275930500199 9.75462344266939e-05
 0.05988023952095808 0.03171247357293869 0.02031144211238998 0.005356186395286556 0.007563660811832926 0.00574052812858783 0.003491901474656853 0.0008147224221309647 0.0004133056877751066 9.540558504294841e-05
 0.03992015968063872 0.02219755826859046 0.01427551748750892 0.01754642491592338 0.009923096005953858 0.00547289208140927 0.003159957024584466 0.0007932960677668329 0.0004117372567319041 9.741854765645767e-05
 0.08130081300813008 0.04966887417218543 0.03430531732418525 0.01547029702970297 0.01478633742422002 0.006072259892723408 0.003277464698973971 0.0008887961449433295 0.0004517647798285062 9.163673366042335e-05
 0.05988023952095808 0.03329633740288569 0.03282275711159737 0.00999000999000999 0.01414848462283119 0.006411987041036717 0.003534529635671561 0.0008874929097033844 0.0004514251787300232 9.160837420029374e-05
 0.07462686567164178 0.0441306266548985 0.02992220227408737 0.01273074474856779 0.0175821084464449 0.006819353658333749 0.003704439906756537 0.0009100625813247413 0.0004620844926410587 9.364258498164206e-05
 0.08733624454148473 0.05702066999287241 0.04094165813715455 0.01427664974619289 0.01128486216346929 0.006741536083660819 0.003681190910152006 0.0007992015781307261 0.000404461306863807 9.55828953612227e-05
 0.05988023952095808 0.04314063848144952 0.02946375957572187 0.01512630464377552 0.008445945945945946 0.005474952094169176 0.003247602637775031 0.0009012291231232383 0.0004686822607669985 9.550197629402192e-05
 0.05988023952095808 0.05072463768115942 0.03630705394190871 0.01755669348939283 0.01713062098501071 0.005883574444521354 0.003769351581781467 0.000903967841824861 0.0004692802316680077 9.552681746238184e-05
 0.06993006993006992 0.05832793259883344 0.04287756074321105 0.01903088859610599 0.01267125999841609 0.006230005051355447 0.004194887480882674 0.0009301694652494501 0.0004683114153834446 9.740113883796863e-05
 0.08547008547008547 0.05621925509486999 0.04071246819338423 0.01791579575992834 0.01443768996960486 0.005524575729848246 0.003266313420918923 0.0008707598831246735 0.0004791056173666987 9.751969599329384e-05
 0.07984031936127745 0.05120702267739576 0.03659174072138003 0.01772525849335303 0.01067849515360604 0.002450749363747761 0.002139435375098832 0.0009265246638935269 0.000471167956652548 9.560541732163018e-05
 0.08875739644970415 0.05267778753292361 0.03582089552238806 0.01439539347408829 0.01066272965879265 0.004123267779351391 0.002163138243343647 0.0009068719670438868 0.0004612614027253679 9.360994607668766e-05
 0.05988023952095808 0.03820439350525311 0.02534854245880862 0.007005253940455342 0.005335230304108127 0.006230005051355447 0.003819065128382759 0.0009232154053877313 0.0004703106597870669 9.750498668360467e-05
 0.07507507507507508 0.04432624113475177 0.03004807692307692 0.008599931200550396 0.008491847826086958 0.003824161416032342 0.00199127631329414 0.0009107874047791148 0.0004622721957044094 9.365154134496365e-05
 0.05988023952095808 0.03211991434689507 0.0253324889170361 0.007001575354454753 0.004526935264825713 0.006040002070857853 0.003298636563553731 0.0008152616990053808 0.0004130479892922226 9.744867437982868e-05
 0.08763388510223953 0.0594059405940594 0.05307050796057619 0.02125549100184214 0.01220008133387556 0.006229128095098022 0.003557712482097408 0.0008891242705798443 0.000451836223120656 9.163448835285811e-05
 0.05988023952095808 0.03218884120171674 0.02059025394646534 0.005388898868331237 0.002809778027535825 0.005894999653235315 0.003141719259663097 0.0008332558211639226 0.0004229257214571857 8.568140227378516e-05
 0.05988023952095808 0.03329633740288569 0.02503128911138924 0.006968641114982578 0.009040848195939836 0.005943183168905265 0.00386415730633107 0.0009256170298106534 0.0004472197997816401 9.14483651716118e-05
 0.05988023952095808 0.03239740820734342 0.02068965517241379 0.005394713181082538 0.002811094452773613 0.00566650067826296 0.003502438235848802 0.0009083793160097023 0.0004612822271883671 9.361636015608038e-05
 0.07702182284980744 0.04811547714514836 0.03353828954723309 0.01864601262191623 0.01064526695054045 0.005942880429245764 0.00350930866619276 0.0007606476036674917 0.0004510635293563912 9.160288318083445e-05
 0.07926023778071334 0.04897959183673469 0.03395585738539898 0.01535155050660117 0.00990916597853014 0.006558038641981537 0.003979941096871766 0.000874370453273643 0.000443213078134526 8.969251611625028e-05
 0.05988023952095808 0.04262574595055414 0.02917152858809802 0.008494733265375467 0.01670029921369425 0.006734800397353223 0.0036381827277275 0.0008182014762692351 0.0004142101702403799 9.5442577172283e-05
 0.03992015968063872 0.02219755826859046 0.01427551748750892 0.005296610169491526 0.004453549478934711 0.005636593447887132 0.003024747937671861 0.0007569567234254816 0.000383904366469202 9.162541697034186e-05
 0.07485029940119761 0.04428697962798937 0.02997601918465228 0.009991673605328892 0.005362888809438684 0.006446578224137346 0.003902508248483344 0.0008554536139998873 0.0004802132538858072 9.755747927401308e-05
 0.06920415224913495 0.04385964912280702 0.02976190476190476 0.01624095673999705 0.009809531594866345 0.005427075856515117 0.002951484965873455 0.0008152696116016749 0.0004408410856054609 8.959467369619839e-05
 0.07936507936507937 0.04889975550122249 0.04692832764505119 0.01880787037037037 0.01132319637657716 0.00462872300653362 0.002436144894402489 0.0007875392088880522 0.0004014628916099151 9.145767428303644e-05
 0.07194244604316546 0.04317789291882556 0.02939447383891828 0.01267226358308253 0.009099181073703366 0.006222566051697751 0.00358355506580303 0.0008844929163654264 0.0004506516815185787 9.159088184895708e-05
 0.07662835249042146 0.04777070063694268 0.03325942350332594 0.02311248073959939 0.01430830634836961 0.006033130505231586 0.003530881633983378 0.0008868717911147015 0.0004512746055026071 9.161224202440749e-05
 0.08968609865470852 0.05805515239477503 0.04140786749482402 0.0142314990512334 0.007799636016985873 0.005433767468713386 0.003591639364367434 0.0009022897041065701 0.000460082912814288 9.356296737937095e-05
 0.05988023952095808 0.03184713375796178 0.0203804347826087 0.006950477845351868 0.006092254134029591 0.005420717633069875 0.002949988476607513 0.0009063927689141992 0.0004699869284885514 9.35943247587656e-05
 0.03992015968063872 0.02219755826859046 0.01427551748750892 0.003690717844620779 0.001903311762466692 0.006120659707862566 0.003972983710766786 0.0009220803669879862 0.0004700265075365813 9.555098680281621e-05
 0.07163323782234958 0.04705882352941176 0.03280481137233461 0.01511258878645912 0.01303680981595092 0.00561157685309572 0.003489870427374901 0.0007765316601664496 0.0004688173009211283 9.743154539156743e-05
 0.03992015968063872 0.02219755826859046 0.01427551748750892 0.008409014463504876 0.004498020870816841 0.004567600487210719 0.003416198034372208 0.0007561319392069921 0.0003836913468746864 9.537902531776615e-05
 0.05988023952095808 0.04302925989672977 0.02925687536571094 0.008500510030601835 0.02005823358136525 0.006223851180802877 0.003321063847452468 0.0008725715848032933 0.0004427499692534743 9.747678361626136e-05
 0.06655574043261231 0.03773584905660377 0.02496878901373284 0.009870044415199869 0.007605848052057804 0.005376903597321956 0.002864746978153994 0.0009278914707837275 0.0004763089748275567 9.740915502925456e-05
 0.07485029940119761 0.04409171075837742 0.02972651605231867 0.01263623440214816 0.008366800535475234 0.00654632342110862 0.003648952928507222 0.0008337469752435317 0.0004230605379952637 9.727419829682805e-05
 0.06825938566552901 0.03835091083413231 0.02523659305993691 0.01260636621493854 0.01842500341203767 0.004852362381611344 0.002542325003295606 0.0009278087476901428 0.0004802800915080599 9.756927069757848e-05
 0.08130081300813009 0.05189028910303928 0.03663003663003663 0.01142670584394385 0.006187571820030054 0.005979839398599009 0.003424379781740846 0.0008864889449047121 0.0004511688214881902 9.161222377918746e-05
 0.07984031936127745 0.03838771593090211 0.02523659305993691 0.00697350069735007 0.008401949252226516 0.007073158969247834 0.004039375126230473 0.0008922752242326433 0.0004526690251378918 9.743357962818948e-05
 0.0745156482861401 0.04382120946538125 0.02956830277942046 0.01935573067883313 0.01121794871794872 0.004676944396327733 0.002493258966497987 0.0008616447457860786 0.0004399183902506264 9.345508210724905e-05
 0.07984031936127745 0.04819277108433735 0.03327787021630615 0.01393620315887272 0.007710760795065112 0.006075134638119008 0.003743264300575418 0.0008869384811756948 0.0004512909865417179 9.74922603083143e-05
 0.0765696784073507 0.04452359750667854 0.02992220227408737 0.01515840533575868 0.008460236886632826 0.005463827752830093 0.002932255729352796 0.0007570404764308064 0.0003839247743703634 7.966827722728105e-05
 0.05988023952095808 0.03157894736842105 0.0202020202020202 0.01615746180963572 0.01102796376526191 0.006842508268030824 0.00375184242261825 0.0008686001061622352 0.0004417177914110429 9.349959019328554e-05
 0.08429926238145416 0.05540166204986149 0.04424778761061947 0.01534683855125844 0.01180544624586809 0.00657284907727311 0.003760643965509523 0.0008906857505770095 0.0004522586880368728 9.16449308797993e-05
 0.05988023952095808 0.03141361256544502 0.02470660901791229 0.006924009001211701 0.006831184356587824 0.006910405785456006 0.003812394715843603 0.0009256687957048968 0.0004706736025651711 9.559075685176622e-05
 0.05988023952095808 0.03115264797507788 0.0200133422281521 0.01119462657924196 0.006868131868131868 0.006122178833807664 0.003333243245678045 0.0008691738792002828 0.0004418652605532153 8.96383451327275e-05
 0.07518796992481203 0.0441696113074205 0.02979737783075089 0.02052826057205419 0.02179734695148533 0.00641971024551054 0.003419593345656192 0.0008718362032889537 0.0004422621808832663 9.551271323959423e-05
 0.05988023952095808 0.03329633740288569 0.02478314745972738 0.006927606511950121 0.01270458112248711 0.00466442083441306 0.002489580643971526 0.0009218908750088828 0.0004699583988908982 9.555796795184833e-05
 0.0594059405940594 0.03144654088050314 0.02016129032258064 0.005339028296849973 0.007557944239166947 0.005276952032506024 0.003923551773445401 0.0008715255182671749 0.000478729276640063 7.771966516773996e-05
 0.06722689075630252 0.03798670465337132 0.02507836990595611 0.009870044415199869 0.01115004778591908 0.005988422383392108 0.003252532005818418 0.0007014863716786569 0.0003550737073837578 9.348778045090947e-05
 0.07473841554559042 0.04393673110720563 0.02967359050445104 0.0172761301468471 0.01353790613718412 0.005337649368091188 0.002853277126841974 0.0008702816231332459 0.0004602347393015007 9.356989661322764e-05
 0.05988023952095808 0.03181336161187699 0.02031144211238998 0.005349500713266763 0.002795638803466592 0.005657991080343473 0.003072446480693289 0.0006636749242141796 0.0004517647798285062 9.163673366042335e-05
 0.05988023952095808 0.03141361256544502 0.02016129032258064 0.01604902246863146 0.01037427180592132 0.005395996518711923 0.002869892055027866 0.0006082629579631432 0.0003068261898917597 9.559075685176622e-05
 0.05988023952095808 0.03329633740288569 0.02021563342318059 0.01251172974663747 0.006891798759476223 0.004111842105263158 0.002159563580368628 0.0009047770302137776 0.0004607115935621926 9.358157804823075e-05
 0.06791171477079797 0.03805899143672693 0.02910360884749709 0.008465966813410091 0.008364700961940611 0.005347040154546709 0.002855932047242644 0.0007402674313499361 0.0004030058337551789 8.168790319704537e-05
 0.07552870090634441 0.04409171075837742 0.02977963073257892 0.009951899154088572 0.005352841466678562 0.006158147895411348 0.003343756213060531 0.0007222584435916156 0.0003652665112803184 8.758840456924819e-05
 0.07984031936127745 0.04703668861712135 0.03119151590767311 0.008676036786395974 0.006166857545590697 0.007002230943347067 0.003971756398940865 0.000908330160619829 0.0004616397049434737 9.745747373521082e-05
 0.08298755186721991 0.05434782608695653 0.03933136676499508 0.02161285965149264 0.01263823064770932 0.006009305839328331 0.003987806174896317 0.0009098723081330969 0.0004620377042427841 9.364519707731347e-05
 0.05988023952095808 0.03329633740288569 0.02473716759431045 0.006915629322268327 0.004483500717360115 0.006507936507936508 0.004029837949069708 0.0009413229237105797 0.0004802174895209683 9.757123297381985e-05
 0.05988023952095808 0.03329633740288569 0.03225806451612903 0.0171330668189606 0.01597888008892594 0.006391710960102268 0.003521762687375835 0.0009435960638564194 0.0004801657257704945 9.756929012566924e-05
 0.08141112618724558 0.04897959183673469 0.03380281690140845 0.01625535687897148 0.01756638064995608 0.006464783940115686 0.003474952905243521 0.0009027177566503409 0.000468962040453838 9.551843426182559e-05
 0.08168028004667445 0.05150846210448859 0.03653444676409186 0.02124551852343646 0.01664355062413315 0.005060552123686874 0.003083340890541398 0.0008462498629652211 0.0004311181048048113 8.760975112459062e-05
 0.06622516556291391 0.03720930232558139 0.02473716759431045 0.006909656244601831 0.01983880967141971 0.006467768951392229 0.003517442909195858 0.000832146395838494 0.0004226476219682405 9.344867152772075e-05
 0.08536585365853659 0.05311077389984825 0.04225352112676056 0.01727115716753022 0.0129081245254366 0.006235779893823208 0.003366268173299125 0.0007233046813451904 0.0004607075291373006 9.359154776723425e-05
 0.0745156482861401 0.0437062937062937 0.02955082742316785 0.01246300046736252 0.008284317786430288 0.005099525744105798 0.003350024684392411 0.0009163610538915754 0.0004685344924356082 9.740896138589495e-05
 0.0776196636481242 0.0477326968973747 0.04087193460490463 0.01387818041634541 0.01735870018053048 0.005966993998908893 0.003996698379599461 0.000906964717142791 0.0004613035062992466 9.361611774756434e-05
 0.06711409395973154 0.03770028275212065 0.02495321272613849 0.01111287505953326 0.006078499478985759 0.006386323442719591 0.003773717374896881 0.0009439796254520024 0.0004805094577009485 9.758347469660501e-05
 0.0597609561752988 0.04643962848297214 0.03248511099079589 0.01630354231510301 0.01418651534383633 0.006495720943828253 0.003566365605970096 0.0008662375261796229 0.0004411198169646839 9.744152365134468e-05
# name: avgRateB
# type: matrix
# rows: 100
# columns: 10
 0.1140215716486903 0.09887330420786389 0.08686403120014181 0.06989515726410384 0.06395731306191069 0.03361872974411068 0.02115080967943304 0.005439713225694623 0.0028467847095181 0.0005920611529866218
 0.1125592417061611 0.09721443260422509 0.0998109640831758 0.08134509932091369 0.06825938566552901 0.0337833687546836 0.02123627568815119 0.005477687675572844 0.002843291417198263 0.0005866798696064349
 0.1129943502824859 0.09962460294542304 0.09562599610412607 0.07989984903715158 0.06705807862775572 0.03122580000499613 0.02048323115759106 0.005417613833950136 0.002830431426365897 0.0005898142639256533
 0.1196369636963696 0.1070090957731407 0.09779951100244499 0.07328141289016986 0.06242484713587638 0.03218039278337574 0.02044773488454081 0.005337072965148913 0.00277763676748211 0.0005858378064490847
 0.1114413075780089 0.1035134866129193 0.09829002288945739 0.07745370930654727 0.06146462626560296 0.03273086354003706 0.02082430713756621 0.005471273062425757 0.002850719854594155 0
 0.1167464114832536 0.1025715111239526 0.09733700642791551 0.07576734588599433 0.06458528005276755 0.03162569045813928 0.02042715132181858 0.00540887670836386 0.00283821509493782 0.0005914119079106386
 0.1247823563551944 0.1045465596887916 0.1089803159584354 0.07932423022192618 0.06583793738489871 0.03378019252347487 0.02110514198004605 0.005479845019685148 0.00285305065792497 0.0005904827652347525
 0.1205787781350482 0.1096233078281342 0.1034675615212528 0.0829669784814729 0.07046603032004492 0.03269742479592297 0.02067778733797774 0.005473423589720984 0.002851298106087426 0.0005904798401662221
 0.1039113812371336 0.09668035592060233 0.09150538505142117 0.07397601619685408 0.06397379912663756 0.03317118781793692 0.02121615560412647 0.005516526439526467 0.002863044626987558 0.0005909853709305799
 0.1222056631892697 0.1015605647758236 0.1041301041301041 0.07906558849955077 0.06617718094870062 0.03321740681291243 0.02123459957103259 0.005493284046878474 0.002861276875906709 0.000592479160684906
 0.1002578057863076 0.08407180186321291 0.08985963531418077 0.07336419502422914 0.06356701779876497 0.03258375910184087 0.02087460327603468 0.005436400585060253 0.00282297633884934 0
 0.05988023952095808 0.08917197452229299 0.0772115596735054 0.0770578991901366 0.06520839923112486 0.03322145352421399 0.02105567815925618 0.005405128092374555 0.002819017185493242 0.0005843379985294491
 0.1265466816647919 0.1087018382562176 0.1045233375382952 0.08547895902547066 0.06951096701299339 0.03451887825548731 0.02154243860404998 0.005453792511850444 0.00283220573142433 0.000592158826899696
 0.1155527795128045 0.09757383966244726 0.08336722244814965 0.07501738207633477 0.06327657616198804 0.03237514843277395 0.02083945230003217 0.005471172611823975 0.002850706219418284 0.0005906338551722183
 0.1176063645797302 0.09724473257698542 0.08344923504867872 0.07272035027603274 0.06368386675375572 0.0323458318250289 0.02081519084131603 0.005415142506658415 0.002817160532155875 0.0005914047722607031
 0.03992015968063872 0.02219755826859046 0.01427551748750892 0.07719559947790416 0.06471343145018157 0.03142546849365714 0.0202120541103592 0.005381103962564969 0.002817027407963622 0.0005909614131844084
 0.1043175891046074 0.09242449249050999 0.08364048766657216 0.07349015420369963 0.06277173213964138 0.03182505313647264 0.02050322340945213 0.005448007181131613 0.002844404397945538 0.0005901152526772519
 0.09234828496042216 0.1087911345361173 0.1033575928077793 0.08076437714079683 0.067348094287332 0.0332411260140868 0.0208858429384611 0.005433841597070515 0.002826818554662046 0.0005912155649064723
 0.05988023952095808 0.0303030303030303 0.09460946094609461 0.07866421531691732 0.0673554137546845 0.03353745779202198 0.02104729658386186 0.005499184318312652 0.002862890523640869 0.0005927335622989736
 0.1164179104477612 0.1083815028901734 0.1020827624006577 0.0810087348548887 0.06808697562047002 0.03397053451844637 0.02102011602501318 0.005415221695894278 0.002830900855561147 0.0005806711805758554
 0.1202335967021642 0.1057145706592201 0.09836358758830369 0.07970244420828905 0.06845522726128755 0.03368475794251135 0.0210784785036499 0.005358512181376398 0.002783435296647016 0.0005751877492149679
 0.128992628992629 0.1096709870388834 0.09488893681259435 0.08466849029568842 0.07189884576182475 0.03445803751069586 0.02173992339959876 0.005531846170124689 0.002867093844407243 0.0005889704281319246
 0.1302931596091205 0.1105998938241019 0.1056910569105691 0.08250053157559005 0.06666892280618633 0.03368486204680173 0.02102447903123955 0.005410765795273995 0.002838748634030235 0.0005914864331014008
 0.1304090100770599 0.1204489460717219 0.1111672561899949 0.08494991758590086 0.06970233674227276 0.03386830304460704 0.02133783957954432 0.005505021022529945 0.00285987385844968 0.0005827959815622382
 0.03992015968063872 0.02219755826859046 0.01427551748750892 0.08383772288565353 0.06960621965253024 0.03366311777526731 0.02130707380453639 0.00548315453080259 0.002852691615391856 0.0005889704281319246
 0.1217038539553753 0.1123132405976301 0.1033192320208265 0.08231021960919938 0.06889888897363537 0.03377140763806209 0.02138921113689095 0.005475247851102557 0.002855928439411812 0.0005924142445707909
 0.05988023952095808 0.1131203696327571 0.1079191366469068 0.08111888111888112 0.06548562762804164 0.03247417100657903 0.02064649789987513 0.005373673432078429 0.002797996174794271 0.0005804842387632713
 0.1045016077170418 0.1039240279519799 0.09338640538885486 0.08287492762015056 0.06927912264277117 0.03363379523745459 0.02078279335857498 0.005276321903770996 0.002822337658375096 0.0005875960259515643
 0.1155283724091064 0.1064720660366072 0.1011245750152559 0.08018425317751429 0.06754154693841277 0.03353477086480795 0.02124235130354087 0.005430189630376444 0.002853012600010496 0.0005920916359828543
 0.1179245283018868 0.1020653218059558 0.09512085944494181 0.07838139238489725 0.06698538746184804 0.03279729157850191 0.02074301627860239 0.005382131324004306 0.002808210673110905 0.0005838790788406972
 0.1171202204615915 0.09872241579558654 0.09683746016180438 0.07910181168665475 0.06705845058401814 0.03363674724214841 0.02094317516110135 0.005412585821593832 0.00282106599955628 0.000584438136034613
 0.1129032258064516 0.09836065573770492 0.08545420769087871 0.07721736688778913 0.06515020742266893 0.03230616302186879 0.02061040684378441 0.005397129608212449 0.002812412112121496 0.0005825025737103512
 0.07909604519774012 0.09458159666559796 0.088465172206476 0.07555180918485217 0.06457879400414775 0.03273038490007402 0.02087801275405133 0.005440506408218105 0.002836711439588075 0.0005826750492598242
 0.1162060301507538 0.09962850388382302 0.09868789951777503 0.08013803680981595 0.06619237484689755 0.03313080491009759 0.02113150241400553 0.005450749247057519 0.002834513419739552 0.000585048384493005
 0.07363770250368187 0.04355400696864112 0.02949852507374631 0.008541168431841476 0.06544056828686809 0.03319108582266477 0.02089071722411018 0.005409353766216561 0.002815695491152108 0.0005898644657728175
 0.1347254968002695 0.1148525189245628 0.1065762383432239 0.08187815289095848 0.0678139594395752 0.03390068268961002 0.02130754875020205 0.005459372409536921 0 0
 0.1258470474346564 0.1137527016266636 0.1064668769716088 0.08171190485821771 0.06698315666254796 0.0336417157275021 0.0210220623293312 0.005398254871326238 0.002810956012855567 0.0005808967062561981
 0.1199116440517514 0.1019586799034076 0.1005811354492624 0.08061794592973115 0.06873614190687362 0.03410472155678023 0.02135017950236534 0.005423638146750275 0.002810216097918708 0.0005826337104730589
 0.08119079837618402 0.1110777544280997 0.1065439000328839 0.08555097096566605 0.07109270040304523 0.03356956359567326 0.02093468966533982 0.00523636309426199 0.002832010298219266 0.00059255501199478
 0.03992015968063872 0.02219755826859046 0.01427551748750892 0.08593482641925548 0.07119980942801937 0.03466867505887698 0.02160905493915933 0.005520913923597199 0.002868768703364519 0.0005826505685995737
 0.1066885514977431 0.1100373170031576 0.1052711877336181 0.07914338919925512 0.06210929622907845 0.03153040877367896 0.02069131673303949 0.005404193212774484 0.002818516218411121 0.0005909159810361425
 0.1126947298641034 0.0952914798206278 0.09599814943326393 0.07145616067979915 0.06471259992386753 0.03216175542502063 0.02075423943305492 0.005324183625177473 0.00276495572230628 0.0005710274925944872
 0.1255417725302645 0.1158940397350993 0.1062416998671979 0.08210409128861675 0.07026754699970832 0.03404757035094263 0.02117138347135878 0.005505370958892003 0.002816349288205776 0.0005908430005655494
 0.07309941520467836 0.04359197907585004 0.1044734258869724 0.08419970747519469 0.07086443795304555 0.03385379017878656 0.02103970589336388 0.005430290713834724 0.002828602056921062 0.0005847962490573877
 0.1235955056179775 0.1025506179332106 0.1071589955458008 0.08438818565400844 0.06884211803238915 0.03258464794151597 0.02045109267266565 0.005333323524922253 0.002779316518148937 0.0005912224621825244
 0.102960102960103 0.08917811520848398 0.07825719120135363 0.07303770452928622 0.06467970609541551 0.0328602229883202 0.02075973340131843 0.005487483749314064 0.002855223862006456 0.0005922396403619832
 0.05988023952095808 0.03211991434689507 0.0205761316872428 0.06737430877772835 0.06689237153934363 0.03179215876209282 0.01953080297539577 0.005223009494353201 0.002705406287518257 0.0005781559991604858
 0.1225790634959549 0.1076527030189562 0.1003344481605351 0.08218654434250765 0.06841468847451156 0.03292959878879637 0.02120177139714608 0.00543223198217341 0.002821781465502762 0.0005828938498750941
 0.1125040180006429 0.09568069983597594 0.08268156424581005 0.08215537030324997 0.067624959163672 0.03288073047263093 0.02057795937703559 0.00526217294390783 0.002729769190325467 0.0005896879798635407
 0.1149228130360206 0.1049170059505168 0.09590973201692525 0.0812577950791791 0.06777497492629851 0.03175766459020398 0.0196347928529354 0.005320766190331408 0.002791407781001717 0.0005869264794549053
 0.1291572489505974 0.1104536489151874 0.099009900990099 0.07598515638805442 0.06692088184045052 0.0331661257007967 0.0211160958684972 0.005488826841281117 0.002821047115311974 0.00058978484727937
 0.0975609756097561 0.1094586555621654 0.1068071774423241 0.08112703424823901 0.07040316814256642 0.034193423222427 0.02120029770630822 0.005396295036887004 0.00280286544997989 0.0005861192313046281
 0.1197604790419162 0.1005619639160012 0.08673026886383348 0.07566296922059797 0.06426808974579674 0.03272168071502075 0.02078176311627148 0.005423458925059485 0.00283650409436992 0.0005898165987058078
 0.1263601263601264 0.1186115471829758 0.1113398917105163 0.08576193123163663 0.0697086603698284 0.03401680830528026 0.02132620983809791 0.005433890702211849 0.002840557054208886 0.0005900100994681792
 0.1366153846153846 0.1255886970172684 0.1168002173027299 0.08847372536109625 0.07172309657936 0.03467457361301705 0.02139275766016713 0.005505492603490372 0.002791606569580794 0.0005869567537378473
 0.1246729259658304 0.1148121899362154 0.1058685139197491 0.08575905005359941 0.07040450588837685 0.03449690010373194 0.02142932070551917 0.005355644774688399 0.002764150323386258 0.0005908605765331989
 0.09345794392523364 0.09247688077980504 0.08661812703991965 0.07762150614206872 0.06531639501438159 0.03228438228438228 0.0204683896564535 0.00540200202575076 0.002842275569548297 0.0005916377641395489
 0.1190071404284257 0.09994739610731194 0.09801712483100496 0.0826954620010935 0.06950243797311495 0.03413801511826384 0.02151025395269207 0.005498631800174554 0.002858208862173907 0.0005848973554708722
 0.1144395826321104 0.09948415622697127 0.0945179584120983 0.07538126361655774 0.06715314310649956 0.03354621538745303 0.02111361720219351 0.005422070231539054 0.00281448779203913 0.0005811740469489453
 0.115916183682568 0.1117627531260374 0.1056668086919472 0.07673667205169628 0.06842175598022184 0.03344127171033265 0.02096203951787309 0.005414547829436162 0.002809707732662083 0
 0.1299228583028827 0.1068003487358326 0.0943759630200308 0.07543144500742885 0.0646994646436455 0.03333783844663694 0.02119156319779266 0.00550687250296595 0.002865963946365258 0.0005926831579268696
 0.1002147458840372 0.07633587786259542 0.06247944755014798 0.07638982366401939 0.06532175555497259 0.03270984981111213 0.02066189816840882 0.00535351602743355 0.002786753059203659 0
 0.1195629767058338 0.1071098799630656 0.09626556016597511 0.05636449037106623 0.06879678302366705 0.03460289903325921 0.02161078311239835 0.005469354004401439 0.002836462095251282 0.0005851010657963007
 0.1175841795831106 0.1020634568449079 0.09046807394781696 0.0785474207219056 0.06536830447583804 0.03266743444365698 0.02094248271357783 0.005437978472978777 0.002828000076691527 0.0005847407249714617
 0.111011101110111 0.09504238376573336 0.08220395467673849 0.07604727968016688 0.06539983720212199 0.03411042367498648 0.0213903743315508 0.005435764044062523 0.002841063472980819 0.0005900366179101062
 0.1248884924174844 0.1151470742175233 0.1061857407719535 0.08013842090884254 0.06855780217596502 0.0341773370559353 0.02124826048571728 0.005508022675309456 0.002860689234112855 0
 0.1207648440120765 0.1015514809590973 0.08640674394099052 0.07576533224122044 0.06427384993139308 0.03271992869312092 0.02081616414220353 0.005435407117464985 0.002841028261557646 0.0005900113844478543
 0.078125 0.04803843074459568 0.09118863323083448 0.07883565797453002 0.06717468072113214 0.03336369982135041 0.02083409749477313 0.005466748820260978 0.002854134629244093 0.0005921455751278262
 0.1103911687065035 0.1021711366538953 0.0953619419159081 0.08042479195131039 0.0688513389220298 0.03297373299986313 0.02074990899162723 0.005413248096156962 0.002816707096952208 0.0005826862510026068
 0.1090003114294612 0.09266613714588298 0.09618835690187352 0.07845888881801365 0.06694379960049668 0.03319782408647742 0.02089259009471307 0.005472770213438038 0.002851197167938383 0.0005904504740841776
 0.1236576635209893 0.1065368933315796 0.09858812074001948 0.07805403223093227 0.06612845452291075 0.03322452786197249 0.02103199868371165 0.005363169818299506 0.002784643364002819 0.0005751877492149679
 0.1258154706430568 0.110800223838836 0.10421699220098 0.08461255476405471 0.07165870458837907 0.03486044046637617 0.02184921091870027 0.00551067786922938 0.002819582336134632 0.0005922572369278528
 0.1209677419354839 0.1074155558431474 0.09879379666858128 0.07969837231401158 0.06851981624231099 0.03339590266821746 0.02109110345475164 0.005422933474993637 0.002823188039635646 0.000584541550996792
 0.08073817762399077 0.0963792654337067 0.08303923603902845 0.07687591378578502 0.06876253483707967 0.03388206304117184 0.0214871728089595 0.005502276613108713 0.002859141240617843 0.0005907963836124185
 0.1056635672020287 0.1001755654239389 0.1006324147163366 0.08360763660302831 0.07110590597289611 0.03329581691990246 0.02090356391043853 0.005439616580539404 0.00281234150787265 0.0005840917946784683
 0.09531374106433677 0.09858138975715316 0.08600797147052654 0.07944600220919364 0.06532485875706215 0.03292171694158389 0.02088844558162395 0.005362987644855955 0.002789207778726684 0.0005769605953757501
 0.09669621273166801 0.1042854815056216 0.09428651843512524 0.082358040745557 0.0671041740569942 0.03242195749121129 0.0213141839456989 0.005503912764829628 0.002859525337985339 0.0005908134847428365
 0.1213224143160449 0.1102140202486223 0.1012286531179971 0.0766141815491916 0.06834062811948091 0.03420437401388905 0.02161603516790638 0.005366404104931578 0.00279811103630382 0.0005803406342033755
 0.1267463632435547 0.1165989781213154 0.1094182010706512 0.08642711171662125 0.07057698796535823 0.03337510390947779 0.02116240509643075 0.005454089560543139 0.002846015292079482 0.0005904872113944217
 0.1168348380244291 0.1014526170163708 0.09658442356659934 0.07779679477205539 0.06680919294494922 0.03248226611574196 0.02025210897421579 0.005375278854056593 0.002812110951599281 0.0005842310687348843
 0.1179941002949852 0.09944751381215469 0.1068586585827965 0.08370917042503757 0.06977561367401235 0.03442771371390451 0.02136338545139113 0.005506994622364311 0.002863826033139657 0.0005910186583400468
 0.1207672270897466 0.1081024349286314 0.1004107713372889 0.08566245632894383 0.072740757644911 0.03451560624992268 0.02117268649669499 0.005465335602889083 0.002836475731786701 0.0005851224195109567
 0.05988023952095808 0.03329633740288569 0.08038585209003216 0.07284210526315789 0.06340000982945888 0.03214624826970817 0.02057541412380122 0.005412754651758044 0.002824363824016283 0.0005846149943639151
 0.1255134641716111 0.110693813006523 0.0988875154511743 0.08301493574157694 0.0695489255400687 0.03374780100764711 0.02100341398248479 0.005412327631125104 0.002820947302791877 0.0005844451990501477
 0.1228280407429598 0.1044386422976501 0.09148486980999296 0.07502679528403002 0.06282905261933157 0.03256851785070321 0.0207459943720209 0.005417953813321188 0.002822472236919276 0.0005845110901567738
 0.09 0.09980887661923976 0.1010249981564781 0.07606215364555037 0.06817224026376459 0.03371649348467759 0.0209839297449071 0.005474927031490901 0.002856315849304979 0.0005922496116209277
 0.110803324099723 0.09248554913294797 0.07875953728771844 0.07950622450047076 0.06696753530353763 0.03290300195025066 0.02049959373532416 0.005431771121934148 0.002839985857251637 0.0005899776263853832
 0.09250693802035154 0.0963302752293578 0.09960303139660773 0.08033408779368166 0.06781612071769975 0.03385487075197781 0.02123283126534404 0.005456676188383506 0.00284678198999614 0.0005902709482306628
 0.05988023952095808 0.08875739644970415 0.07430997876857749 0.07501019160211986 0.06448353023267005 0.03296154486432495 0.02111219318012184 0.005486584564286016 0.002854898354122358 0.0005922160626029817
 0.1207915702904138 0.1047198743361508 0.1005638551415451 0.08197727970525023 0.07051552926262412 0.03408863043914177 0.0213239997941131 0.005483495231383258 0.00285410814388153 0.0005905948756976154
 0.05882352941176471 0.123745613495044 0.1182237600922722 0.09184617417734901 0.07817333108374108 0.03612903225806452 0.02187930941503663 0.005520343488039256 0.002859425996707327 0.0005892481847882307
 0.1051466519092418 0.08403361344537816 0.08091210003677823 0.07581753801291398 0.06574028719482328 0.03279030426621556 0.02058042556866018 0.005399301202305411 0.002831561073826779 0.0005896235748125472
 0.1148600143575018 0.09668842156151801 0.08419280151547043 0.07357740461638877 0.06358322223361706 0.03178828343269464 0.02042474999116577 0.005376226905836112 0.002815794705735184 0.0005908208180754022
 0.1068037974683544 0.08720930232558138 0.07289416846652268 0.07544095771056174 0.06339004039272342 0.03209750702132966 0.02072829131652661 0.005437128608297132 0.002832411204865623 0.0005915909403882102
 0.05825242718446602 0.03099173553719008 0.09937202401490582 0.08036855202098325 0.0680195309192515 0.03352224767876522 0.02105369050356404 0.00546597930605828 0.002853845867507104 0.0005921582405255672
 0.1235924196649272 0.1130548613590384 0.1053331854972835 0.08269501924469343 0.06825847919045976 0.03379849224353246 0.02137184115523466 0.005496613495846184 0.00285771001531464 0.0005896626595329357
 0.1207186973610331 0.1092412164157071 0.1022225664059475 0.08162700608743775 0.0685166152792052 0.03290659410937082 0.02066326159398146 0.005501524919323275 0.002858902603520096 0.000590960173448794
 0.05988023952095808 0.03083247687564234 0.1019777503090235 0.08622495287300147 0.07244119021654463 0.03503766549040219 0.02182820531922819 0.005503022931749458 0.002845490813405252 0.0005855141419528425
 0.1171032357473035 0.09934640522875816 0.09753378849101295 0.07605351401804543 0.06361080018564526 0.03165397811947643 0.01997943722154571 0.005387657366759786 0.00282345693800373 0.0005893589850842734
 0.09038619556285948 0.06314580941446614 0.08151620134501733 0.07638374280339737 0.06616096745268157 0.03321952569899418 0.01998861961802769 0.005388361139937735 0.002823524043210375 0.000589366211793297
