# Created by Octave 3.0.1, Thu Sep 10 04:01:21 2009 PDT <jwawerla@marvin2>
# name: prtA
# type: matrix
# rows: 100
# columns: 10
 173.7 274.6 520.7 895.2 928.8 1461.3 1518.5 1667.3 1734.7 3255.3
 284.9 488.5 508.6 848.4 1116.2 1760.4 1821.7 1975.1 2043.3 2203.2
 339.7 454.2 757.3 1131.1 1172.9 1287.9 1350.9 1881.6 1875 2834.2
 243.6 280.7 686.5 758.7 1071.8 1912.9 1976.1 2646.2 2714.6 2773.8
 196.9 234.9 241.8 877.6 1318 1432.1 2363.9 2517 2585.3 3159.9
 257.6 492.8 797 954.4 1071.3 1876.7 1940.8 1980.8 2048.1 2207.2
 190.8 627.8 641 1067.1 1113.7 2131.6 2391.1 2546.1 2614.7 2768.5
 255.6 724 740.5 952.5 1000.8 1735.8 1800.8 1956.4 2025.1 2825.5
 67.8 73.2 84.3 560.8 1224.9 1355.6 1827.5 1983.2 2049 2207.3
 115 123.1 138.9 793.1 837.5 1290 1352.9 2046.5 1654.6 3173.8
 95.59999999999999 107 117.7 233.5 827.2 1267.7 1976.1 2398.2 2395.1 2553.9
 87.2 98.09999999999999 138.7 409.5 756.6 976.7 1762.4 1918.2 1984.2 2142.6
 106 167.5 181.5 588.6 631.5 1537 1600.3 2041.9 2414.5 2622.4
 93.90000000000001 166.2 180.4 401 812.5 983.4 1047 1650.8 1718.4 1877.8
 65.59999999999999 72 152.9 573.5 618.5 1289.3 2025.1 2180.4 2640.8 2799.4
 76.2 130.8 190.3 953.9 1126.1 1502.4 1566 1721.6 2124.3 3852.2
 58.4 97.3 105.9 643.4 836.4 1125.2 1188.9 1319.6 1387.4 2739.5
 79.5 147.6 158.5 435.7 754.2 1469.7 1756 2227.9 2294.3 2451.2
 107.8 122.3 132.6 274.6 1120.3 1252.4 1316.2 1508 1574.4 2196.2
 47.4 54.9 60.7 425 512.8 1124.4 1188.1 1684.7 1765.3 2412.4
 65.59999999999999 75.40000000000001 82.90000000000001 502.5 544.3 1445.9 1509 2568.4 2579.4 2738.1
 43.5 48.6 52.5 136.2 483.7 1261.8 1323.6 2425.7 2513.9 2675.6
 72.7 82.40000000000001 87.3 168.5 451.1 1483.1 1754.3 1920.3 2005 2656.8
 88.90000000000001 113.7 119.8 247.6 282.3 1142.4 1203.1 1368.7 2068.7 2229.9
 93.09999999999999 130.5 137.2 276.1 569.6 1169.4 1541 1706.7 1791.1 1952.3
 53.5 60.8 64.59999999999999 130.9 826.1 1264.8 1324.9 2061.2 2432.2 2592.8
 53.3 73.59999999999999 78.3 190.2 220.7 834.3 1209 1703.8 1783.9 1944.4
 40.1 76.8 81.7 172.4 201.9 1356 1415.5 1691.6 1771.4 2126.4
 52.8 60.1 64.2 463.1 498.6 608.6 881.6 2004.1 2084 2246.3
 40.1 61.2 65 213.1 515.6 1373.8 1432.8 1902.9 2234.2 2410.1
 40.1 47.1 62.8 136.9 592.1 740.6 1213 2083.9 2199.5 2738.1
 69.7 76.5 93.3 147.6 439.6 862.1 1009.3 1809.6 1884.5 2050.2
 82.2 90.09999999999999 94.5 253.7 282.5 1241.1 1464.3 1991.6 2058.9 2681.7
 128.3 138.8 144.6 206.4 408.1 1187.1 1245.2 1711.9 2109.4 2275.2
 40.1 47.6 50.2 192.4 262.5 757 814.8 974.6 1050 1982.1
 42.2 58.4 61.6 98.90000000000001 117.9 825.2 947.5 1552.5 1627.8 2828.8
 59.3 65 68.8 105.8 125.4 910.1 1292.4 1455.6 2073 2239.7
 40.1 90.8 95.90000000000001 191 455.9 794 1159.3 2291.5 2358.5 2301.2
 65.5 71.3 75.5 112.2 131.7 773.2 1124.5 1284 2153.3 2323.3
 40.1 46.8 49.7 126.4 167.2 1046.5 1103.1 1769.3 1846.3 2016.2
 60.1 65.59999999999999 69.40000000000001 135 338.4 952.1 1008.3 1693.4 1769.8 1939.2
 40.3 43.9 46.5 58.3 70.3 624 680 1669.3 2291.1 2903.8
 40.1 40.1 40.1 41.9 50.7 1043.1 1576.7 2053.9 2190.6 2349.6
 40.1 40.1 40.1 186.7 211.4 848.6 1078 1682.6 2014.1 2970.8
 58.6 63.9 67.90000000000001 101.5 119.6 1000.7 1056.8 1216.8 1292.5 1877.8
 65.90000000000001 72.40000000000001 76.7 172.8 475.4 866.9 923.2 2049.4 2348 2565.7
 60.2 66.59999999999999 70.2 180.4 226.6 716.5 971.2 1519 2089.8 2315.7
 60.7 67.09999999999999 70.8 283.5 352.5 853.1 1411.2 1933.8 2009.3 2177.5
 40.1 40.1 40.1 78 150.2 1068.2 1174.5 1332 1412.8 2520.6
 51.7 56.5 59.5 104.5 177.6 752.8 807.1 964.6 2802.5 3032.8
 40.1 40.1 40.1 73.3 106.9 401.6 1636.4 2021.7 1279.4 2670.6
 57.4 62.5 65.90000000000001 144.9 455.6 743.7 797.7 1582.7 1665.2 2486.9
 66 71.90000000000001 75.7 160.3 199.3 943 1053.6 1418.2 1698 2276.3
 40.1 40.1 40.1 40.1 75.40000000000001 841.1 895.4 1501.4 1586.2 1972.6
 50.6 55.2 58.3 145.5 294.5 410.1 920 1797.1 1881.8 2644.1
 59.8 65.3 69.09999999999999 126.9 201 932.5 1147.3 1299.3 1996.1 2169.5
 57.6 63 66.59999999999999 137.9 318.8 577.8 843.6 1674.2 1758.8 2276.7
 80.3 87.40000000000001 92.2 111.1 147 663.3 1121.9 2064.4 2148.7 2321.6
 49.7 54.5 57.5 70.59999999999999 183.8 392.5 1373.8 1525.7 1609.8 2943.9
 88.40000000000001 96.40000000000001 101.4 232.9 256.3 804.9 1262.2 1622.2 1704.8 1879.5
 76 83.3 87.90000000000001 191.5 343.9 548.9 760 1955.6 2038.2 2212.5
 65.7 72.09999999999999 76.2 187 229.1 605.5 660.1 1413.4 2125.2 2953.5
 40.1 67.59999999999999 71.7 88.2 233.3 934.8 989.7 1319.8 1487.2 2972.6
 69 75.90000000000001 80.40000000000001 276.7 323.2 793.8 1037.2 1941.1 2008.4 2623.3
 71.59999999999999 78.7 83.40000000000001 130.6 206.1 857.3 962.7 1116.5 1998.2 2172.3
 56.2 62 66 156.2 177.2 847.3 902.5 1494.3 1579.5 2070.4
 65.40000000000001 72.3 76.8 183.7 355.3 931.5 986.9 1671.9 1755.1 1929.5
 40.1 66.7 71 88.2 237.9 781.3 836.7 1560.6 1643.8 2680.8
 40.1 40.1 73.2 123.7 142.8 1086.6 1142.1 1619.3 1702.4 2469
 68.7 76.09999999999999 81.09999999999999 202.1 225.8 1066 1121.7 1276.2 2000.7 2174.8
 57.7 64.3 68.5 161.9 183.8 501.9 557.5 1609.9 1688.2 1861.5
 40.1 40.1 61.4 77.3 224.3 785.6 841.6 2053.6 2131.9 2305.4
 66 73.5 78.5 293.6 317.8 523.9 1381.5 1831.8 1909.7 2084.8
 40.3 56.4 60.5 76.40000000000001 133.3 1135.3 1323.4 1725.9 1803.8 2291.1
 77.2 85.90000000000001 92.09999999999999 113.8 131 853.2 1097.2 1249.2 1886.7 2060.9
 63.9 71.40000000000001 76.8 125 279.3 823.8 1245.8 1674.9 1755.1 1923.7
 50.1 56.1 60.5 76.09999999999999 603.7 824.4 1072.3 1733.3 2331 2994.4
 40.1 46.1 49.8 63.1 117.4 1041.6 1226.7 1744.5 1817.6 1991.4
 57.6 64.7 69.90000000000001 134.1 426.4 1020.7 1077.2 1644.8 1717.6 1892.4
 57.8 65 70.5 224.9 247.9 774.7 831.3 2215.9 2288.9 2904.6
 40.1 78.40000000000001 85.09999999999999 172.3 332.7 792.4 1203.5 1658.4 2000.1 2863.8
 40.7 46 50.2 63 192.3 1118.8 1175.6 1548.2 1621.4 3106.8
 40.1 40.1 40.1 65.8 121.1 1131 1187.8 2037.8 2321.6 2497.2
 66.3 75.2 81.90000000000001 160 219 963.1 1325 1477.4 1550.6 1726.2
 59.8 68.09999999999999 74.5 125.6 144.3 727.1 784.2 1694.9 1768.2 1944.2
 49.2 67.90000000000001 74.3 162.7 183.8 1024.1 1081.3 1234 1916.4 2080.8
 82.09999999999999 150.9 161.7 207.7 230.9 743.2 1608.6 1757.3 1824.7 1983.9
 58.5 66.7 72.7 153.7 232.7 602.2 1456.9 1849.2 1920.6 2138.5
 40.1 40.1 76.3 144.8 165.1 600.8 1005.8 1947.3 2018.7 2196.1
 84.2 95.09999999999999 152.2 245.4 389.4 988.2 1389 1699.2 2299 2473.6
 46.4 53 57.8 139.4 181.7 1230.4 1288.9 1767.9 1840.8 2014.8
 40.1 40.1 86.7 168.4 395.7 995.9 1054.4 1843 1917.2 2092.3
 40.1 43.8 109.1 402.3 516.4 953.7 1012.4 1369.1 1673 1848.4
 60.1 79.2 85.40000000000001 264.7 354.6 1131.3 1189.9 2387.6 2454.5 2961.7
 48.7 67.09999999999999 72.59999999999999 144.4 477.4 787.4 1309.8 1839.4 1912 2087.7
 40.1 45 48.9 62.7 122.4 793 851.9 1630.6 1702.8 1878
 69.59999999999999 90.3 97.40000000000001 210 233.7 332.5 784.2 1834.7 1907 2082.5
 40.8 46.3 50.3 132.8 195 908.6 1480.2 1634.5 2357.4 1845.4
 49.6 56.5 61.4 78.8 216.7 935.1 1073.3 2049.5 2121.6 2346.4
 40.1 44.1 47.9 62 73.8 1105.1 1509 1763.4 1835.2 2012
# name: prtB
# type: matrix
# rows: 100
# columns: 10
 769.8 967.8 1195.8 2321.2 2473.4 3582.8 3639 3873.1 4134.5 4049.5
 718.1 1495.9 2153.1 2655.9 2812 3691.3 4530.7 5029.8 5098 5915.6
 895.7 1372 1727.3 2458 3112.5 3476.9 4128.1 4651.7 4368.3 4720.1
 894 2288.3 2307.3 2915.2 3690.6 4170.1 4232.2 4386.3 4454.6 5307.2
 1425.5 2045 2790 3546.4 3665.2 4068.7 4306.9 4461.4 4016.9 4682.3
 779.1 1576.9 2883.3 3193 3236.8 3993.7 4056.9 4211.9 4058.4 4216
 1661.5 2298.8 2319.7 3414.9 3571.9 4555.7 4755.8 5247.3 5315.8 5474
 1417.5 1837.7 2555 3001 3047.3 3932.8 4414.6 4894.4 4962.4 5122.6
 884.8 2619.9 2640.9 3402.7 3448.9 3288.9 3422.5 3683 4461.4 4798.9
 639.5 988.2 1007.4 2620.9 2662.8 4261.5 4323.9 5309.1 5375.7 5534.4
 1442.3 1621.2 1913.1 2398.5 3290.5 4257.4 4320.2 5708.9 5775.5 5934.3
 737.3 1160.9 2472.6 3397.1 3562.8 4037 4100.5 3956.5 4023.6 4232.4
 365.3 428.9 1672.2 2915 3450.8 4167.9 4231.1 5159.1 5226.1 6173.2
 263.7 1668.4 2256.1 2846.8 3748.6 4303.8 4367.1 4311.6 4376.8 4534.1
 590.4 1832 1847.2 3500 3615.9 4286.7 4350.2 4759.5 5066.7 5092
 336.9 807.9 1588.9 3115.2 3439.8 3711 3773.7 3946.9 4014.3 4681.7
 523.2 653.3 2196.8 2476.4 2514.1 3857.3 3918.5 4934.1 5282 5443.5
 40.1 40.1 40.1 2556.5 2707.2 3872 3931.9 4204.2 4284.4 4444.9
 323.4 1333.5 1383.9 2461.9 2682.9 3677.6 3736.8 5145.3 5502.8 5663.1
 377.5 1037.4 1048 2729.5 2788.3 3400.5 4248 4532.3 4934 5094.2
 323.3 1292.5 1370.8 2695.7 3404.3 3618 3677 4481.2 4558.3 4718.5
 291.1 395.2 1293.6 2685.5 3016 3530.7 3589.5 4632.5 4708.7 4868.8
 671 688.1 1370 1895.4 2512 3920.5 3979.2 4136.1 4066.4 4791
 234.4 351.3 371.6 2788.5 3386.1 3879.2 4052.2 4378.6 4619.9 4806
 42.2 1214 1221.6 1866.2 2793.9 3334.4 4116 4413.4 4721.7 4751
 541.8 735 1195.4 2810.8 2913.6 3691.8 3749.4 3695.5 4914.2 4714.4
 40.1 47.2 49.8 2812 2940.5 3719.5 3777.4 4342.7 4418.2 4583.6
 528.9 1287.2 1618 2756.1 2787.2 3477.5 3599.6 4337 4412.5 4577.9
 40.1 333.1 340.9 1990.3 2871.9 3734 3791.8 3401.6 3467.6 4349.1
 340.6 354.3 362.3 2569.4 2599.2 3518.7 3691.7 3728.3 3794.1 3951.9
 485.4 689.6 697.9 2972.5 3133.8 3688 3892.6 4051.6 4126.5 5243.8
 421.8 908.6 999.3 2483 2513.3 3091.9 3564.6 4347 4536.6 4718.8
 1218.7 1571.6 1580.8 2521.7 2551.3 2741.6 2971.4 3791.8 3735.2 3893.1
 60.9 1322 1331 2680.3 2733.6 3319.9 4186.1 4348.6 4427.9 4594.3
 330.3 344.2 925.1 2540.2 2569.8 3511.6 3568.6 4294.7 4372.4 4405.3
 139.5 1280.3 1434 2262.6 2314.6 3578.6 4096.8 4256.5 4333.8 4367.7
 644.7 658 667.2 1927.7 2908 3293.8 3350.1 3509 4312.9 4482.4
 172.5 244.9 438.6 1892.1 1921.4 3614 3742.8 4616.4 5234.5 5404
 751.8 852.4 861.1 2123.9 2152.8 3777.7 3833.9 4136.5 4212.7 4381.7
 118.7 366 374.5 1850 1933.8 3770.2 3826.2 3987 4325.9 5441.3
 324.8 339.3 384.5 1622 2841.7 3765.6 3821.9 4149.6 4225.2 4390
 691.1 717.8 1638.9 1847.8 2556 3055.5 3745.8 4625.9 4701.4 5105.8
 42.5 47 1258.2 2384.8 2534.9 3276 3897.8 4318.5 4174.4 4348.2
 278.9 739.3 953.1 2518.7 2895.7 3414.5 3470 4060.9 4025.6 4183.2
 611.5 1015.8 1023.2 1139.7 2872.8 3621.1 3744.3 4115.9 4199 4838.9
 277.7 1097.6 1210.3 2013.6 2330.4 2892.1 3538.4 4308.3 4370.1 4863.2
 314.8 327.5 334.9 1634.2 2512.3 3616.3 3936.8 4001.8 4067.2 4264.1
 664 722 742.4 2374.7 2769.4 3307 3361.2 4301.5 4665.3 4720.1
 40.1 40.1 40.1 2129.9 2775.2 3358 3412 4142.8 4119.7 5138.8
 91.8 407.4 1251.3 1281.7 3019.1 3229.2 3362.3 4576 4658.5 4714.4
 520.6 841.9 1343.8 2380.9 2588.6 3471.9 3526 3679.6 4677.3 5212.6
 303.9 316.5 347.8 1982.8 2059.6 3450.9 3504.9 3958.6 3945.9 5223.3
 362.7 375.8 396.2 2343.6 2582.9 3435.5 4151 4445.8 4529.8 4702.8
 298.5 311.6 1160.6 2418.4 2649.8 3325.3 3430 4079.6 4163.8 4489.2
 351.9 831.4 1168.8 1971.4 2072.1 3435.4 3834.7 4257.6 4341.8 4517.8
 276.7 289.8 362.5 2221.6 2483.1 3644.8 4094.4 4246.2 5065.3 5240.8
 442.1 456 464.4 2372.1 2513.9 3339.1 3454.6 3606.2 4557.5 4732.5
 274.3 309.6 317.7 347.6 2985.2 3422.3 3574.5 4226.9 4309.9 4484.6
 327.8 371.8 609 1827.1 2355.8 3858 3912.4 4419.5 4502.1 4676.8
 580.9 788.4 1047.7 1844.3 2373.5 3732.3 3787 3938.8 4797.8 4972
 486.7 714.8 723.9 2075.8 2122.1 3547 3601.8 3949.2 4164.1 4751
 672.9 708.4 717.6 2193.5 2394.3 3355.3 3410.2 4019.8 4104.8 5337.3
 746.5 853.6 1072.2 1229.9 2735.9 3483.6 3538.5 4044 4121 5114.4
 40.1 44.3 47.2 2543.5 2669.8 3061.6 3117.1 3895.3 3978.5 5186.7
 409.7 812.8 822.9 2720 2804.6 3034.6 3090.5 4298 4376.6 4550.3
 281.8 297 717.9 1854.1 3102.2 3294.4 3655.2 4491.1 4569.4 4742.7
 476.9 493.2 503.1 565.6 3128.2 3410.1 3466.1 3929.6 4008 4181.4
 574.4 733.5 797.2 2081.6 2755 3711.6 3831.6 4189.1 4267.4 4742.8
 57.6 64.09999999999999 68.59999999999999 86.2 3110.3 3646.8 3977.5 4344.4 4422.5 4464.7
 40.1 40.1 374.6 1875.1 3066.3 3735.1 3791.2 4484.6 4562.5 4738
 575.9 592.8 615.8 2157.5 2300.1 3201.9 3648.7 5263.9 5339.6 6027.9
 308.4 386.1 480.8 1749 3151.9 3646.3 3702.6 4896.3 4971.9 5146.2
 287.7 786.5 810.9 2680.2 2705.9 3511.8 3937.5 4617.7 4693.2 5228.1
 329.1 502.7 559.4 1507.4 2722.2 3774.1 4508.4 4660.5 4735.5 4909.3
 335.6 921.8 1131.6 2396.2 2933.7 3734.7 3790.9 4062.8 4684 4845.7
 249.6 512.6 571.8 2272.7 2856.2 3187.2 3243.6 4811.1 4884.1 5441
 40.1 46.6 97.90000000000001 2359.9 2842.6 2977.4 3407.4 3712.3 3785.2 6055.8
 237.5 411.4 423.1 2127.9 2941.6 3881.3 4065.2 4367.2 4440 4485.4
 366.4 557.2 671.8 2246.5 2710.2 4043.3 4100.5 4253.2 4326.5 4502.5
 111.6 125.3 396.1 3011.2 3125.5 3666.2 3432.7 4081.4 4161.8 4250.2
 125.6 592.5 803.4 1814.9 2923.2 3058.6 3991.7 4144.7 4216.3 4392.2
 665.7 911.8 1135 2879.4 3032.6 3320.8 3518.3 4594.7 5216.4 5385.3
 330.6 350.5 1080.1 2168.2 2805.9 3414.7 3473.2 4054.4 4273.6 4431.2
 318.9 1190.9 1204.3 2328.4 3079.5 3183.4 3241.9 3662.2 4875.2 4485.4
 235.6 1001.7 1314.3 1466.2 1902.9 4078.5 4264.9 4614.4 4685.8 5998.4
 317.1 482.1 508.8 2280.9 2979.3 3179.4 3605.7 4090.8 4315.5 5430.9
 280 298.6 1405.4 2373.4 2438.5 3363.3 3421.8 4861 4808.7 4965.7
 40.8 256.7 281.8 1959.2 3160.5 4016.4 4158.9 4313.6 4386.7 4891.3
 288.4 726.3 775.6 2831.2 2857.8 3796.9 3855.4 4212.9 4495.4 4669.5
 284.2 756.9 793.7 2433.3 2716.1 3621.3 3679.8 4200 4272.8 4329.8
 133.9 1301.3 1314.4 2585.9 2649.3 3269.6 3328.1 4133.6 4206.3 4242.3
 227.1 920.6 2070.1 2543.3 2590.4 3537.5 3595.9 4413.4 4224.9 5116.2
 306.5 541.9 1684.3 2113.2 2839.3 3909.8 3968.3 4122.1 4074.3 4231.8
 349.3 1181.3 1308.2 2313.5 2361.6 3486.9 3872.9 4195.5 4260.9 4418.3
 290 308.5 379.5 2456.8 3160.9 3875.7 4090.7 4829.4 4901.9 5077.2
 304.8 323.8 373.4 2229.6 3338.6 3915.6 4288.4 4441 4513.2 4688.4
 235.2 371 383.3 2757.3 2879.9 3697.3 4368.7 3796.3 3865.7 4026.9
 295.2 1368.1 1380.8 1853.9 1880.8 3393.5 3452.4 4039.3 4104.8 5185
 302.7 464.1 1176.9 2118.6 2978 4039.3 4098.4 4501.3 5190.2 5634.1
 425.2 1346.9 1359.4 2292.3 2319.3 3933.3 3992.4 4378.9 4323.4 4480.9
# name: collectedA
# type: matrix
# rows: 100
# columns: 10
 6 9 18 27 27 39 39 39 39 48
 13 23 23 33 39 49 49 49 49 49
 17 21 33 42 42 42 42 45 45 48
 14 14 29 29 35 46 46 48 48 48
 10 10 10 30 38 38 48 48 48 49
 14 24 36 38 39 49 49 49 49 49
 10 27 27 36 36 47 48 48 48 48
 16 36 36 39 39 46 46 46 46 48
 4 4 4 24 43 43 48 48 48 48
 8 8 8 37 37 43 43 48 42 48
 8 8 8 11 33 40 48 49 49 49
 7 7 9 20 32 33 41 41 41 41
 9 13 13 30 30 48 48 48 49 49
 8 13 13 22 35 35 35 39 39 39
 4 4 8 26 26 38 48 48 49 49
 5 8 10 37 40 43 43 43 44 49
 4 6 6 29 33 36 36 36 36 47
 6 10 10 20 30 45 47 49 49 49
 9 9 9 13 43 43 43 43 43 49
 3 3 3 19 20 34 34 47 47 47
 5 5 5 21 21 43 43 47 47 47
 3 3 3 6 20 40 40 48 48 48
 6 6 6 9 20 43 46 46 46 49
 8 9 9 14 14 41 41 41 48 48
 8 10 10 15 26 42 46 46 46 46
 4 4 4 6 35 43 43 48 49 49
 4 5 5 10 10 31 38 41 41 41
 3 5 5 9 9 46 46 47 47 46
 4 4 4 27 27 27 31 49 49 49
 3 4 4 11 24 44 44 48 49 49
 3 3 4 7 30 31 38 48 48 47
 6 6 7 9 25 35 36 47 47 47
 7 7 7 15 15 41 44 46 46 48
 12 12 12 14 22 39 39 42 44 44
 3 3 3 11 13 31 31 31 31 46
 3 4 4 5 5 35 36 42 42 49
 5 5 5 6 6 38 44 44 49 49
 3 7 7 12 26 34 42 48 48 48
 7 7 7 8 8 33 41 41 47 47
 3 3 3 7 8 37 37 45 45 45
 5 5 5 8 18 38 38 48 48 48
 3 3 3 3 3 25 25 42 45 47
 2 2 2 2 2 37 46 48 48 48
 2 2 2 12 12 32 35 41 42 49
 5 5 5 6 6 37 37 37 37 39
 6 6 6 11 26 38 38 47 48 48
 5 5 5 11 12 31 34 42 45 45
 5 5 5 18 20 34 45 49 49 49
 2 2 2 4 7 44 45 45 45 49
 4 4 4 6 9 31 31 31 49 49
 3 3 3 4 5 14 47 49 36 47
 5 5 5 10 27 37 37 45 45 48
 6 6 6 11 12 38 39 42 43 44
 2 2 2 2 3 33 33 39 39 44
 4 4 4 9 17 18 32 44 44 48
 5 5 5 8 11 37 40 40 46 46
 5 5 5 9 18 25 31 45 45 47
 8 8 8 8 9 25 36 47 47 47
 4 4 4 4 10 15 46 46 46 49
 8 8 8 16 16 35 45 47 47 47
 7 7 7 13 20 25 29 44 44 44
 6 6 6 13 14 26 26 34 41 46
 3 5 5 5 12 40 40 42 42 48
 6 6 6 18 19 35 39 46 46 47
 7 7 7 9 12 36 37 37 47 47
 5 5 5 10 10 32 32 39 39 40
 6 6 6 12 20 36 36 46 46 46
 3 5 5 5 13 36 36 45 45 49
 3 3 5 7 7 40 40 46 46 48
 6 6 6 13 13 39 39 39 46 46
 5 5 5 10 10 21 21 47 47 47
 3 3 4 4 11 27 27 48 48 48
 7 7 7 20 20 24 46 48 48 48
 4 5 5 5 7 43 45 47 47 48
 7 7 7 7 7 35 38 38 46 46
 6 6 6 8 15 34 42 48 48 48
 4 4 4 4 32 35 39 43 45 47
 3 3 3 3 5 37 40 44 44 44
 5 5 5 8 25 41 41 47 47 47
 5 5 5 14 14 27 27 45 45 47
 3 6 6 11 19 31 40 43 45 49
 3 3 3 3 9 39 39 42 42 48
 2 2 2 3 5 38 38 46 47 47
 6 6 6 10 12 39 45 45 45 45
 5 5 5 7 7 27 27 48 48 48
 4 5 5 9 9 34 34 34 49 49
 8 13 13 14 14 29 48 48 48 48
 6 6 6 10 13 23 45 47 47 47
 3 3 5 8 8 23 30 47 47 47
 8 8 12 16 22 36 43 45 49 49
 4 4 4 8 9 44 44 48 48 48
 3 3 6 10 21 39 39 46 46 46
 3 3 8 26 30 42 42 45 46 46
 5 6 6 16 19 39 39 48 48 49
 4 5 5 8 24 30 43 49 49 49
 3 3 3 3 5 34 34 43 43 43
 6 7 7 13 13 13 23 48 48 48
 3 3 3 7 9 35 45 45 49 46
 4 4 4 4 11 34 35 42 42 42
 3 3 3 3 3 39 46 47 47 47
# name: collectedB
# type: matrix
# rows: 100
# columns: 10
 92 111 132 232 239 283 283 284 298 295
 70 148 207 237 242 272 293 296 296 299
 120 172 202 247 283 288 297 295 294 295
 100 213 213 244 282 290 290 290 290 296
 146 195 249 282 284 289 291 291 292 294
 83 148 253 265 265 288 288 288 288 288
 169 218 218 273 277 295 296 299 299 299
 162 199 254 270 270 287 293 295 295 295
 88 247 247 282 282 279 282 284 298 299
 71 106 106 235 235 292 292 299 299 299
 166 180 204 230 271 290 290 299 299 299
 82 118 232 281 285 294 294 295 295 295
 40 43 160 248 272 289 289 296 296 299
 27 162 210 241 281 296 296 296 296 296
 60 175 175 281 283 296 296 297 296 296
 39 90 166 276 289 292 292 292 292 294
 59 69 217 233 233 284 284 297 298 298
 2 2 2 248 253 296 296 297 297 297
 38 140 143 223 233 274 274 297 298 298
 44 110 110 250 251 272 292 293 295 295
 35 134 139 248 282 285 285 298 298 298
 32 42 138 254 271 288 288 298 298 298
 88 88 161 202 244 298 298 298 298 294
 24 35 36 247 280 292 294 295 295 295
 3 142 142 189 253 270 291 292 293 293
 66 86 131 263 267 297 297 281 297 299
 3 3 3 261 266 293 293 299 299 299
 62 140 173 267 267 289 290 298 298 298
 3 35 35 195 257 291 291 286 286 298
 44 44 44 260 260 296 298 298 298 298
 54 75 75 270 277 291 293 293 293 298
 51 103 110 255 255 279 287 297 294 294
 159 201 201 278 278 280 284 297 297 297
 5 149 149 262 263 281 295 295 295 295
 37 37 104 233 233 290 290 290 290 290
 14 147 161 224 225 286 295 295 295 295
 81 81 81 208 275 286 286 286 298 298
 19 25 44 182 182 283 284 295 298 298
 88 96 96 215 215 293 293 294 294 294
 12 41 41 187 190 289 289 289 291 296
 37 37 40 163 264 297 297 298 298 298
 88 89 189 203 251 269 291 298 298 298
 3 3 136 234 241 278 293 295 288 288
 35 85 106 248 270 285 285 290 290 290
 66 106 106 113 258 293 294 298 298 298
 36 136 146 216 234 263 289 299 298 299
 41 41 41 179 245 291 298 298 298 298
 84 88 89 236 265 283 283 299 295 295
 2 2 2 226 269 290 290 299 299 299
 9 46 137 137 275 279 281 299 299 299
 65 99 151 246 258 296 296 296 294 295
 35 35 37 204 207 278 278 284 284 298
 42 42 43 220 234 273 292 294 294 294
 36 36 136 245 258 288 289 298 298 295
 44 100 135 202 206 284 291 293 293 293
 34 34 40 206 224 283 293 293 298 298
 56 56 56 239 245 282 283 283 295 295
 34 36 36 36 256 275 277 294 294 294
 41 44 65 175 212 289 289 295 295 295
 68 89 116 188 228 293 293 293 299 299
 63 88 88 211 212 290 290 292 298 293
 88 90 90 236 247 290 290 295 295 299
 92 101 124 133 256 284 284 290 290 299
 3 3 3 240 245 256 256 281 281 292
 46 88 88 259 262 265 265 294 294 294
 34 34 79 186 275 279 286 295 295 295
 58 58 58 60 284 291 291 295 295 295
 74 90 95 215 257 295 296 298 298 297
 5 5 5 5 269 287 292 294 294 294
 3 3 38 173 258 281 281 295 295 295
 67 67 68 215 223 260 268 294 294 297
 37 43 50 175 274 288 288 299 299 299
 35 85 86 248 248 279 289 294 294 295
 36 52 56 140 235 280 298 298 298 298
 42 109 127 238 271 295 295 296 298 298
 27 58 62 229 265 275 275 296 296 297
 3 3 7 247 279 280 293 295 295 299
 32 49 49 198 255 296 298 299 299 299
 44 60 69 215 242 295 295 295 295 295
 11 11 40 268 273 288 289 298 298 294
 13 66 84 190 260 261 298 298 298 298
 84 110 129 269 276 284 286 295 298 298
 43 43 129 223 262 286 286 297 298 298
 39 135 135 230 279 279 279 281 297 299
 26 115 146 154 185 292 294 295 295 299
 38 52 53 224 272 275 288 296 291 296
 32 32 148 228 230 275 275 298 298 298
 3 27 28 184 268 297 298 298 298 299
 36 83 86 264 264 292 292 294 295 295
 35 85 87 242 258 294 294 298 298 288
 14 150 150 254 256 282 282 292 292 292
 25 97 218 254 255 284 284 296 293 298
 37 59 176 209 254 295 295 295 295 295
 45 137 149 241 242 281 290 294 294 294
 36 36 41 223 267 290 293 298 298 298
 37 37 40 205 275 289 298 298 298 298
 25 37 37 245 250 285 298 297 297 297
 40 156 156 194 194 283 283 297 297 292
 40 56 129 207 265 297 297 299 297 298
 50 150 150 230 230 295 295 298 298 298
# name: avgRateA
# type: matrix
# rows: 100
# columns: 10
 0.0326619488296135 0.0277264325323475 0.02899951667472209 0.01935206422018348 0.01399834093737039 0.006035937040533639 0.003385857533533012 0.0007548294569292375 0.0003833500270802391 9.537902531776615e-05
 0.04408273991183452 0.04271123491179202 0.03779165297403878 0.02447345001483239 0.01842925999432946 0.007248091828885865 0.004144919935373085 0.0009427591288905649 0.0004801883122164806 9.757006725564473e-05
 0.04861309694023449 0.04165013883379611 0.03849294296045725 0.02574949420636381 0.01932900731740991 0.006679495539051194 0.003700147124897585 0.0008673595263060508 0.0004417177914110429 9.545890076689294e-05
 0.05520504731861199 0.042334442092531 0.03687221869040051 0.02303964407722253 0.01689352254078579 0.00665422615689508 0.003840983291722681 0.0009117467167620836 0.0004673142863818775 9.547036858324757e-05
 0.04833252779120348 0.0351000351000351 0.02925687536571094 0.02177700348432056 0.01639344262295082 0.005907868347817975 0.003882270157474583 0.0009139897556981549 0.0004679032960862813 9.738454912643078e-05
 0.0523168908819133 0.04421518054532057 0.04013377926421405 0.02612761276127613 0.01882875488823444 0.007125510782788256 0.004103577649738711 0.0009426557498153164 0.0004801657257704945 9.756929012566924e-05
 0.049800796812749 0.03983475951608145 0.03643724696356275 0.02297236934464935 0.01703174528078725 0.006590386449043692 0.00387374809338961 0.0009134835886964018 0.0004677692377407916 9.547137499664358e-05
 0.06024096385542168 0.04651162790697674 0.04283164782867341 0.02685025817555938 0.0194922031187525 0.00682918138899611 0.003898040810792489 0.0008853577230139117 0.0004508694429115972 9.546055241828428e-05
 0.05141388174807198 0.03246753246753246 0.02170374389582203 0.02262443438914027 0.01932671131286799 0.006765686953238089 0.004058338617628408 0.0009233752443097001 0.000470362276945389 9.557806109150544e-05
 0.064 0.04621606008087811 0.03348681456676433 0.02861340963575903 0.02013605442176871 0.006836248012718601 0.003787578504170741 0.0009222522167676981 0.0004131637918992352 9.539447403660525e-05
 0.07575757575757576 0.05095541401273886 0.03674781809830042 0.01499659168370825 0.01806042031523643 0.006381926384479156 0.004007982565275841 0.000935146627174216 0.000478538523816081 9.750197938967342e-05
 0.07201646090534979 0.04726536124240378 0.03770423125261835 0.02199010445299615 0.01821701013321189 0.005521441598206368 0.003485683193906006 0.0007897038032905609 0.0004020230584737636 8.165011293604645e-05
 0.07758620689655173 0.05977011494252873 0.04618117229129663 0.0275583318023149 0.01838798651547656 0.007342817806333181 0.00413782402179254 0.0009223337349328137 0.0004784478760331789 9.748869131180782e-05
 0.07699711260827719 0.06012950971322849 0.0463623395149786 0.0244173140954495 0.01931034482758621 0.005849516997025103 0.003168280981261881 0.0007550705894197185 0.0003834114575140781 7.77081592371689e-05
 0.05291005291005291 0.03278688524590164 0.03163305654408857 0.02421984163949697 0.01606425702811245 0.006042007854610211 0.003991650797082768 0.0009198856275536408 0.0004773930055104792 9.74543724594739e-05
 0.0580046403712297 0.04424778761061947 0.03444712366517395 0.02544879290185019 0.01881379050844269 0.006612942913385827 0.003717793532768459 0.0008313741260904536 0.0004308475064210966 9.72507413880499e-05
 0.05847953216374269 0.04073319755600814 0.0291403593977659 0.02536295259751618 0.01796994118928338 0.005877359106641416 0.003217474461296463 0.0007014863716786569 0.0003550737073837578 9.348778045090947e-05
 0.0670391061452514 0.05060728744939271 0.03868471953578337 0.02137437212781874 0.01710181279215597 0.006955500255035009 0.003997958489282069 0.0009381958684917448 0.0004790100719199408 9.752190859530239e-05
 0.07640067911714771 0.0522344747533372 0.03869303525365434 0.01678285566744126 0.02028014903551384 0.006877359094107863 0.003799862144536151 0.0008348217752582124 0.0004233350135467204 9.757142726289048e-05
 0.05226480836236934 0.02859866539561487 0.01866832607342875 0.02054054054054054 0.01322051824431518 0.005551564234863824 0.003038943162824787 0.0009093600233724874 0.0004618470146503769 9.354864649041305e-05
 0.06613756613756615 0.03987240829346092 0.02733734281027884 0.02094763092269327 0.01359839409441171 0.006670907088226625 0.003736206447128335 0.0008940732455239269 0.0004581816622050822 9.348804079102022e-05
 0.05607476635514019 0.03042596348884382 0.01967213114754099 0.009430996541967935 0.0134798139785671 0.006387939570091667 0.003532445512027977 0.0009155814800756118 0.0004682291864810528 9.548901916066744e-05
 0.07255139056831922 0.04531722054380664 0.03203416978109984 0.01346297681376215 0.01378264764661291 0.00663262945195971 0.003913461456658414 0.0008859733090910492 0.0004509582863585118 9.748201954096712e-05
 0.08088978766430738 0.05497861942577887 0.04094631483166515 0.01872659176029963 0.0109178819309054 0.006674915342537119 0.003659701332666851 0.0007981514034811082 0.0004702714936116557 9.557376014450752e-05
 0.07759456838021339 0.05540166204986149 0.04215851602023609 0.01932740626207963 0.01656472986748216 0.006807793302428113 0.003985789792912226 0.0008896332583591682 0.000451905913188874 9.164217396752639e-05
 0.06299212598425197 0.03610108303249097 0.02430133657351154 0.009510223490252021 0.01916652976288265 0.006863746647937683 0.003796943019364409 0.0009219918096394244 0.0004783652015674759 9.749443286891496e-05
 0.06319115323854661 0.04045307443365696 0.02804262478968031 0.01448855404230658 0.008192020971573687 0.005313405207137103 0.003390132928896423 0.000792978465799419 0.0004028141975302578 8.168235366307503e-05
 0.05988023952095808 0.03943217665615142 0.0275178866263071 0.01338488994646044 0.007488143772360429 0.00723725613593455 0.004029608865139503 0.0009092386383861208 0.0004618193323468086 9.161039929388296e-05
 0.06369426751592357 0.03633060853769301 0.0243605359317905 0.02803447201744367 0.01801681569464834 0.00481403558820383 0.002848845757976768 0.0009422334008280116 0.0004799968653265938 9.756169433204386e-05
 0.05988023952095808 0.03597122302158273 0.02424242424242424 0.01542560650680129 0.01583531274742676 0.006903260221531896 0.003848576026870059 0.0009248038163570822 0.0004792916656070082 9.752988644137529e-05
 0.05988023952095808 0.03089598352214212 0.02457002457002457 0.01099073637933742 0.01884303749764462 0.005400132390342473 0.003388923570855257 0.0009215899731010927 0.0004696696167789471 9.348804079102022e-05
 0.07528230865746549 0.04743083003952569 0.03621314019658561 0.01389746757257566 0.01736593498193943 0.005970556626464918 0.003269962667926208 0.0009071677835767889 0.0004613066756964995 9.36161363943287e-05
 0.07592190889370933 0.04996431120628123 0.03598971722365039 0.01990181769934987 0.01169590643274854 0.00656935476117992 0.003838001447973274 0.0008847583071111487 0.0004507201233797346 9.548786040947979e-05
 0.08676789587852494 0.0635593220338983 0.04905968928863451 0.01981879954699887 0.01562389034869683 0.006303437797999062 0.003468146409134564 0.00081219216466616 0.0004309103765177349 8.760137868642529e-05
 0.05988023952095808 0.03073770491803279 0.01997336884154461 0.01588677065280185 0.0102970297029703 0.005384749001215911 0.002866442282797648 0.0006081460178206401 0.0003067788223651658 9.163673366042335e-05
 0.05747126436781609 0.03690036900369004 0.02475247524752475 0.008348639171814994 0.004472671974237409 0.006008377394767562 0.003288422014158483 0.0008147034576402696 0.0004132727462367581 9.744867437982868e-05
 0.07215007215007216 0.04347826086956522 0.02962085308056872 0.009904258831297459 0.005331437711036076 0.006429671240757347 0.003896425914774539 0.0008551061497679553 0.0004800485926738707 9.756297640349817e-05
 0.05988023952095808 0.04971590909090909 0.03573251659009698 0.01736613603473227 0.0178583693935023 0.005868139454608215 0.003763676933140968 0.000917931212529761 0.0004689400489456176 9.556019376421955e-05
 0.09271523178807947 0.05770816158285243 0.03988603988603989 0.01306762495916367 0.007069011222055315 0.005716067345666181 0.003685558901523664 0.0007994696201544341 0.0004600928212793908 9.356523975694538e-05
 0.05988023952095808 0.03099173553719008 0.02004008016032064 0.0111749680715198 0.006854009595613434 0.006119242537004878 0.003332402662319532 0.0008692410366761767 0.0004418422662384397 8.963854154507365e-05
 0.07132667617689016 0.04325259515570935 0.0295159386068477 0.01259842519685039 0.01344889420203228 0.006384301339023201 0.003451940808299192 0.0009285518073874034 0.0004716526906803393 9.562911205181822e-05
 0.05964214711729623 0.03194888178913738 0.0204778156996587 0.005373455131649651 0.002802952443240213 0.004445234708392603 0.002340823970037453 0.0008128617960762 0.0004399209706416296 9.345723774606595e-05
 0.03992015968063872 0.02219755826859046 0.01427551748750892 0.003690717844620779 0.001903492909488912 0.006122685376710628 0.003973498492661985 0.0009221211090811639 0.0004697105213199648 9.555098680281621e-05
 0.03992015968063872 0.02219755826859046 0.01427551748750892 0.01747487986020096 0.009905894006934125 0.005471394863728071 0.003159415056869471 0.0007933037424587773 0.0004117077933344508 9.742116242135726e-05
 0.0728862973760933 0.04389815627743635 0.02977963073257892 0.009975062344139651 0.005359056806002144 0.006165947306147617 0.003346356992981695 0.0007224192061979662 0.0003652787718735346 7.77081592371689e-05
 0.07905138339920947 0.04901960784313725 0.03395585738539898 0.01634958382877527 0.01762233970448692 0.00647701511871687 0.003478834041306577 0.0009029883149469542 0.0004689881580490093 9.550990049659179e-05
 0.07122507122507123 0.04288164665523157 0.02937720329024677 0.01616696061140506 0.009783140388064569 0.005422898626782122 0.00309902289631034 0.000815233214930414 0.0004407884039345753 8.958509558829238e-05
 0.07072135785007072 0.04269854824935952 0.02927400468384075 0.02297383535417996 0.01478743068391867 0.005808887598024978 0.003943494111048794 0.0009435088516534511 0.0004803483603945915 9.757506061103892e-05
 0.03992015968063872 0.02219755826859046 0.01427551748750892 0.006920415224913495 0.006085898104677447 0.007250914604001187 0.004027025817709965 0.0008766461466531598 0.0004437309688717795 9.750844045000344e-05
 0.06482982171799027 0.03755868544600939 0.02507836990595611 0.009925558312655087 0.007642663043478262 0.00538868029481296 0.00286848460734147 0.0006082653449649365 0.000476642105007174 9.740915502925456e-05
 0.05988023952095808 0.03329633740288569 0.02141327623126339 0.006977149834292692 0.004517119884361731 0.002591824644549763 0.004039049877969132 0.0009419146240895627 0.0003554523427271489 9.350059462399433e-05
 0.07418397626112759 0.04444444444444445 0.03013863773357444 0.01550628004341758 0.01854905193734543 0.006441840625380852 0.003426655676671884 0.0008723855090951037 0.0004426293362920646 9.552487836001297e-05
 0.07894736842105263 0.04922067268252666 0.03414911781445646 0.01665909435105255 0.01000583673809722 0.006394077065455158 0.003528262285590215 0.0008168313943311902 0.0004228205077779307 8.760118683680676e-05
 0.03992015968063872 0.02219755826859046 0.01427551748750892 0.003703017959637104 0.002789659661521294 0.005649620790604509 0.003028801145437524 0.000757260967663015 0.0003839104130285413 8.765418670262082e-05
 0.066006600660066 0.03802281368821293 0.02526847757422615 0.0139426800929512 0.01313248358439552 0.003327110404613593 0.00293040293040293 0.000849468406532412 0.0004318730136295197 9.549500332342506e-05
 0.07163323782234958 0.04336513443191674 0.02956830277942046 0.01276120593396076 0.009159034138218152 0.006236831015592078 0.0035883128649987 0.0007797377352127612 0.0004509976361841286 9.160253659371985e-05
 0.07396449704142012 0.04424778761061947 0.03001200480192077 0.01410879448189372 0.01364877161055505 0.004482053856359138 0.002858829171123981 0.0008708407677332209 0.0004422221960164624 9.357392051034818e-05
 0.08859357696567 0.05822416302765648 0.04162330905306972 0.01309114711176567 0.007846556233653008 0.004414387371320608 0.003236857011841502 0.0009027281597406289 0.0004601135403583208 9.356555640848414e-05
 0.06700167504187604 0.03827751196172249 0.0253968253968254 0.007010164738871364 0.008447372867038351 0.002781641168289291 0.004044382704109444 0.0008927583710653131 0.0004527122383864549 9.742637300104445e-05
 0.08130081300813008 0.0546448087431694 0.03972194637537239 0.02183108200300177 0.01273581150998965 0.006029388964495513 0.003995666921205448 0.0009104610032117965 0.000462121748432719 9.364797725350408e-05
 0.08139534883720931 0.05251312828207051 0.03725385843533795 0.01879971077368041 0.0148820596770593 0.004505397466164465 0.002695167286245353 0.0008468769487793424 0.0004312110562514823 8.761231550389527e-05
 0.07926023778071334 0.04914004914004914 0.0340522133938706 0.01892285298398836 0.01139044829550077 0.004638301668004639 0.002439001510304781 0.0006613061964390606 0.0004014680020210487 9.145974727285923e-05
 0.05988023952095808 0.04251700680272109 0.029120559114735 0.008500510030601835 0.009729992702505474 0.006739906989283548 0.003639771786308998 0.0008183975775431704 0.0004138452928053981 9.543263390490855e-05
 0.0759493670886076 0.04765687053216838 0.03325942350332594 0.02317497103128621 0.01435912938331318 0.006040940315509682 0.003533504874424673 0.0008856185178981578 0.000450943255653456 9.350939361545714e-05
 0.0857843137254902 0.05439005439005439 0.03816793893129771 0.0142721217887726 0.00994942376254042 0.00614617656599457 0.00337508095633375 0.0007238367259104203 0.0004607924453568789 9.359337422633626e-05
 0.07552870090634441 0.04464285714285714 0.03012048192771084 0.01523925632429137 0.008494733265375467 0.005472611290681169 0.002935106626920431 0.0007573653783040065 0.0003839357350646538 7.967010204146669e-05
 0.07957559681697612 0.04905968928863451 0.0339366515837104 0.01755155770074594 0.0147568803954844 0.00606929107308438 0.003276629440515523 0.0008902324087173106 0.0004520657932624507 9.164633678634151e-05
 0.05988023952095808 0.04284490145672665 0.02923976608187134 0.008500510030601835 0.01050165603037402 0.006226973172123917 0.003322044533852556 0.0008727594325900009 0.0004427225270995378 9.74773653578971e-05
 0.05988023952095808 0.03329633740288569 0.02886836027713626 0.01122334455667789 0.006125306265313266 0.006571813491933099 0.003589987524793351 0.0008911395543914776 0.0004523000440500913 9.552828134670995e-05
 0.07623888182973317 0.04758128469468676 0.03313086692435119 0.01851588092864264 0.01060531897536303 0.006429277942631058 0.003506658154778496 0.0007605867829519349 0.000450977297214627 9.160156981194597e-05
 0.07385524372230429 0.04374453193350832 0.02967359050445104 0.01510802235987309 0.008447372867038351 0.003816863265417401 0.001989107269713474 0.0009106779900755475 0.0004621971870875874 9.365133607578984e-05
 0.05988023952095808 0.03329633740288569 0.02478314745972738 0.006928806513078123 0.008984725965858042 0.004666758849557522 0.002490407319952774 0.0009221264235326664 0.0004699804860185701 9.555939474272027e-05
 0.09210526315789473 0.05668016194331984 0.0392156862745098 0.0252016129032258 0.01517680983457277 0.004344756422093087 0.004041646531652242 0.0009260724111452815 0.0004710052134389563 9.560138048393419e-05
 0.07952286282306163 0.04699248120300752 0.03115264797507788 0.008674531575294934 0.006176652254478074 0.007008622235261519 0.00397407139198474 0.0009086357124767283 0.0004616723540771563 9.556211527538513e-05
 0.08027522935779816 0.05150846210448859 0.03643935450286309 0.01140436624307592 0.00618921308576481 0.005979635071413927 0.003424287207583895 0.0007414749888778752 0.0004514818911594939 9.162235099367427e-05
 0.08119079837618402 0.04942339373970345 0.0339366515837104 0.0128 0.01172516219807707 0.005838112572547134 0.003734727631649149 0.0009288842358669295 0.0004717208277521225 9.563206519237883e-05
 0.06655574043261231 0.03770028275212065 0.0249221183800623 0.006943239021003298 0.01995385670636653 0.006009202664652154 0.003522303405796447 0.000831186102568365 0.0004397494405409896 9.344040410787874e-05
 0.05988023952095808 0.03121748178980229 0.02002670226969292 0.005327650506126798 0.004474673348845534 0.006124205508474576 0.003562934789386017 0.000850331919334422 0.0004321453265447231 8.765090397962992e-05
 0.07396449704142012 0.04359197907585004 0.02942907592701589 0.0126163065762498 0.0175266404935502 0.006809839387446642 0.003701296356479977 0.0009100625813247413 0.0004620635956805902 9.364557024573394e-05
 0.07374631268436578 0.04347826086956522 0.02932551319648094 0.01931300869085391 0.01121884766407565 0.004675567561951271 0.002492775567106442 0.0008618064612503088 0.0004399304323343002 9.345708907812734e-05
 0.05988023952095808 0.04672897196261682 0.03241491085899514 0.01636174326937379 0.01425677196668418 0.005351840342517782 0.003570312848663364 0.0008323912471156675 0.0004411760380627078 9.744189182040942e-05
 0.05917159763313609 0.03125 0.01997336884154461 0.005328596802841918 0.007548435796359977 0.006373798784075309 0.00348974551701922 0.000814771417818663 0.0004132987736834958 9.540717795903376e-05
 0.03992015968063872 0.02219755826859046 0.01427551748750892 0.005302226935312832 0.00445990545000446 0.006198010112542815 0.003396556963835607 0.0008839728043845051 0.0004593360541664712 9.353285948658023e-05
 0.07863695937090433 0.04792332268370607 0.03298515667949423 0.01515151515151515 0.009844134536505332 0.006540222367560497 0.003973509933774834 0.0008741700241270926 0.0004431288441427229 8.969035302521574e-05
 0.07163323782234958 0.04233700254022015 0.02865329512893983 0.01118925831202046 0.006117276937865944 0.004714427895444465 0.002503662765898258 0.0009285248641548779 0.0004716601060056089 9.562815946473731e-05
 0.06756756756756756 0.04240882103477523 0.02868617326448651 0.01358080579447714 0.007602635580334517 0.005643996613602031 0.003068232066634781 0.0006636218136393801 0.0004807862130138035 9.759385341960896e-05
 0.08686210640608036 0.06470881035340965 0.04967520061138709 0.01978239366963402 0.01137379153464944 0.005049449784092492 0.00413486553072722 0.0009274054094784696 0.0004713983935135581 9.562059659682311e-05
 0.08759124087591241 0.05141388174807198 0.03474232773595831 0.01529753709652746 0.01054595603147562 0.004105529970368784 0.003927764054849043 0.0009064749311464787 0.0004611432821235354 9.359967419347451e-05
 0.05988023952095808 0.03329633740288569 0.02836074872376631 0.01240694789081886 0.006866363402283067 0.004106556206256249 0.002725835468571117 0.000904763096445821 0.0004606998520859411 9.358893866360173e-05
 0.08492569002123142 0.05513439007580979 0.04758128469468676 0.02146498524282265 0.01583417302432705 0.006011823252396379 0.003775572921239793 0.0008704196583312701 0.0004789880643994565 9.751756112161913e-05
 0.07092198581560284 0.03883495145631068 0.02534854245880862 0.01251172974663747 0.007616146230007616 0.007062146892655368 0.003897633959021694 0.0009272155138609061 0.0004713238701974062 9.561471096071272e-05
 0.05988023952095808 0.03329633740288569 0.03213711837171934 0.01496110113704369 0.01504621336963531 0.006504444703880985 0.003528006947459835 0.0008872943309607854 0.0004513467795426091 9.161662108739768e-05
 0.05988023952095808 0.03198294243070363 0.03825920612147298 0.02881524991687909 0.01978369823265629 0.007054436736819121 0.003813882532418002 0.0008760130117132673 0.0004524308321776676 9.166114707150606e-05
 0.07132667617689016 0.04643962848297214 0.03236245954692556 0.02092323787106054 0.01402628082090654 0.006360804397109911 0.003485285838121878 0.0009162473562446075 0.0004685006515087185 9.74229250457838e-05
 0.06814310051107325 0.04269854824935952 0.02896871378910777 0.01241464928615767 0.01624475429809124 0.005183674879911533 0.003802012414012626 0.0009452269895099094 0.0004808069707198367 9.7592512224458e-05
 0.05988023952095808 0.03157894736842105 0.02014775016789792 0.005331437711036076 0.004454739843193157 0.005869152425340929 0.003133091900957436 0.0008328394401769494 0.0004228005521971863 8.567819270818805e-05
 0.07537688442211056 0.04989308624376336 0.03546099290780141 0.01830985915492958 0.01053740779768177 0.002437880918893577 0.002132749763542961 0.0009260206000999331 0.0004710176926020783 9.560181842625465e-05
 0.05905511811023623 0.03115264797507788 0.01996007984031936 0.01106194690265487 0.007531380753138075 0.005923569034965982 0.003919792338112576 0.0008715103273973796 0.0004787147778274947 9.166169501603481e-05
 0.06711409395973154 0.03755868544600939 0.02478314745972738 0.006910850034554251 0.009040848195939836 0.005728631362571819 0.003160756052847841 0.0008069241779459938 0.000411274402281202 8.360764603866973e-05
 0.05988023952095808 0.03188097768331562 0.02028397565922921 0.005338078291814947 0.002793816353138387 0.006388101750995069 0.003996872013207056 0.0009079774512493383 0.0004615300014140494 9.362326000175295e-05
# name: avgRateB
# type: matrix
# rows: 100
# columns: 10
 0.1179789689664016 0.109058754175673 0.1018675721561969 0.08223451013753014 0.06880866010249323 0.03297292258936478 0.02074932179778576 0.005271647631192562 0.002861683687922831 0.0005852599794266238
 0.096140640021975 0.09573711106798628 0.09187341884514669 0.07509743654741911 0.06348373557187828 0.03129566347957153 0.02016420406449792 0.005378903793944372 0.002816418961350359 0.0005910076700540565
 0.1324942033786022 0.1209563994374121 0.1105456137470585 0.08350236646382692 0.0688145896656535 0.03397468414160838 0.02102193500895379 0.005397819281010472 0.002816947291466853 0.0005844823695351146
 0.1106194690265487 0.091091818842749 0.08848087068499978 0.07144530334973062 0.06012024048096192 0.0316245188165887 0.02037632973117297 0.005332225211128538 0.002776325791300718 0.0005857822726452344
 0.1017067223963776 0.09307875894988067 0.08615916955017301 0.06969157769869513 0.06087627540084026 0.03186785316528278 0.02033983602317763 0.005343233923476076 0.002807236131820887 0.0005825447018847303
 0.1051831200101381 0.09097055750199766 0.08480541682029966 0.07175737882480368 0.06254720543806647 0.03202241569098369 0.02048815884014256 0.005312486741840814 0.002767676612363826 0.0005711837783806939
 0.1011067903081065 0.09281335149863759 0.09009381328263835 0.06973358195611637 0.06058750191386514 0.03087162635913643 0.02005990864609171 0.005412029185136649 0.00283908017600398 0.0005915239952994615
 0.1134851138353765 0.1054192933199131 0.09566854990583804 0.07712082262210797 0.06671114076050701 0.03212878380798854 0.02032661329485383 0.005373954355999883 0.002810530247021791 0.000584016632793702
 0.09834599910594546 0.09251282819581258 0.09011638512897223 0.07225766776846798 0.06338645507878353 0.0336594723063374 0.02100949897560067 0.005290315369856379 0.002852728376223179 0.0005923150783410978
 0.109314857582756 0.1020997880947794 0.09571970381072782 0.07529879201512384 0.06415856721633723 0.03152837013442747 0.02038550953301824 0.005405982017425704 0.002837466322880892 0.0005914533214752547
 0.1143014528678648 0.1077070368597415 0.1013362475783617 0.07935138864930136 0.06316280153828226 0.03132629031909608 0.02025111381125962 0.005367185494597811 0.002826741542228588 0.0005909858256299286
 0.1097283554128195 0.09744817904038318 0.09018113970302419 0.07210489851427986 0.06246164635749978 0.03253292021688613 0.02085032445657956 0.005467367231010166 0.002835894931534767 0.0005850476883278424
 0.1065814015454303 0.0897891000208812 0.0902832637399842 0.0726207906295754 0.06111260896917408 0.03152303144667808 0.02030763609278271 0.0053662949540511 0.002812990313239776 0.0005907068963746006
 0.09864815491413957 0.09427374301675977 0.08913034251517338 0.07200908330345404 0.05917533588847239 0.03181495732926332 0.02060262683492145 0.005450032773845735 0.002835879237531712 0.0005866798696064349
 0.09993337774816789 0.09298618490967056 0.08987263763352506 0.07025000000000001 0.0613098204033883 0.03187353957810632 0.02062689021755794 0.005423716432765091 0.002817257989448607 0.0005860318516230707
 0.112424329778034 0.1049073318568598 0.09828882704719047 0.07634432396547909 0.06509302220820758 0.03352083572494547 0.02119982285079535 0.005412729925167155 0.002807306303075635 0.0005825453944535734
 0.1106526631657914 0.0981089151144604 0.09447927551375826 0.07828248891278054 0.06630431689479525 0.03206394725254875 0.02040449761109315 0.005406477943572389 0.002830493341691837 0.0005895812291581552
 0.03992015968063872 0.02219755826859046 0.01427551748750892 0.08113855717323737 0.06824557617608977 0.0333633904418395 0.02124620475312054 0.005479280203379074 0.002847981097843973 0.0005887659881188212
 0.1139772045590882 0.1011926273942898 0.09636767976278725 0.07528951011175258 0.06326536153574629 0.03157555084355121 0.01994642129171277 0.005385771770214325 0.002824569584883055 0.000589325185088649
 0.1135483870967742 0.1011587272392864 0.09581881533101046 0.07741136398823348 0.06625663226249241 0.03237902505803226 0.02049410443571028 0.00537296244610992 0.002811290906665142 0.0005840494703760209
 0.105010501050105 0.09981378026070764 0.09450639107968453 0.07760428075226085 0.06402833594441795 0.03307031793919703 0.02083790304891424 0.005469776730321653 0.002850084593953804 0.0005904281297396469
 0.1062769843905679 0.09433962264150944 0.09902411021814007 0.07973630513263225 0.0674800796812749 0.03376041825407059 0.02119283270171824 0.005454628655104562 0.002845990829797333 0.0005902523586325795
 0.1292217327459618 0.1192250372578241 0.1095238095238095 0.08432829590047591 0.06947608200455581 0.03340619920408049 0.02131738583037656 0.005504644774928375 0.002863556344795246 0.0005824192586634865
 0.09819967266775777 0.0872165462247695 0.07633587786259542 0.07511023262885815 0.0638380337885593 0.03288584557167312 0.02092199086264072 0.005424928188662452 0.002819731236600303 0.0005843829114550936
 0.05747126436781609 0.1123417721518987 0.1074455205811138 0.07987490491082749 0.06668599594085242 0.03239585333077366 0.02061490507225843 0.005366325206658654 0.002797891936437243 0.0005804842387632713
 0.1196085538238492 0.1095541401273885 0.101127064999228 0.07943699407998067 0.06822363041700737 0.03417013737085529 0.0216009425865856 0.005233213211535417 0.002830884665755446 0.0005924142445707909
 0.05988023952095808 0.0308641975308642 0.02002670226969292 0.07880434782608696 0.06750412384215201 0.0336028441997821 0.02126671215178481 0.005502118959860294 0.002863485484331276 0.0005925678123506194
 0.11504917424383 0.10469638049656 0.1006984866123399 0.08199993857682504 0.07050063371356147 0.03409023886759068 0.02132415659284096 0.005484292471060235 0.002854064407997127 0.0005905926517986618
 0.05988023952095808 0.09135995823544765 0.07938308006350647 0.07830381881701 0.06637568119011338 0.0333180673231051 0.02109949390217376 0.005355644774688399 0.002764150323386258 0.0005908605765331989
 0.125499144324016 0.1088300766757358 0.09517629245078953 0.08470710888121456 0.0722382751722605 0.0347470858229542 0.02176501091902393 0.00554642525447483 0.002871068779439294 0.0005913262753846151
 0.1090028259991926 0.1014061654948621 0.09399674144629654 0.07775377969762419 0.06700856354927669 0.03349447513812154 0.0210903646545643 0.005420746101873025 0.002813885034069137 0.0005898142639256533
 0.1181102362204724 0.1074483621948675 0.1000636768852907 0.08548441166610794 0.07258133378874562 0.03447892336781226 0.02115801424295593 0.005464883066222607 0.002812412112121496 0.0005825025737103512
 0.1294050622609262 0.1239516526887025 0.1195859114707282 0.09200119138233445 0.07828119280263565 0.0361682339568048 0.02189432135313073 0.005521287631200294 0.002863059019503505 0.0005894107301727291
 0.0705218617771509 0.108600583090379 0.1041229909154437 0.08238216520454045 0.07044139704306836 0.03377444440437986 0.02079500355982264 0.005427922706380661 0.002824915563752599 0.0005846280863656208
 0.1087275933000294 0.09386098427194318 0.1014535167300751 0.07663969475692389 0.06526976301193343 0.03407114996005451 0.02137287560986395 0.005341221150499036 0.002778512327013655 0.0005749344822506821
 0.09364548494983277 0.1105013906637601 0.1049543676662321 0.08108303771809165 0.06788149399625898 0.03333877322640057 0.02092673514556495 0.00543713656428262 0.002827463391537546 0.0005848907453827832
 0.123720788147243 0.1144067796610169 0.1055787278415016 0.0856778020348478 0.07036847492323439 0.03448359015167957 0.02142306050141947 0.005344895251266142 0.002856789524593794 0.0005907044527222356
 0.1041095890410959 0.084774499830451 0.08169327887114741 0.07608377576188287 0.06229889778873143 0.03285349431158579 0.02066536659196088 0.005401308032019686 0.00283177094964104 0.0005896273080545465
 0.1155158834339722 0.1063829787234043 0.09988554780980127 0.08193909828880673 0.06819335194113169 0.03338004260797247 0.0211798552830366 0.005430716799202017 0.002821153275944295 0.0005828918852527758
 0.09324009324009325 0.0985576923076923 0.08640674394099052 0.07957446808510639 0.06476242415979276 0.03295249823265148 0.02090234482359578 0.005353140570878175 0.002789336109249956 0.0005856268571642246
 0.1105137395459976 0.09504238376573336 0.0825593395252838 0.0768143261074458 0.06871957727047921 0.03388244957561376 0.02148763918129924 0.005503272415678048 0.002859193362065988 0.0005908126648030294
 0.1255170446441307 0.1159156030216202 0.1086894013456783 0.08646392367322599 0.07058492688413948 0.03339333374712929 0.02117010286778507 0.005455287693200478 0.002846189258214313 0.0005899754071325255
 0.05714285714285714 0.03092783505154639 0.1001325283463407 0.08111480865224625 0.0681773176044584 0.03359110681488642 0.02108247348501202 0.005430930530114049 0.002764594756485278 0.0005710340594057836
 0.1211491865697473 0.1076903585455467 0.1006552084322477 0.08215456984794779 0.06930718484482892 0.03387010517558976 0.02115812917594655 0.005364320608794896 0.002787775316845084 0.0005751877492149679
 0.1061946902654867 0.09945580784387315 0.09437321937321937 0.06891504543514057 0.06661846725883082 0.03398638224820499 0.0213906855933005 0.005506699509755912 0.002859912283227286 0.0005902873173996695
 0.1251303441084463 0.1185081910073196 0.1114248645348394 0.08593252705283259 0.07026183041076146 0.03332446370421054 0.02134668793949063 0.005505604115761311 0.002855223862006456 0.0005922396403619832
 0.1262315270935961 0.1086092715231788 0.0942745458726144 0.08387217692812296 0.06975486148677504 0.03377319731207131 0.02138223982549796 0.005518334574032717 0.002863534331662618 0.000590960173448794
 0.1246290801186944 0.1139896373056995 0.105650522317189 0.08209552301109682 0.07030296598928211 0.03406765378596364 0.02118073226955662 0.005506293564634494 0.002818508139755965 0.0005844823695351146
 0.03992015968063872 0.02219755826859046 0.01427551748750892 0.08593482641925548 0.0712545030726849 0.03469729600382867 0.02162242767670743 0.005522433269058859 0.002871694789746801 0.0005919165187865197
 0.08840864440078586 0.1005684302579799 0.1013838525863983 0.07689285513835101 0.06842327884352219 0.03390366013707286 0.02102931381573532 0.005478598651421871 0.002856910809919882 0.0005924142445707909
 0.1225028269883151 0.1109989909182644 0.104585122593157 0.08538998229719878 0.07189433205149641 0.03493903374685726 0.02188377938784563 0.005514199062586159 0.002808631861922308 0.0005839125944206459
 0.1115004778591908 0.09549795361527967 0.08262617239839214 0.08216529724504591 0.06765590273238332 0.03289590457821061 0.02058512095609742 0.005263294451672208 0.002732190495248009 0.0005898381962985476
 0.1126911725248189 0.0986378581493659 0.08665860540104797 0.07736671824447883 0.06531022356191911 0.03236322683895442 0.02063458412833015 0.00539986555436783 0.002812595068583313 0.0005825210401051867
 0.1166936790923825 0.09955752212389379 0.1078851340631445 0.08395010964912281 0.07068880486602006 0.03459334798745992 0.02151898734177215 0.005510395786951087 0.002860878731382688 0.0005847498816624816
 0.121580547112462 0.1134558656682551 0.1063997477931904 0.08173504896010358 0.06705510888317438 0.03366763876046187 0.02103406651391067 0.00540016513815576 0.002808078833219285 0.0005807525522389894
 0.1185908615277293 0.100058858151854 0.08648648648648649 0.07569077013521458 0.06431052797795067 0.03273644271700907 0.02078839822908389 0.005401299998893932 0.002836331310147118 0.0005898177661028167
 0.123866401238664 0.1106719367588933 0.09922041105598867 0.08321437275860868 0.06972309968980335 0.03381659891355182 0.02103369851203306 0.00527924008790028 0.002821414054467637 0.0005844680102826744
 0.1195919803024974 0.100111234705228 0.08618625807996169 0.04247286455875413 0.06423767941383118 0.03265141350937393 0.02040590813657962 0.005421663417971523 0.002818524416186767 0.0005827729924758853
 0.1213735938425104 0.1043148411569464 0.09167842031029619 0.07520089381633793 0.06317420585255379 0.03262587491533078 0.02077283574365315 0.005420850981725301 0.00282290977884655 0.0005845325166522416
 0.1150786935183618 0.1061545801526718 0.1010717086346606 0.08019451435396494 0.0675855935971543 0.03355358840168112 0.02125190396750562 0.005432082285849888 0.002853113328714916 0.0005921120378951704
 0.1268371250251661 0.1150627615062762 0.1068090787716956 0.08191629784921189 0.06790301399698921 0.03393003393003393 0.02132070755341205 0.005412499165881978 0.002860870491848919 0.0005804842387632713
 0.1288622053009225 0.1186708860759494 0.1100782778864971 0.08761834044922963 0.07276905400229797 0.03470850837193159 0.02162532997270734 0.005460960610739025 0.002833682980996073 0.0005916840098682603
 0.1216126900198282 0.1117751217352811 0.1057839959051356 0.07688305682409387 0.06852431810273293 0.03347635437785845 0.02097721313291724 0.005365998075642069 0.002785221040904332 0.0005919451118400109
 0.05988023952095808 0.03181336161187699 0.0203804347826087 0.07885657959586002 0.06676113139680637 0.03175548278257418 0.0195165089844554 0.005213812707230501 0.002702481763056786 0.0005780041319377569
 0.1096020967357636 0.1019935095039407 0.09535160905840287 0.08043478260869565 0.06886400672869684 0.0329823513304956 0.02024368817081089 0.005414564072341523 0.002816723288553181 0.0005826971067106689
 0.1165181631254284 0.09798270893371758 0.09658882503973591 0.07901108703963299 0.06703719955146019 0.03363715277777778 0.02094440213252094 0.005413728113398335 0.002821092977486722 0.000584456199168408
 0.1191209693982337 0.1067746686303387 0.09616978942132316 0.05630630630630631 0.06879511651567269 0.0346012532550148 0.02160982021520708 0.005470094345220436 0.002836320283055149 0.0005851068682819319
 0.1266255989048597 0.1148691767708998 0.1058849754792688 0.08328168577626278 0.06844207723035953 0.03386289544974517 0.02140027184129096 0.005499260921476829 0.002858036164707282 0.000588418497500113
 0.07396449704142012 0.04382120946538125 0.02965599051008304 0.008529512111907198 0.06544534462204706 0.03319146967664339 0.02089071722411018 0.005409941042683331 0.002815485168426345 0.0005827959815622382
 0.05988023952095808 0.03329633740288569 0.08006742520016856 0.07283903835627974 0.06344834370312077 0.03216906503646209 0.02037531179302744 0.00541437396989241 0.002821279139270771 0.0005844616414852855
 0.1143539853217273 0.1042314872433105 0.09499860296172116 0.08090310442144873 0.06757370988757917 0.03169997195771711 0.01963556968795563 0.005319928560959324 0.002790973195265598 0.0005869241597153042
 0.1162060301507538 0.09860123824810822 0.08608815426997246 0.07781236104935527 0.06599388231893832 0.03330904548766524 0.02101790900996891 0.005446633015339831 0.002848381328717495 0.0005919078476686551
 0.1175680214981525 0.1016138673042439 0.09441211988143594 0.07798251682284134 0.06692031625246229 0.03277802579947837 0.02073542600896861 0.005382870388170868 0.002808205308463205 0.0005838946804423587
 0.1061633736360955 0.09408358965080513 0.08492569002123143 0.06974195476736077 0.06313470528182258 0.03191210494523655 0.020539825204709 0.005451834505721682 0.002845262590048264 0.0005902050130587811
 0.1215277777777778 0.1121629965013377 0.1031178954205911 0.08217664525930531 0.06889188296006304 0.03377334081307887 0.02139091719902254 0.005475114126534326 0.002846662336173627 0.0005902793665470459
 0.1040061633281972 0.1030927835051546 0.09228937183685622 0.08259097630468497 0.06872050204864893 0.0335890170021497 0.02076474674559787 0.005400365984262312 0.002822162749167891 0.0005876056750441694
 0.05988023952095808 0.03105590062111802 0.03537139969681657 0.08636665617678939 0.07260708895018998 0.03509915511319478 0.02185360323403494 0.005492224313611594 0.002842409129625419 0.0005908439346016784
 0.1292929292929293 0.106198526224534 0.09367233798508889 0.07534533277521975 0.06469454028820784 0.03332845416774571 0.02118704319881694 0.005499639488515134 0.002862887782458828 0.0005926831579268696
 0.1168969181721573 0.09881422924901186 0.08940139932625032 0.07828144911705807 0.0652255943075845 0.03262083531454226 0.0209212439275203 0.00543746728303584 0.002827661236598563 0.0005847344661324771
 0.09046052631578948 0.06274957216200798 0.08062890546260834 0.07632718159033949 0.06617379711550116 0.03323255867623641 0.02151466198158226 0.005510212383555159 0.002860933662820727 0.0005830438936861106
 0.09587020648967552 0.1027237354085603 0.09298206774407793 0.08207697956715193 0.06627243066884177 0.03238775966048693 0.02129834115940164 0.005503770452140283 0.002859437535203226 0.000590810087864166
 0.1243155246411129 0.1143688916614681 0.1044534412955466 0.079599928981476 0.06844219610177057 0.03413133352562254 0.02115650636544536 0.0054034549141217 0.002832258089043153 0.0005896491251328442
 0.1262477980035232 0.1073657927590512 0.1093127701042285 0.08357694325762687 0.06884048451089099 0.03398813980296386 0.02122732535700502 0.005494464835425053 0.002857866228844118 0.0005907644094972714
 0.1185770750988142 0.1087920058022403 0.1035037951391551 0.08131805968038466 0.06839073415859787 0.03409340860766918 0.02106948398643699 0.005236460674366687 0.00283193738843883 0.0005926831579268696
 0.1058631921824104 0.1093467718931254 0.1032312804921162 0.07832367002339538 0.06372937407420166 0.03216390372858952 0.02061002881197905 0.005401505829964259 0.002817956208005288 0.0005909109594022431
 0.1161724243350657 0.09772599135500845 0.08705650459921158 0.08054946240425762 0.06835373055562535 0.03362104799863071 0.02116759887400134 0.005472279944094004 0.002789614199232137 0.0005856389073165096
 0.1103448275862069 0.09179575444635685 0.09831274079978743 0.07934850699519733 0.06688963210702341 0.03288175720110483 0.02048905511928355 0.005431909735513388 0.00284327541511344 0.0005901390926155974
 0.05905511811023623 0.08803390935767852 0.07333682556312206 0.07482108002602472 0.06441533469534912 0.03293997604365378 0.02104683273418133 0.00548665527602663 0.002854769812629387 0.0005922066789425764
 0.1206434316353888 0.1069174288290609 0.09821836455002284 0.0792507204610951 0.068432785525429 0.03319351135058941 0.02107481559536354 0.005423063514403398 0.002823090777201676 0.0005845409718637643
 0.1189666893269885 0.1053414301648284 0.09734810339039945 0.08250093751065353 0.06942762573665941 0.03410158560773897 0.02149154227400986 0.005498154981549815 0.002857888154916718 0.0005710548930481601
 0.09728978457261987 0.1110042181602901 0.106052036199095 0.08230986098058912 0.0701504398103746 0.03410080294089194 0.02115830463456907 0.005394062098216265 0.002802133844114991 0.0005790866811451558
 0.1054407423028258 0.09993818256748403 0.1004562001751071 0.08346203134755036 0.07102272727272727 0.03326500732064422 0.02088865025485625 0.005439836510859457 0.002811228410869188 0.0005899632599390001
 0.1169036334913112 0.09967899983105255 0.09863812139214258 0.0799785703352212 0.06615789336597817 0.03310960964331411 0.02111924858429444 0.005450638463769883 0.002834513419739552 0.000585048384493005
 0.1252435290843306 0.1112645171769674 0.1058088339724471 0.08565843255731295 0.07198952879581152 0.03310985165372515 0.02090406475935096 0.005424804642451864 0.002819849051753821 0.0005828495913015051
 0.12 0.100418410041841 0.08550573514077164 0.07541937229437229 0.06416880963253142 0.03267347927487409 0.020793856941103 0.005435040325081069 0.002840749309593058 0.0005900088144941011
 0.1175349428208386 0.09898341359015517 0.08449514152936206 0.07510257913247363 0.06338450191305951 0.03241509264659698 0.02085607905713726 0.005473815690380412 0.002851314475109364 0.0005904633433223351
 0.1019575856443719 0.08788598574821853 0.0765570039313056 0.07521566941945783 0.06443465037758705 0.03276879031423546 0.02073952410447709 0.005520825781698741 0.002859461785748327 0.0005892542640085281
 0.1310615989515072 0.1100063465199915 0.1053484602917342 0.08241641531076087 0.06734240488753124 0.03371656639065944 0.02103713835449436 0.005496000133236366 0.002852894391036725 0.0005780060769816998
 0.127918132395267 0.1089282240809181 0.1010259221552197 0.07904987397846178 0.06661639014580191 0.03285652650094587 0.0210662202803155 0.0054861076708262 0.00282345693800373 0.0005893589850842734
 0.1148897058823529 0.1073806285346123 0.1027819651911745 0.08236937291838269 0.06929171813334137 0.03302251127802716 0.02108287355993254 0.005480066717053857 0.002856501992841491 0.0005907062090953295
