# Created by Octave 3.0.1, Thu Sep 10 04:54:10 2009 PDT <jwawerla@marvin2>
# name: prtA
# type: matrix
# rows: 100
# columns: 10
 232 408.5 432.6 765.5 1373.2 1714.6 1776.5 2207.4 2275.5 2435.3
 370.1 593.2 615.4 874.5 924.3 1500.6 1565.2 1721.6 2723.1 2883.2
 257.1 683 829.9 970.6 1102 2054.8 2120.2 2277.6 2346.4 3790.5
 353.8 661 692.2 995.5 1051.8 1706.7 1773.1 1931.3 2000.2 1652.1
 248.8 313.7 712 1660.8 1713.2 1856.7 1923.2 2081.7 2150.6 2117.1
 490.9 817.4 854 1414.9 1768.5 1917 1984.5 2143.7 2212.7 2373.4
 323.2 660.3 896.8 1670.2 1868.2 2175.6 2243.1 2402.3 2471.4 2632.1
 124.9 281.2 653.9 836 1244.2 1748.5 1814.2 1927.5 1993.8 2801.5
 110.2 186.5 624.3 774.7 817.7 953.3 2401.5 2807.9 2874.4 3032.8
 74.90000000000001 147.8 338.7 1065.1 1159.5 1292.9 1357.9 2465.7 2533.4 2727.7
 97 115.6 129.4 879.1 921.8 1376.4 1438.1 2138.4 2206.1 2455.6
 70.2 186 203.5 392.6 1358.1 1489.3 1551.1 2059.4 2127.1 2943.9
 56.3 68.90000000000001 277.3 615.4 659 1617.5 1679.4 2605.9 2673.2 2854.5
 235.9 378.9 447.2 788.6 1005.6 1632.7 1694.5 2284.4 2351.3 2510.1
 140.3 184 226.1 1067.8 1165.1 1942.6 2004.6 2434.5 2510.8 2696.4
 59.1 185.6 431.5 901.9 1134.7 1483.7 1545.3 1707.4 2406.3 3270.4
 172.8 251.3 470.6 867.9 958.3 1850.2 1910.5 2072.7 2147.2 2324.9
 129.8 306.8 349.7 931.9 976.8 1629.5 1690 1852.3 1926.9 2104.6
 73.59999999999999 108.4 122.7 401.8 1319.4 1755.2 2043.9 1374.3 2659.6 2831.1
 84.7 173.8 259.8 999.2 1045 1177.3 1238.1 1803.5 2276 2448.5
 124.6 145.1 588.9 822.4 1123 1324.6 1385.5 1982.4 2049.6 2741.3
 87.8 234.8 632 884 979.4 1290.9 1351.9 2482 2927.8 2972.6
 59.3 186 569.3 671.5 1444.3 1577.7 1638.8 2452.1 2959.3 2138.5
 123.6 309 329.1 1085.9 1133.1 1589.2 1650.2 1813.2 2471.8 2647.7
 111.7 133.7 149.3 847.1 1081.5 1214.5 1836.8 1999.2 2065.5 2240.2
 161 275.1 295.3 1162.4 1264.3 1561.7 1936.5 2566.1 2632.5 2681.7
 58.4 72.59999999999999 186 829.3 1132.4 1711.2 1771.6 1933.7 2000.1 2909.8
 133.2 431.8 550.5 1016.6 1063.9 1610.9 1671.4 1833.5 1900 2702.2
 159.9 304.2 368.4 870.2 1154.3 1284.6 2325.6 2836.3 2902.7 3073
 136.6 159.6 464.9 577.2 622.5 1098.6 1943.1 2103 2169.5 2339.2
 56.5 123.7 137 600.2 1211.7 1337.9 1762.7 2487.3 2554.1 2721.2
 161.1 343.7 406 912.9 1007.3 1221.3 1826.8 1983.8 2050.6 2222
 165.8 325.7 344.3 764.9 1160.9 1587.2 1646 2071.3 2138.1 3001.1
 136.3 153.7 166.9 589.6 1087.2 1757.3 1815.7 1973 2530.4 2694.8
 179.2 390.7 407.3 509.1 784.6 1210.8 1520 2340.3 2407.2 1983.1
 69.59999999999999 120.1 131.3 910.1 1141.5 1332.1 1781.8 2410.9 2477.8 2644.5
 122.8 155.8 225.7 480.6 582.6 1494.6 1551.7 1946.4 2013.4 2138.5
 171.8 207.8 221.3 682.3 719.1 1575.8 1632.9 1789.3 1856.3 2023.3
 180.3 198.8 232.1 281.2 603.7 1318.7 1375.8 2160.8 2881.8 3048.4
 213.2 405.2 420.5 826.1 930.3 1226.4 1285.7 1664.1 1731.8 1891.1
 69.8 134.8 146.2 626.1 705.2 1618.9 1792.8 2158.7 2225.5 2225.8
 175.2 258.4 365.3 449.7 822.4 935.7 992.7 1659.1 1725.9 1877.8
 69.2 79.90000000000001 521 654.4 810.2 1115.1 1595.6 1733.3 2331 2994.4
 68.8 98.40000000000001 107.5 757.2 792.6 972.7 1474.9 1629.4 1696.3 2864.8
 56.2 65 71.5 450.9 705.7 1264 1321 1838.8 1905.7 2072.1
 68.5 79 129.4 849.5 986.8 1360.2 1667 1823.6 2202.8 2815.2
 70.7 166.5 178.3 402.8 471.5 877.4 1816.9 2148.7 2215.5 2838.8
 66.8 203.7 437 506.1 539.7 864.6 920.9 2036 2102.8 2267.8
 70.40000000000001 80.59999999999999 88.2 204 892.8 1306 1362.3 1925.5 1992.4 2157.2
 70.3 80.59999999999999 217.3 533.7 874.9 1428.9 1485.1 2148.6 2217.7 2381.7
 81 170.4 182.1 629.5 826 1265.7 2081.6 2422.9 2489.8 2648.6
 169.2 186.6 198.8 762.1 795.2 1223.5 1279.7 1814 1880.4 2843.5
 78.40000000000001 286 299.5 386.9 771.4 1435.2 1857.2 2012 2078.4 2241.1
 80.2 123.8 134 550.6 689.7 800.4 1614.3 1769 1837.8 2000.6
 78.2 183 216.7 654.4 687.5 996.5 1443 2093.9 2162.7 2325.6
 85.59999999999999 175 331.1 667.2 836.1 1037.2 1418.8 2343.6 2412.2 2576.6
 123.1 136.7 147.4 277.7 308.5 1166.1 1221.9 1376.2 2060.7 2213.2
 77.2 104.5 113.3 319.7 618.6 1081.8 1138 1291.9 2008.4 2623.3
 166.6 250.3 340.8 497.5 530.2 1034.2 1895.5 2049 2117.8 2283.8
 85.7 114.1 123.2 578.6 740.7 1144.9 1201.3 2145.6 2214.4 2380.1
 184.1 217 229.2 731.8 764.5 1002.6 1675 1827.1 1895.8 2707.6
 80.09999999999999 90.8 153.1 596.8 666.4 1321.6 1378.2 1903.7 1972.4 2136.3
 131 145.7 156.6 543.6 820.3 1517.1 1573.8 1874.8 1943.6 2107.5
 120.5 134.7 144.8 267.4 335.7 1213 1269.9 1421.7 1490.4 1655.8
 66.40000000000001 140.8 151.2 506.2 576.8 1226.7 1283.5 2109.1 2177.8 2737.5
 77.8 226.8 239.3 283.9 469.6 1021.9 2144.1 2295.9 2803.4 2968.6
 122.4 137.1 203.5 767.8 840.9 1002.5 1059.2 2008.1 2075.1 2240.4
 174.7 286.4 299.8 446.6 779 1078.9 1135.7 1948.7 2015.6 2637.3
 87.59999999999999 296.8 309.9 357.7 499.5 1412.9 1583.6 1917.6 1984 2627.4
 53.4 61.5 67.2 721.6 755.6 868.1 1549.5 1701.2 1767.5 3277.5
 40.1 43.3 47.5 318.5 815.5 1610.3 1667.5 2134.7 2201 2364.9
 223.1 242.7 255.2 722.3 794.3 1401.6 1576.1 1715.4 1782.9 2742.3
 76.5 135.7 187 516.5 959 1443.7 1500.9 1652.5 1718.8 3789.3
 96.7 232.7 245.3 644.4 827.5 1098.3 1155.5 1307.4 1373.7 2756.2
 83.59999999999999 155.4 166.4 749.1 870.8 1403.7 1574.6 1713.2 1780.7 3091
 41.1 97.5 105.9 168.5 844.9 1452.7 1510 1663.5 1729.3 3255.3
 74 160.4 171.6 246 590.6 1382.5 1439.9 1592.8 1975.1 2759
 77.3 88.59999999999999 134.2 513 705.3 1436.1 1493.6 2039.5 2593.4 2758.3
 61.7 136.1 146.7 473.5 507.7 1310.5 1692.6 1845.5 1911.8 2076.4
 75.90000000000001 164.7 176.4 447.3 481.6 1493.5 1551.1 1704.1 1770.4 2112.6
 79.09999999999999 91 231.6 729.5 764.2 1024.2 1505.6 2138.5 2204.8 2726.9
 102 147.7 158.8 422.9 763 928.3 1560.7 1862.4 1928.7 2094.1
 182.2 201.2 213.9 529.3 605.1 1357.5 1630 2104.5 2170.8 2749.3
 137.9 154.9 166.3 570.3 912.5 1205.4 1573.7 1726.6 1792.9 1937.2
 153.4 189.6 277 741.4 941.9 1324.3 1381.8 1730.4 1796.7 2365.3
 41 191.4 203.6 495 830.6 1118.6 1620 2028.5 2882.2 3045.2
 53.3 62.1 68.2 424.5 504.5 1099 1156.6 1649.8 1719.8 1876.2
 55.1 190.7 203 324 724.9 838.7 896.3 1068 2736.6 2742.4
 142.5 160.4 209.4 757.7 939 1358 1415.6 1568 1634 1776.4
 80.59999999999999 93.3 187.9 567 639 1205.1 1262.8 1747.9 1814.8 3423.6
 138.8 236 459.6 709.7 745.3 1137.7 1388.6 1699.6 1766.5 2576.7
 90.3 139.8 150.4 239.7 661.8 1366.3 1424.5 2452.5 2519.4 3102.2
 55.7 147.2 158.2 718.2 933.9 1512.5 1704.6 1857.3 1924.2 2085.4
 40.1 66.09999999999999 72.7 684.5 866.7 1223.1 1977.2 2340.5 2407.4 2567.1
 173.3 192.8 260.6 605 640.5 1493.4 1551.6 2366.5 2435.8 2349.6
 180.8 217.4 230.7 281.1 725.2 1430.1 1904.3 2275 2615.1 2773.8
 129.2 196.8 319.4 538.6 574.1 1388.8 1638 2134.8 2201.9 2362.5
 156.3 206.7 219.9 797.9 833.6 1166.9 1225.8 2021.5 2088.6 2249.3
 137.7 283.4 297.7 376.2 411.1 1705.4 1764.3 1915.4 1982.5 2671.7
 118.4 135.1 201.7 652.5 931 1207.2 1266.3 2030 2097 2233.4
# name: prtB
# type: matrix
# rows: 100
# columns: 10
 282.6 374 462 1288.4 1315.3 1417.6 1785.2 1933.3 2000.6 2805.4
 482.2 609.7 677.2 1460.4 1507.3 2841.2 2904.1 3059.2 2991.5 3149.8
 418.6 786.9 1061.9 1771 2181 2323 2389.4 2547.7 2616.7 3750.2
 448 960.2 990.9 1099.4 1554.8 1702.8 1770 1929.1 3806.1 3966.6
 566.4 737.7 1048.6 1945.3 2000 2840.6 2907.2 3065.7 3134.6 3295.2
 463.1 892.6 1823.3 1985 2042 2851.2 2918.3 3077.3 3146.3 3948.1
 588.2 907.8 1114.7 1835.5 1894.1 3268.1 3335.1 2988.2 3057.1 3920.3
 713.7 1027.3 1100.2 1960.2 2176.9 2327 2394.7 2288 2355 3226.2
 541.3 1012.3 1773 1921.4 1980.5 2131.7 2681.2 3552.4 3621.5 3124.1
 539.7 1011 1147.2 1641.1 2419.3 2722.6 2790.3 2949.7 3948.7 2897
 172.8 1025.9 1054.2 1983.7 2698.5 2839.7 2906 3735.9 3802.8 3965.3
 431.5 722.9 794.4 1713.6 1757.3 2152.4 2217.6 2805.8 2873.3 2720.5
 322 389.8 799.1 1773.6 1878.5 2625.4 2689.8 3169.2 3237 3226.7
 710.4 738 846.5 1568.9 1662.1 2304.5 2366.5 2809.7 2885.2 3582.8
 165.7 602.7 622.9 1201.2 1245.2 2037.7 2656.6 2818.1 2892.7 3070.3
 586.9 684.7 706.3 1581.5 1909.8 2040.8 2101.8 2107.3 2174.4 2985
 275.3 419.6 441.9 1112.2 1160.1 1640.3 3293.8 3456.6 3342 3500.1
 250.3 1068.2 1088.8 1581.6 1757.6 2304.5 2365.7 2527.6 3360.1 4055.4
 507.3 1005.8 1134.3 1785.2 1988.7 2120.6 2181.1 2342.6 2409.1 3109.7
 546 763.9 1013.8 1129.6 1228.6 1866.2 2324.7 2486 2552.7 2724.6
 455.1 875.1 1002.8 1483.1 1529.4 1947.7 2334.2 3065.6 3132.5 3303
 232.1 380.3 869.9 1499.6 1543.7 2105.3 2163.4 2804.2 2870.9 4068
 269.8 667.3 917.1 1408.6 1681 2689.9 2748.3 2906.1 2972.8 3140
 270.8 610.5 630 1257.4 1391.2 2633.6 2903.3 3856.2 3922.9 4093.9
 253.2 1010 1054.3 1456.7 1948.7 2074.4 2588.7 2745.4 2812.2 2986.7
 200.5 306 323.9 1626.4 1824.9 2049.5 2108.3 2267.4 2334.3 3132.9
 326.7 351 390.8 1420 1460.9 2022.6 2081.4 2671.1 2740 3837.3
 277.2 301.1 402.8 987.2 1028 1151.2 1210.1 2774.2 2840.8 2999.2
 259.8 637.4 883.5 941.8 1030.3 2214.9 2420.4 2581.6 3494.2 3662.8
 318.3 602.4 897 955.4 1228.5 1973.8 3240.6 3855.2 3922 4090
 289.9 567.9 878.4 1403.5 1484.4 2324.1 2382.6 2540.5 2607.4 2774.9
 302.7 410.1 733.6 1013 1400.2 1725.6 2296.5 2902.8 2969.6 3013.1
 372.3 395.9 470 1330.7 1369 1486.5 2768.1 2926 2993 3159.2
 40.1 723.6 739.9 1029.3 1641.7 1758.3 1815.4 2373.5 2440.4 3624.8
 554.9 720.1 889.6 1519.5 1555.6 1850.9 2392.2 2949.4 3020.7 3659
 271.9 292.8 361.6 1539.2 1574.7 1763.6 2667.8 3275.2 3875.1 4041.4
 164.5 607.2 644 1360.3 1521.3 1690.4 2072.7 3026.6 2435.3 3812.9
 390.9 412.9 427.9 1163 1236.3 2199.7 2256.8 2613.3 2585.9 2744.6
 173 671.7 686.4 1661.7 1809.5 2062.1 2118.9 2276.7 2722.6 2888.9
 247.7 331.8 345.9 917.9 1323.4 1993.2 2049.5 3764.2 3831.1 3996.4
 342 715.7 730.2 1178.8 1319.9 1891.2 1947.5 3003 3069.4 3146.8
 319.4 679.3 694.1 1256.4 1289.5 1832.6 1888.2 3146.5 3215.3 3378.1
 373.6 428.8 443.4 1284.1 1725.8 1836 1891.8 2046.8 2115.6 3443.4
 357 470.1 484.7 1322.7 1517.4 2222.4 2439.5 2594.2 2662.9 2825.2
 259.1 627.6 642.1 1196.9 1229.4 1846.5 1902.1 2812.7 2881.3 3147.3
 168.4 252 284.3 1242.1 1518.5 2096.7 2328 3131.9 3933.2 4098.7
 204.9 459 877.5 924.3 997.3 1850 2625.1 2779.4 2847.8 2965.9
 95.2 364.4 861.8 1143.7 1176.5 1752.8 1809 2939 3007.4 3088
 120.5 421.3 435.1 1338.8 1371.6 1911.5 2176.2 2330.1 2398.4 2565.7
 289.5 425.9 513.9 1148.8 1243.2 1877.6 1933.8 3037.6 3034.3 3192.6
 308.3 326.6 1025.8 1235.7 1268.5 1779.5 1835.8 1989.4 3151.5 3317.5
 106.7 318.8 430.2 505.2 1714.4 1871.7 1928 2079.9 2905 3595.5
 575.6 611.6 625.7 1225.6 1318.7 1480.8 1537.3 2602.6 2671.4 3307.3
 85.59999999999999 96.90000000000001 685.1 1185.3 1284.3 2170.5 2227.2 2379.2 2448 3357.8
 595.7 773.7 908.5 1053.4 1353 1731.7 1788.5 1940.6 2009.4 3197.5
 219.3 237.5 396.4 775.3 881.2 1733.4 1790.2 3477.4 3546.2 3624.8
 419.1 588.4 602.7 1410.1 1444.1 1976 2032.9 2185 2252 3069
 145.4 640.6 1111 1527.2 1561.2 2039.4 2096.3 2582.5 2649.5 2813
 490.8 542.9 779.6 1209 1386.3 1556 1612.9 2074.4 3168.5 2963.8
 215 429.6 993.8 1346.3 1442.1 1872.1 2053.5 3093.6 3160.4 3240.3
 257.1 277 343.6 454.3 1398.8 2029.4 2086.5 2971.9 3038.8 3204.1
 107.8 563.5 959.1 1087.4 1121.3 1706.2 2197.7 2349.2 2415.5 3303.8
 369.4 390.6 423.3 1188.6 1222.6 1335.2 1392.3 2491.6 3047.1 3211
 264.9 349.2 490.3 1131.7 1568.4 1681.5 2794.9 2182.2 2253.9 3073.6
 128.8 588.1 963.8 1037.4 1218.7 2144.3 2201.4 3024.6 3890.4 4484.4
 41.8 697.5 711.5 1155.8 1190.2 1771.5 1828.7 2584.3 2650.6 2814.5
 514.6 535.4 603 1192.6 1227 1865.5 1922.7 2074.3 2140.6 3311.8
 190.1 669.4 683.5 964.6 1612.3 2344.2 2401.5 2553.4 2619.7 2783.3
 267.4 693.8 707.9 1453.2 1658.4 1772.3 1936.8 2088.8 2155.1 3138.3
 163.5 384.7 667.2 1128.5 1223.6 1395.7 2850.4 3002.5 3068.9 3232.4
 288.5 498 927.4 979.3 1683.2 1797.4 1854.7 2944.8 3313.9 3477.4
 43 387.8 571.8 1150.3 1221.2 2231.5 2288.8 2059.4 2129.5 2287.8
 554.8 835.4 869.8 1277.2 1311.5 1848 2387.2 2946 3011.8 3647.6
 357.3 424.3 515.5 1298.8 1722.4 1884.2 1941.5 2797.7 2863.5 3027.5
 237.4 257 614.5 1201.8 1644.9 2428.5 2485.9 2638.7 2704.6 4340.7
 129.5 388.9 634.6 1507.9 1646.7 2115.8 2173.2 2802.7 2868.5 2941
 367.2 388.7 402.8 1165.8 1200.2 2031.6 2089.1 2643.6 2709.9 3806.2
 151.2 275.7 714.6 1149.7 1184.7 2180.2 2237.7 2818.7 2885.1 3982.2
 328.2 396.9 686.5 1142.4 1255.1 2085.8 2143.3 2792.6 2858.9 3501.5
 231.1 816.5 850.2 1078.9 1450 1613.5 2186.7 2623.6 2689.9 2852.9
 452.2 823 837.6 972.7 1085.6 2213.9 2390.9 3816.2 3053.2 3209.5
 43.2 68.90000000000001 75.59999999999999 1250.1 1380.1 1809.2 1866.9 3136.3 3109 3267.4
 56.1 549.8 1077.5 1485 1558.1 2130.5 2188.3 2453.4 2520.3 3520.8
 360.3 748.7 1002.3 1278.6 1479.2 1751.5 1809.3 1880.1 1947.5 3024.8
 398.7 1027.6 1041.9 1290.1 1639 1859.4 1917.4 2070.1 2137 2299
 333.8 404.9 419 1506 1541.6 2292.4 2459.1 2611.8 2678.8 2839.9
 333.6 536.7 572.1 1093.8 1165.9 2042.3 2345.9 2810.1 3438.4 4085.1
 312.5 386.4 401.8 1331.9 1774.3 2509.9 2568.1 2720.3 2787.4 2947.2
 250 431.5 601.8 1400.7 1852 2063.5 2292.6 2444.8 2817.3 2977.1
 139.8 189.1 326.3 1316.7 1352.3 2025.7 2084.1 2236.4 2303.5 3368
 280.9 303.6 372.4 1091.4 1795.5 2188 2392.4 2719.5 3116.6 3276.3
 326.3 349.6 509 1347.7 1480.6 2259.7 2318.3 2937.3 3004.4 3140.1
 125.1 142.3 657.2 1159.7 1320.3 2397.6 2456.3 3061.4 3128.5 3192.6
 103.7 430.3 1015 1490.4 1525.9 2114.9 2173.8 2539.4 2606.5 2767.1
 204.4 453.9 910.9 1374.2 1410.1 2105.2 2401.4 2754.9 3483.4 3644.1
 40.1 714.5 729.7 937.1 1046.3 1468.9 1964.8 2746.4 3212.8 3373.5
 56.6 255.6 603.4 1279.8 1581.5 1787.6 1846.6 3382.1 3449.1 3213.7
 379.7 418.7 433.9 1322.7 1358.9 2342.5 2401.6 3148.7 3950.9 4109.6
 55.9 378.9 394 1345.1 1819 1934.8 1993.8 2581.6 2648.4 3091.3
 206.1 701.4 716.9 1034.8 1636 2053.7 2113.1 2863.9 2931 3093.1
# name: collectedA
# type: matrix
# rows: 100
# columns: 10
 13 20 20 30 45 47 47 49 49 49
 17 27 27 33 33 39 39 39 48 48
 12 29 33 34 35 42 42 42 42 45
 20 31 31 36 36 46 46 46 46 43
 13 13 23 48 48 48 48 48 48 48
 23 33 33 43 49 49 49 49 49 49
 14 25 32 45 46 47 47 47 47 47
 8 15 31 34 42 47 47 46 46 48
 6 9 29 31 31 31 46 49 49 49
 4 7 16 44 45 45 45 49 49 49
 6 6 6 38 38 44 44 49 49 48
 4 10 10 15 46 46 46 47 47 49
 3 3 13 25 25 42 42 47 47 47
 16 22 24 32 36 45 45 49 49 49
 9 10 11 39 40 48 48 49 49 49
 3 9 20 34 39 42 42 42 46 48
 11 14 24 37 38 49 49 49 49 49
 8 17 18 38 38 48 48 48 48 48
 4 5 5 14 41 47 49 36 47 47
 5 9 12 34 34 34 34 43 44 44
 8 8 32 37 42 43 43 48 48 48
 5 12 34 39 40 42 42 47 48 48
 3 9 29 30 45 45 45 49 49 47
 7 15 15 40 40 46 46 46 48 48
 7 7 7 35 38 38 46 46 46 46
 10 15 15 40 41 44 46 48 48 48
 3 3 7 33 39 47 47 47 47 49
 8 25 29 41 41 47 47 47 47 49
 10 17 19 33 39 39 48 49 49 49
 8 8 22 23 23 30 47 47 47 47
 3 6 6 23 40 40 44 48 48 48
 10 19 21 38 39 40 46 46 46 46
 11 19 19 31 40 43 43 45 45 49
 9 9 9 24 37 46 46 46 49 49
 12 24 24 26 34 42 44 48 48 47
 4 6 6 37 42 43 47 49 49 49
 9 10 13 21 23 45 45 47 47 47
 13 14 14 29 29 48 48 48 48 48
 13 13 14 14 26 34 34 41 46 46
 15 26 26 40 42 45 45 46 46 46
 4 7 7 30 31 46 47 48 48 46
 13 17 22 23 35 35 35 39 39 39
 4 4 28 32 35 39 43 43 45 47
 4 5 5 35 35 36 42 42 42 49
 3 3 3 20 27 40 40 44 44 44
 5 5 7 37 40 45 47 47 48 49
 4 9 9 18 19 27 47 48 48 49
 4 12 26 27 27 31 31 49 49 49
 4 4 4 8 36 43 43 48 48 48
 4 4 11 24 35 44 44 49 49 49
 5 10 10 27 32 38 47 48 48 48
 11 11 11 33 33 42 42 45 45 49
 5 18 18 20 33 45 49 49 49 49
 5 7 7 24 27 27 48 48 48 48
 5 11 12 31 31 34 42 45 45 45
 6 11 19 33 38 39 43 48 48 48
 9 9 9 14 14 41 41 41 48 48
 5 6 6 15 26 37 37 37 46 47
 12 16 20 25 25 34 44 44 44 44
 7 8 8 29 33 41 41 47 47 47
 14 15 15 36 36 39 46 46 46 48
 5 5 8 27 28 43 43 49 49 49
 9 9 9 28 35 46 46 47 47 47
 9 9 9 13 14 43 43 43 43 43
 4 8 8 25 26 38 38 48 48 49
 5 14 14 14 19 29 45 45 47 47
 9 9 12 35 36 37 37 47 47 47
 12 18 18 22 35 39 39 46 46 47
 7 20 20 20 24 46 47 48 48 49
 3 3 3 34 34 34 43 43 43 49
 2 2 2 13 31 46 46 48 48 48
 16 16 16 34 35 46 47 47 47 49
 5 8 10 24 37 43 43 43 43 49
 6 14 14 29 33 36 36 36 36 47
 5 9 9 33 36 46 47 47 47 49
 2 5 5 6 26 39 39 39 39 48
 5 10 10 11 25 39 39 39 40 43
 5 5 7 21 25 43 43 45 47 47
 4 8 8 22 22 44 48 48 48 48
 5 10 10 21 21 47 47 47 47 47
 5 5 13 36 36 38 45 48 48 49
 7 9 9 20 32 33 40 41 41 41
 14 14 14 25 26 40 42 44 44 43
 10 10 10 26 39 42 46 46 46 46
 11 12 16 33 38 42 42 43 43 44
 2 12 12 21 32 35 41 42 49 49
 3 3 3 19 20 34 34 39 39 39
 3 11 11 14 31 31 31 31 49 49
 10 10 12 35 39 45 45 45 45 45
 5 5 10 26 27 38 38 41 41 48
 10 15 27 37 37 42 44 45 45 48
 6 8 8 10 25 38 38 48 48 49
 3 8 8 28 35 44 45 45 45 45
 2 3 3 28 32 38 46 47 47 47
 13 13 16 30 30 48 48 49 49 48
 13 14 14 14 29 42 46 47 48 48
 9 12 18 25 25 43 45 47 47 47
 11 13 13 34 34 39 39 46 46 46
 9 17 17 18 18 44 44 44 44 48
 8 8 11 29 37 40 40 46 46 46
# name: collectedB
# type: matrix
# rows: 100
# columns: 10
 23 29 34 84 84 84 89 89 89 96
 36 42 44 77 77 98 98 98 98 98
 30 51 63 87 96 96 96 96 96 99
 33 63 63 63 73 73 73 73 99 99
 44 51 64 90 90 97 97 97 97 97
 28 49 91 93 93 98 98 98 98 99
 45 58 64 83 83 98 98 95 95 98
 50 64 65 88 90 90 90 90 90 95
 37 60 91 92 92 92 95 99 99 98
 38 63 67 79 94 95 95 95 99 95
 11 60 60 82 95 95 95 98 98 98
 36 52 54 88 88 91 91 94 94 83
 25 27 48 87 88 97 97 98 98 98
 54 54 58 82 83 93 93 95 95 97
 14 42 42 67 67 84 94 94 94 94
 46 50 50 86 92 92 92 92 92 99
 23 29 29 64 64 70 98 98 98 98
 17 68 68 85 88 95 95 95 97 98
 38 69 74 92 95 95 95 95 95 99
 41 52 64 65 66 76 83 83 83 83
 40 64 69 84 84 88 92 97 97 97
 18 25 53 77 77 87 87 93 93 98
 20 44 58 74 81 96 96 96 96 96
 19 40 40 70 72 94 96 99 99 99
 18 67 68 81 94 94 99 99 99 99
 14 19 19 91 95 96 96 96 96 99
 25 25 26 83 83 91 91 87 87 99
 21 21 25 54 54 54 54 95 95 95
 19 45 58 58 59 92 93 93 97 97
 24 41 59 59 65 82 97 99 99 99
 23 40 56 77 78 98 98 98 98 98
 24 29 50 59 73 78 90 97 97 97
 28 28 31 74 74 74 99 99 99 99
 2 54 54 65 85 85 85 89 89 99
 46 56 66 93 93 87 96 98 98 99
 20 20 23 85 85 86 98 97 99 99
 12 44 45 81 84 85 88 96 90 97
 31 31 31 69 70 94 94 95 95 95
 12 46 46 87 90 92 92 92 94 94
 19 23 23 53 70 86 86 99 99 99
 27 53 53 74 77 88 88 98 98 98
 24 50 50 76 76 90 90 99 99 99
 29 31 31 73 86 86 86 86 86 99
 30 36 36 79 84 94 96 96 96 96
 20 47 47 73 73 85 85 95 95 93
 13 17 18 69 79 87 89 94 98 98
 16 35 61 61 62 89 98 98 98 94
 6 25 57 69 69 88 88 99 99 99
 8 29 29 79 79 93 96 96 96 96
 23 31 35 67 69 79 79 95 95 95
 23 23 68 75 75 84 84 84 96 96
 7 20 26 27 86 87 87 87 92 96
 47 48 48 80 82 83 83 95 95 97
 5 5 47 69 71 91 91 91 91 95
 47 58 65 69 78 85 85 85 85 97
 18 18 28 50 52 82 82 99 99 99
 34 45 45 86 86 94 94 94 94 97
 10 45 73 88 88 97 97 99 99 99
 45 47 61 80 85 86 86 90 99 99
 17 31 66 81 83 89 90 96 96 96
 20 20 23 26 78 93 93 99 99 99
 7 41 66 70 70 84 90 90 90 98
 33 33 34 74 74 74 74 95 99 99
 21 25 34 67 82 82 98 92 92 99
 9 43 66 67 72 87 87 93 98 99
 2 52 52 73 73 85 85 94 94 94
 42 42 45 74 74 89 89 89 89 96
 15 47 47 59 85 98 98 98 98 98
 21 52 52 88 94 94 95 95 95 97
 12 27 45 65 67 68 98 98 98 98
 22 35 62 62 89 89 89 98 99 99
 2 29 39 68 69 90 90 95 95 95
 45 62 63 78 78 87 96 98 98 99
 31 34 39 74 89 90 90 98 98 98
 20 20 42 71 85 97 97 97 97 99
 10 29 44 84 87 96 96 99 99 99
 30 30 30 66 66 85 85 87 87 99
 11 18 50 73 73 91 91 96 96 99
 26 29 47 69 71 91 91 95 95 97
 17 59 60 69 81 82 91 94 94 94
 39 62 62 66 68 88 89 99 97 97
 2 3 3 80 83 89 89 99 99 99
 3 36 68 83 84 91 91 93 93 97
 29 54 68 77 82 86 86 86 86 95
 31 74 74 82 93 95 95 95 95 95
 26 29 29 84 84 96 97 97 97 97
 26 39 40 69 70 92 94 96 98 99
 25 28 28 72 85 98 98 98 98 98
 21 32 42 81 95 96 98 98 99 99
 10 12 19 77 77 89 89 89 89 96
 24 24 27 65 90 96 97 98 99 99
 28 28 36 72 75 89 89 93 93 98
 9 9 44 69 73 90 90 97 97 97
 7 29 66 85 85 97 97 98 98 98
 16 31 61 77 77 91 94 95 99 99
 2 58 58 63 65 75 82 94 96 96
 3 17 39 67 75 76 76 92 92 99
 32 33 33 77 77 96 96 94 98 98
 3 29 29 76 91 91 91 98 98 97
 15 50 50 62 84 90 90 97 97 97
# name: avgRateA
# type: matrix
# rows: 100
# columns: 10
 0.05371900826446281 0.04362050163576881 0.03755163349605708 0.02370604504148558 0.01896173942356312 0.00699967235576207 0.003990999023478962 0.0009385642648360193 0.0004790981222286862 9.752499476051941e-05
 0.04472507234938174 0.0419776119402985 0.03774112384679899 0.02400873044743543 0.01714909317673959 0.005999446204965695 0.003372185522083492 0.0007540369980820392 0.0004672756176556198 9.544959942984772e-05
 0.04492699363534256 0.03956343792633015 0.03548768684804818 0.02311981504147967 0.01665080875356803 0.005953393434257527 0.003465289351660863 0.0008034033697032764 0.0004103710535983679 8.932284352325024e-05
 0.05497526113249038 0.04360056258790436 0.0391315324413027 0.02407221664994985 0.01754556974363973 0.006858812828962083 0.00390721220409238 0.0008857856437254604 0.0004509795078833179 8.571677463325679e-05
 0.05023183925811437 0.03574374484465219 0.02832512315270936 0.02221399481673454 0.01769128704113224 0.007000452112532268 0.004025764895330112 0.0009216289022823756 0.0004698944499591779 9.559523067427898e-05
 0.04591734877221002 0.03804473138113904 0.03459119496855346 0.02245548070395321 0.01769911504424779 0.007083995952002313 0.004088614460344612 0.0009397108375508452 0.0004793924825388626 9.753701131469142e-05
 0.04201680672268908 0.03519639588906096 0.03210272873194222 0.02073541609068289 0.01603793319852172 0.006549974914989687 0.003838897011377837 0.0008969071968215135 0.0004586645639661408 9.350775646839905e-05
 0.05930318754633061 0.04528985507246377 0.04111951187160101 0.02544910179640719 0.01871490954460387 0.006964510631992295 0.003978263445684007 0.0008858504645900535 0.000451007806356857 9.546510899430491e-05
 0.04991680532445923 0.03805496828752643 0.04003865801463482 0.02431944771318742 0.01705451944765363 0.00520719600893622 0.003709228722331976 0.0009278914707837275 0.0004763089748275567 9.740915502925456e-05
 0.04711425206124852 0.03538928210313447 0.03647139275131069 0.02811321960258131 0.02083815698078259 0.007150916111808546 0.003962000017608889 0.0009339435097597097 0.0004778930572866988 9.746827159116157e-05
 0.05607476635514019 0.03623188405797102 0.02615518744551002 0.02755420201580741 0.01977312935789364 0.006900445392384418 0.003846792736555896 0.0009398063615300814 0.0004794234395011648 9.55308289926513e-05
 0.04987531172069825 0.0423728813559322 0.03294892915980231 0.01680483979386063 0.0195072303973538 0.007088591989891051 0.003982304715568214 0.0009028148614851496 0.0004602108549053092 9.742637300104445e-05
 0.04524886877828054 0.02523128679562658 0.03445534057778955 0.02241348395194549 0.01506931886678722 0.00634680770683793 0.003596075140846276 0.0008934359073792103 0.0004577630774145541 9.346640032056987e-05
 0.06506710044733631 0.05129400792725577 0.04385964912280702 0.02483315225826479 0.01794974072596729 0.006784567370753992 0.003847962717516782 0.000937182027526375 0.0004787433085852353 9.751047789885218e-05
 0.05988023952095808 0.04273504273504274 0.03373198405397117 0.02487562189054726 0.01847489723338414 0.006913836314925243 0.003998467254219215 0.0009344992323756306 0.0004779984157766791 9.747434037721376e-05
 0.04341534008683069 0.03820033955857385 0.03762935089369708 0.02425279977173835 0.01826954607204759 0.006477782747505283 0.003637843971139771 0.0008122628482576962 0.0004491911142185588 9.537616358919578e-05
 0.06017505470459518 0.04646531695984069 0.04206098843322818 0.02704876087433292 0.01940458560996783 0.00715307582260372 0.004114017043784896 0.0009409921129497799 0.0004796998840888443 9.754642861622029e-05
 0.05722460658082975 0.0476457399103139 0.0400266844563042 0.02653816607304979 0.01922298664508296 0.007240365035070518 0.004106073567151412 0.0009257062849671085 0.000470925732068767 9.559761053772461e-05
 0.04784688995215311 0.03156565656565657 0.0224517287831163 0.01552450654247062 0.01767698542726567 0.006957603031738513 0.004068449588588414 0.0007007394747957636 0.000457823720333997 9.34707499198041e-05
 0.05279831045406547 0.04021447721179625 0.03335186214563646 0.02267876200640341 0.01662591687041565 0.005504022793129684 0.003025422446854895 0.0008300597449979249 0.0004302084555516446 8.75711640098438e-05
 0.05943536404160476 0.04100461301896464 0.04645086369574684 0.0279794313369631 0.01978332548280735 0.00679884893906334 0.003776733564621668 0.0009233894548924251 0.0004703595114532541 9.547654032004135e-05
 0.05112474437627812 0.04213483146067416 0.04644808743169399 0.02817919075144509 0.02020814388198444 0.006676310225881829 0.00369982117530986 0.0008955451392858504 0.0004663463126579991 9.543263390490855e-05
 0.0432900432900433 0.03813559322033899 0.04332885103839833 0.02560819462227913 0.01841017878329174 0.006841297109932043 0.003866377977111043 0.0009341856665414731 0.0004759162115515548 9.359967419347451e-05
 0.05239520958083833 0.04178272980501393 0.0349568865066418 0.02522227126552746 0.01875205100557874 0.006981120621623263 0.003948430069870045 0.0008878046520963771 0.0004684215559793036 9.549431938114905e-05
 0.05751848808545604 0.03810560696788242 0.02807862013638187 0.02598173854947666 0.018256065337497 0.006114731675919221 0.003886185455528521 0.0008846289942922199 0.0004506909778524575 9.158964176901809e-05
 0.05847953216374269 0.04613964933866502 0.03794586390083481 0.02406159769008662 0.01810714127986574 0.006705579346815612 0.003853725966573116 0.0009131360325380807 0.0004676881104913161 9.548786040947979e-05
 0.04385964912280702 0.02446982055464927 0.02447552447552448 0.02482509591514331 0.01828925154755205 0.007003218500417213 0.003992660301063576 0.0009050000288829797 0.0004607838619766059 9.743297903520672e-05
 0.0558659217877095 0.05188875051888751 0.04458109146810146 0.0270341553474878 0.01986530355152866 0.007109470722594503 0.004026937642442209 0.000906749495982328 0.0004612365063788027 9.747321575278564e-05
 0.05885815185403178 0.04799548277809147 0.04056362083689155 0.0240840753174719 0.0181033282272664 0.006205645546255927 0.003894333744401895 0.0009273927205349352 0.0004761779817244834 9.740137117277215e-05
 0.05457025920873124 0.03816793893129771 0.03894494600814304 0.02135165243223171 0.01417565485362095 0.004919161774833568 0.003935326673979118 0.0009020593823772144 0.0004600198689432756 9.356227823749371e-05
 0.04511278195488722 0.03454231433506045 0.02531645569620253 0.02090528994728231 0.01808563548401682 0.006311238738383376 0.003740637778741275 0.0009145069378687796 0.0004680456461516409 9.548035770124673e-05
 0.05844535359438924 0.04826009652019304 0.04150197628458498 0.02689503857314742 0.01942908384396951 0.00642952437593429 0.003889471370108567 0.0008848910622155363 0.0004507567814397955 9.159296088184109e-05
 0.06257110352673492 0.05057226510513708 0.04276389826693675 0.02450786623448494 0.01851080568281734 0.006527811513237795 0.003692254851451142 0.00086419966469053 0.0004405799598778517 9.741529392281648e-05
 0.06151742993848257 0.04418262150220913 0.03372049456725366 0.02202643171806168 0.0177270985051744 0.006807452680804463 0.0038931252486099 0.0008850749427587401 0.0004779070402534273 9.747465062300227e-05
 0.06342494714587739 0.05445881552076243 0.04730928444707274 0.02576553364384105 0.01905188837834809 0.006762413859728215 0.003819444444444444 0.0009170753702214163 0.0004687170433328907 9.362865004817892e-05
 0.05025125628140704 0.03527336860670194 0.02594033722438392 0.02623927381036806 0.01961242120009339 0.006790796102398888 0.003989203687042728 0.0009349200261777607 0.0004781523412875764 9.748440498204993e-05
 0.06777108433734939 0.04859086491739553 0.03991403131716303 0.02141545992249643 0.014533046884873 0.006928833184491731 0.003895530527974237 0.0009047787719649484 0.000460723787267163 9.359967419347451e-05
 0.07150715071507151 0.05430566330488751 0.04357298474945533 0.02452846147339931 0.01686929207143273 0.007299492077009641 0.004126228197611946 0.0009268323765719946 0.0004712521464062606 9.561309206166327e-05
 0.06831318970047294 0.0522508038585209 0.0421559771153267 0.01792114695340502 0.0162125085739228 0.00538085365660658 0.002988800787636914 0.000786030889096793 0.0004471150388115293 9.144249340620107e-05
 0.06720430107526883 0.05711775043936732 0.04995196926032661 0.03016363773471081 0.02175827591566078 0.007227290247976359 0.003987346819426353 0.0008903668117706493 0.0004521693315167922 9.165334870452973e-05
 0.05012531328320802 0.03787878787878788 0.02843216896831844 0.02664061806233905 0.0181796856673704 0.006949795283204158 0.003985482667390273 0.0009202683349086538 0.0004695501611633105 9.159226786039268e-05
 0.07019438444924407 0.05512321660181583 0.04728132387706856 0.02421817416026113 0.0192054433713784 0.005896524420034705 0.003183931154311497 0.000754949273216142 0.0003833831895318695 7.77081592371689e-05
 0.0505050505050505 0.03079291762894534 0.04508856682769726 0.02772002772002772 0.01933488012374323 0.006377655312259816 0.003708303149470489 0.000831186102568365 0.0004397494405409896 9.344040410787874e-05
 0.05076142131979695 0.03369272237196765 0.02409638554216868 0.02783964365256125 0.01952471270779873 0.006027424782761566 0.003660162615796216 0.0008134899882625016 0.0004129943763932414 9.744169804687065e-05
 0.04531722054380664 0.02608695652173913 0.01749271137026239 0.02103270585760858 0.01582927830216333 0.006385696040868455 0.003533256779436446 0.0008487850799015409 0.0004317717262135484 8.763681550916691e-05
 0.06369426751592357 0.03875968992248062 0.03051438535309503 0.02741756206002223 0.0201328769881216 0.007075249205999811 0.004028456329819148 0.0009069227147477212 0.0004696544517371344 9.745131014336878e-05
 0.04956629491945477 0.04157043879907621 0.03233920229967661 0.01993797075764289 0.01291199456337071 0.004593868036887059 0.003977354466907564 0.0009204448049519931 0.0004695960984390822 9.74467364093622e-05
 0.05208333333333334 0.04729996058336618 0.0484171322160149 0.02683629857867011 0.01753588361369098 0.005285953006172629 0.00283859388878206 0.0009416557767699286 0.000479908484390242 9.755751812081126e-05
 0.04975124378109452 0.03062787136294028 0.02125398512221041 0.01136363636363636 0.01901944209636517 0.006818902632413575 0.003784445050737967 0.0009244013057168444 0.0004706233013440217 9.55875968720552e-05
 0.04981320049813201 0.03062787136294028 0.034667507091081 0.02321756795975621 0.01866766227532135 0.006844094635163092 0.003831050665645053 0.0009396225402024215 0.0004793690329561319 9.753539987622956e-05
 0.05494505494505494 0.04537205081669692 0.03544842254519674 0.02390438247011952 0.01752464403066813 0.00606476530954243 0.003890213216792478 0.0009156303829051807 0.0004683392883974795 9.549414839711083e-05
 0.06138392857142858 0.04649196956889265 0.03681392235609103 0.0261468980270977 0.01838235294117647 0.006748614123885274 0.003723503284661826 0.0008684911413903579 0.0004416943788991798 9.744582558987041e-05
 0.05656108597285067 0.05357142857142857 0.04505632040050062 0.0225504566467471 0.01862933273117308 0.006992789656887121 0.004132510204770097 0.0009420902868568792 0.0004800231978557658 9.756270444613155e-05
 0.05543237250554323 0.04027617951668584 0.02991452991452992 0.02284408909194746 0.01597916789962715 0.004654851389559341 0.004132836244973868 0.0009271958121655818 0.0004713377547433271 9.561741559671443e-05
 0.05668934240362811 0.04721030042918455 0.03789074834227976 0.02685377685377685 0.01837037037037037 0.005669974151588426 0.003670366162719567 0.0008638247472352808 0.0004404738715793533 8.958333001543223e-05
 0.06276150627615062 0.04888888888888889 0.04407330085826954 0.02827278958190541 0.02069604052066881 0.006459948320413437 0.003765719690335237 0.0009170175532443318 0.0004686941594849051 9.550782905531217e-05
 0.067618332081142 0.04820567755757901 0.03637833468067906 0.018001800180018 0.01069927397783722 0.006649259661698642 0.00365357025102701 0.0007980348877495806 0.0004703083557138056 9.557693824057193e-05
 0.0573394495412844 0.03883495145631068 0.02812939521800281 0.01829937782115408 0.01606326454961077 0.006083725212930382 0.00332196085473155 0.0007213614625311208 0.000450943255653456 9.350939361545714e-05
 0.0679501698754247 0.05328005328005328 0.04537205081669692 0.02506265664160401 0.0163377336295909 0.005634549733187498 0.003698877726871506 0.000845357259505466 0.0004308749307172697 8.759987879362225e-05
 0.07314524555903866 0.04875076173065204 0.03584229390681004 0.02688670498794734 0.0189578905038203 0.006672199710328891 0.003660289430691081 0.0009013224509834003 0.0004598177947529898 9.355466110222122e-05
 0.07212776919113859 0.05617977528089887 0.04556500607533415 0.02922552362396493 0.02040238027769907 0.006497184553360211 0.003940042826552462 0.0008875665433720969 0.0004514415707026197 9.548294077909306e-05
 0.05549389567147614 0.03551136363636363 0.03160806005531411 0.02461706783369803 0.01680268843014882 0.006802075423943305 0.003779156632859327 0.0009440560114211511 0.0004805221805115894 9.75830665896889e-05
 0.06382978723404255 0.04598875830352581 0.03507404520654715 0.02683020314296666 0.0192275998461792 0.00705835417593715 0.003974494116020667 0.0009060275895039594 0.000461039241305977 9.360545301553951e-05
 0.06896551724137931 0.04872766648619383 0.03676470588235294 0.01694031795673703 0.01048139552294677 0.006920972155158539 0.003815473074295247 0.0008362228397738699 0.0004236853929041565 8.571614242275281e-05
 0.05235602094240837 0.04192872117400419 0.03184713375796178 0.02484595507851322 0.01648909183155758 0.006102751055936531 0.003367749368546993 0.000921144291496111 0.0004697693628165805 9.746637161540565e-05
 0.05694760820045558 0.05057803468208092 0.0412614205717654 0.01785942084449547 0.01292868807838868 0.00481575582457364 0.003705503083802011 0.000860488107098262 0.0004571833227305712 9.344519717533063e-05
 0.06797583081570997 0.04810261892036344 0.03953871499176276 0.02760687805647579 0.01955565212667717 0.006164098292378176 0.003345630787037037 0.0009037053843535911 0.0004604452995882443 9.358068367259981e-05
 0.06497022198159177 0.05350772889417361 0.04502251125562781 0.02324107331502218 0.01967397414277684 0.006415634407540839 0.003502249521808238 0.0008854889535253049 0.0004509114292323919 9.350678909026449e-05
 0.07172131147540985 0.05767012687427912 0.04879238838741157 0.02331817651859625 0.0160053351117039 0.007173041837546196 0.004057460547670845 0.0009245419665007627 0.0004706620646375902 9.748772152095169e-05
 0.04731861198738171 0.02690582959641256 0.01794258373205742 0.02783235101506222 0.01936659831396674 0.005794038956391336 0.003723104896315858 0.0008317021655203362 0.0004225317512958459 9.736179344397474e-05
 0.03992015968063872 0.02143622722400857 0.0135593220338983 0.01588271227855834 0.01707518589920132 0.006958836966552199 0.003942575530319263 0.0009206919767448552 0.0004696627234567176 9.55480767067922e-05
 0.06864006864006864 0.05466347796378545 0.04504504504504505 0.02781641168289291 0.01950621412249903 0.007185703574106473 0.004060089321965083 0.0009088201966918945 0.0004617671534216455 9.746544104206072e-05
 0.05780346820809248 0.04308023694130318 0.03484320557491289 0.02361042793900639 0.01888718734047984 0.006673184660986701 0.003738837830082863 0.0008324863268960844 0.0004227340471967817 9.726288351102337e-05
 0.05623242736644798 0.04952246197382384 0.04054445409788589 0.02534078993358965 0.01805745554035568 0.005903284521915944 0.003227107704719645 0.0007016531728366669 0.0003551216932991496 9.348467507710496e-05
 0.05341880341880342 0.04381694255111977 0.03378378378378379 0.02641902169562085 0.01924310455420141 0.007183347127441948 0.004060615485632333 0.0009088588600202656 0.0004617771345648045 9.739788626709681e-05
 0.03913894324853229 0.03389830508474576 0.02428363283147159 0.008975317875841436 0.01409290476448588 0.006043981589102236 0.003388357949609036 0.00075488497682116 0.0003833703760863389 9.537902531776615e-05
 0.05952380952380952 0.04752851711026616 0.03681885125184094 0.01474530831099196 0.01571733936879165 0.006110458284371328 0.003409120709097108 0.0007559194306182257 0.0003922526185313865 8.552805618596584e-05
 0.0572737686139748 0.03607503607503608 0.02988898377455167 0.02073050345508391 0.01466017709493931 0.006681064619878497 0.003741212500870049 0.0008647277548785058 0.0004581191382681537 9.348428459559991e-05
 0.05578800557880056 0.04298764105319721 0.03242805026347791 0.02259887005649718 0.01459176228692711 0.006972506140559385 0.004105160528881515 0.0009258276996074877 0.0004709955078803436 9.560297994488488e-05
 0.05820721769499418 0.04657661853749418 0.03617945007235891 0.02216826770822337 0.01417386609071274 0.007238007238007238 0.004068876557211001 0.0009090188205577508 0.0004618238702019448 9.360450225706346e-05
 0.05611672278338945 0.03546099290780142 0.03920386007237636 0.02928019520130134 0.02040584967690738 0.006307891504266127 0.003911138923654568 0.000920624874133318 0.0004696452612793137 9.746842669449356e-05
 0.0625 0.04552352048558422 0.0347758887171561 0.0216708202405461 0.01815087918321044 0.005566519912959871 0.003459998097001046 0.0007905534645523539 0.0004022419593303947 8.165799996454848e-05
 0.07284079084287201 0.05573248407643312 0.04460019114367633 0.0242883513067133 0.01619836770294686 0.006291781360597719 0.003611349957007738 0.0008444568127512978 0.0004306514189964256 8.552970635662745e-05
 0.0676132521974307 0.04880429477794046 0.03755163349605708 0.02429225450808185 0.0203921568627451 0.006768298578657299 0.003974528456759722 0.0008892910030815867 0.0004518979221537062 9.16449308797993e-05
 0.06731946144430845 0.05008347245409015 0.04244031830238727 0.02658289028516191 0.01956846387558576 0.006641051183530193 0.003690101741376584 0.00083123269876127 0.0004224105496543601 8.758566724254244e-05
 0.0392156862745098 0.04971002485501243 0.03952569169960474 0.02110552763819095 0.01748060745110893 0.00572026280521688 0.003528399311531842 0.0008072498726659427 0.0004762728635274129 9.740675390601083e-05
 0.04739336492890996 0.02676181980374666 0.0178359096313912 0.02055164954029205 0.0132934529744101 0.00557468437448762 0.003047523439040568 0.000755085208461601 0.0003834061805076298 7.770840697367199e-05
 0.04608294930875576 0.04570004154549231 0.03630363036303631 0.01699029126213592 0.01797205635109281 0.005309401065305633 0.002845002432018208 0.0006070337589096891 0.0004769478452664386 9.746542165530498e-05
 0.06557377049180328 0.04752851711026616 0.03878474466709761 0.0278285759720124 0.02011346054667354 0.007077697389116074 0.003941974140649637 0.0008726341917468198 0.0004427652163646024 8.968137999316029e-05
 0.05518763796909493 0.03489183531053733 0.03473428273706148 0.02436738519212746 0.01647345942647956 0.006123994778488662 0.003373938984977093 0.0007923026828141818 0.0004026919465539391 9.534713906936425e-05
 0.06720430107526881 0.05244755244755245 0.04824874910650465 0.03058609572621311 0.02119979373173667 0.006842954201085097 0.00386351263544246 0.0008704129238910939 0.0004421887359789321 9.550781005167967e-05
 0.05982053838484547 0.04214963119072708 0.03194888178913738 0.0135189941868325 0.01504392827055001 0.00596893014780956 0.003326184953389645 0.0009151136742767265 0.0004682040667424897 9.739571800719615e-05
 0.045662100456621 0.04056795131845842 0.03098373353989156 0.02298473157117058 0.01809814364755158 0.006756238003838772 0.003844642277395212 0.0008677659654474875 0.0004415045690817294 8.962618709884812e-05
 0.03992015968063872 0.02583979328165375 0.01737116386797916 0.02363866610384128 0.01714255102587454 0.00610628143529752 0.003840630531342884 0.0008979662020806068 0.0004589512086040657 9.351985038415766e-05
 0.07092198581560283 0.05354200988467875 0.04437049362174154 0.02714932126696833 0.01828710758914965 0.007392121230788185 0.004155268534229024 0.0009357127170996725 0.0004783483899183684 9.555098680281621e-05
 0.06813417190775681 0.05235602094240838 0.042334442092531 0.01792344130072974 0.01680964525852075 0.006531780221147416 0.003864149929017246 0.000899091343854615 0.0004677674143474011 9.547036858324757e-05
 0.06465517241379311 0.0486223662884927 0.04291845493562232 0.02407086462545735 0.01588209135378947 0.006730528424743301 0.003866643753222203 0.0009015091647038062 0.0004598740336529948 9.355793873945607e-05
 0.06614552014431749 0.05064277366575769 0.04063769928102532 0.02619616303259111 0.01854275741710297 0.006324085034620312 0.003474139927666625 0.0008842497813404073 0.0004505889981839304 9.158798230281257e-05
 0.06093432633716994 0.05098980203959209 0.0427457882826251 0.02054325496461995 0.01275600595280278 0.006561875503325678 0.003740129034451689 0.0008475327166890749 0.0004314465717157356 9.548976001632874e-05
 0.06230529595015576 0.04321988114532685 0.03646005966191581 0.02516268980477223 0.01916105644743656 0.006444129398118314 0.00355041140392143 0.0008841053238516241 0.0004505519261094841 9.159088184895708e-05
# name: avgRateB
# type: matrix
# rows: 100
# columns: 10
 0.07860560492139439 0.06839622641509434 0.06049822064056939 0.0469693580854395 0.03628039562907615 0.01308900523560209 0.007551844686556019 0.00171373665836756 0.0008725438869967431 0.0001909287370422036
 0.07314099959366112 0.06366530241018645 0.05661348430262481 0.03927769842889206 0.03071032584852231 0.01249808702749579 0.007594485473609163 0.00184699354683071 0.0009515348353990378 0.0001947730079590611
 0.0699953336444237 0.06093918030828056 0.05422153369481022 0.03830911492734478 0.03017918893429739 0.01310938140106514 0.007748559252264032 0.001826911548935539 0.0009355202418319825 0.0001965259765653691
 0.07205240174672489 0.06236388833894278 0.05775048125401044 0.03938977116418657 0.02857366525755441 0.01089097093751865 0.006202209005947324 0.001405762857434464 0.0009537011794104584 0.0001964415895815318
 0.07633587786259542 0.06474546147010282 0.05572000696500087 0.0368052999631947 0.03 0.01237150218095554 0.00751518532292054 0.001827922744823869 0.000940518506883238 0.0001927298333065763
 0.05918410484041429 0.05198387438998515 0.04731451151666407 0.03742454728370221 0.03057199211045365 0.01248216833095578 0.007586137494871617 0.001846363699736045 0.0009501067900642097 0.0001964488009777198
 0.07522567703109327 0.06055543954896638 0.052687906478966 0.03553842860201242 0.02867903666079265 0.01185278358994207 0.007349026254021342 0.001792851993462696 0.0009218190692344341 0.0001944751977644084
 0.0690894016857814 0.05940777870602432 0.05415764039326779 0.0357694496382408 0.0283295036041424 0.01228333560802511 0.00726116807990512 0.001721236230110159 0.0008792926579063065 0.0001887819036449215
 0.06711409395973154 0.05648121999435188 0.04858515750133476 0.03799454860824317 0.03086730414360007 0.01290015003435366 0.007491404598933854 0.001848656642839537 0.0009554001823945803 0.0001947829571272773
 0.06912861560851373 0.05937794533459001 0.0537203335471456 0.03689692214282379 0.02749100693124324 0.0123015564706187 0.007427503655113642 0.001794155585395196 0.0009523928630180079 0.0001889054816393814
 0.06017505470459518 0.05576726461567059 0.0519840582221452 0.03301525949188711 0.02568608895498175 0.01211781063050882 0.007360917402758407 0.001823734226094659 0.0009440978470715626 0.0001944578327118951
 0.08154020385050963 0.0672790787941519 0.06037567084078712 0.03975424647632816 0.03191527944003191 0.0127230020692355 0.007448271346254583 0.001780107488192585 0.0009137453547227512 0.0001651016817496004
 0.07530120481927711 0.06139154160982264 0.05338672005338672 0.03826530612244898 0.03057147820045162 0.01272064416292916 0.007643934498573658 0.001843172362946969 0.0009492720633106348 0.0001947432439494963
 0.07495835646862854 0.06852791878172589 0.0612783940834654 0.03963458842863357 0.03117839299800909 0.01273187760969265 0.007520316985404116 0.001798911942313628 0.0009233592392297434 0.0001926197638203688
 0.0796812749003984 0.06434809253868545 0.05809932217457463 0.03938396426052199 0.02984143951541066 0.01193571763502281 0.007426955106426686 0.001779692946168075 0.0009135730717533897 0.0001868526128455606
 0.0770648349807338 0.06805498843065197 0.06201165819174005 0.04131635839538794 0.03161729328476184 0.01306669696625383 0.007602174883075245 0.001765587547234265 0.000900421240545577 0.0001968249550185393
 0.08061689449702068 0.06175468483816014 0.05351540874700129 0.03969730802629946 0.02962825795102079 0.01054169239341596 0.007371857557658457 0.001833262871188965 0.0009483075613013102 0.0001946374985824233
 0.06530925854782943 0.06081201931675907 0.05720053835800808 0.04083397386625673 0.03191180736872643 0.01300568142925594 0.007682541222898825 0.001808573016852093 0.0009384665843009052 0.00019442307333678
 0.07345834138797604 0.06535328660731199 0.05995300980312728 0.04025905828811483 0.03178639542275906 0.0133415723394096 0.007798967252546979 0.001814965248191721 0.0009276519371813637 0.00019677617028652
 0.0737410071942446 0.06388991276569603 0.05746094451427546 0.03988708885616103 0.02961500493583416 0.01106871340770732 0.006734443840418022 0.001581374080707236 0.0008093399783720955 0.0001651003352531386
 0.08600301010535369 0.06918171008539617 0.06256800870511425 0.04235792446170138 0.03320945678817111 0.01266606215006405 0.00745893531805873 0.001827926189471145 0.0009405376578673066 0.0001927268464523359
 0.07434944237918216 0.05809900069718801 0.0546448087431694 0.03850770154030806 0.03027086527499312 0.01224438095506171 0.007152605357054771 0.001761223539036668 0.0009040457505475309 0.0001944182134156503
 0.07147962830593281 0.06134114038756448 0.05702487464359454 0.03877187467253485 0.03021260723610593 0.01248390746303593 0.007530415820148569 0.001814535563951983 0.0009322850306100252 0.0001908017649163255
 0.06766381766381765 0.06056018168054504 0.0547945205479452 0.03983156936383293 0.03011040481766477 0.01231398029763152 0.007439957220245984 0.001838228467660177 0.0009526293049943757 0.0001963919817319749
 0.06838905775075989 0.06320754716981132 0.05891016200294551 0.0413962283436398 0.03187845491233425 0.01328734592332919 0.007864195667543114 0.00187694092755008 0.0009629207428690369 0.000196824289787384
 0.0665083135391924 0.05337078651685393 0.04482189195564992 0.04279533483822422 0.03362950900916847 0.01361798709128307 0.007928445776863805 0.001836708923726836 0.000938101887636892 0.0001967670967253384
 0.07425007425007425 0.06234413965087282 0.05297473512632437 0.04322916666666667 0.03372749806981186 0.01295816364309515 0.007532239641101197 0.001651759693646041 0.0008467977418726883 0.000196492002477784
 0.07311977715877438 0.05981201936770151 0.04972155926809865 0.0363098440021517 0.02662721893491124 0.008778774873195474 0.004817084593357775 0.001800122029324935 0.000923757885975216 0.0001888670995898204
 0.07042253521126761 0.06546406750072738 0.05897305541433655 0.04022749341101401 0.02905974486529084 0.01275138948564776 0.007487681556149561 0.00176867953808937 0.0009372505898881291 0.0001925891687851475
 0.07310386841303686 0.06284488044144697 0.05917753259779338 0.04053868352342998 0.02916760152568993 0.01175829533396427 0.007325951996133106 0.001838262600454552 0.0009526375550893939 0.0001963935011605071
 0.0766922307435812 0.06473539407671144 0.05723630417007359 0.04045179931704754 0.03139591048140396 0.01338048360890758 0.007914331400513624 0.001865227776667523 0.0009550968058833964 0.0001949182427364612
 0.07675087943716022 0.06302977613562269 0.05998080614203455 0.03899537343027099 0.0304141321556537 0.01159747829189961 0.007319155857357785 0.001833551343218128 0.0009420256075579588 0.0001928379201257383
 0.0732409102798849 0.06279434850863423 0.0543859649122807 0.0404216966187797 0.03123680878007598 0.01140830956602174 0.0077536986709064 0.001870536220383176 0.0009612303748798462 0.000196756811760572
 0.03992015968063872 0.06980351602895553 0.06429336825812597 0.04250310599620741 0.03217625014195405 0.01257712738410547 0.007194001049477801 0.001699332677785521 0.0008687978570954428 0.0001965749105286316
 0.08143034165338998 0.07271782885339566 0.06669361358124494 0.0460510027234464 0.03639067146658319 0.01269906143718344 0.007746808476299607 0.001850823616509347 0.0009512651340944101 0.0001965615624857294
 0.07094714437743882 0.05834305717619603 0.0498266897746967 0.04168301294625344 0.03301355497727891 0.01271512212431249 0.007736149923427904 0.001820734600714779 0.0009530676745437549 0.0001964124375497727
 0.06876790830945559 0.06695069993913572 0.06048387096774194 0.04354136429608128 0.03331614643239598 0.01270477101518594 0.007289173093011505 0.001810412132778643 0.0008786033720797421 0.0001925317910676761
 0.07732601646295835 0.06696910779866062 0.05872324303845426 0.04149128081779916 0.03130170370701605 0.01305609955970388 0.007669212192415639 0.001805627094289847 0.0009260531905456793 0.0001889627456963237
 0.06557377049180328 0.06373839545517528 0.05849440488301119 0.0402461026044317 0.03203416978109984 0.01302728650118237 0.007591448068719108 0.001759866250164988 0.0009150858720476311 0.0001869200135457354
 0.0737291424136593 0.06024096385542169 0.05158107198923526 0.03737922279427322 0.03012826030816906 0.01229766058456787 0.007137225611021205 0.001841373999799123 0.0009534715513945243 0.0001964299744998178
 0.07670454545454546 0.069217709285621 0.06384003854492892 0.0440791041219919 0.03319108582266477 0.01276990944973299 0.007365557648043523 0.001848951946116258 0.0009508156640089105 0.000194774169288168
 0.07285974499089254 0.06855889208830386 0.0629643621710112 0.04327032566613528 0.03319502074688797 0.01317214530339841 0.007570532124291314 0.001862775535547967 0.0009591601245164235 0.0001966712497027582
 0.07559958289885296 0.06474519632414369 0.05704821494295179 0.04091698895801805 0.03155037053342138 0.01258045640725571 0.007231874064481408 0.001652359030718507 0.0008421827810833996 0.0001966457401169625
 0.08174386920980926 0.06921745818111902 0.06157003591585428 0.04334229439841993 0.0333677603877016 0.01301506424457244 0.007717351983600627 0.001825296325450335 0.0009350992422773953 0.0001909212187455999
 0.07432181345224823 0.06936245572609209 0.06333378250909581 0.04301962402027226 0.03274423611734099 0.01241510260717155 0.007141596861058132 0.001798809755986723 0.0009233942417135086 0.0001848365279909084
 0.07286995515695067 0.05629139072847682 0.0468384074941452 0.03960737041501636 0.03136787770498312 0.01225921907365395 0.007219338092147956 0.001769181979187644 0.0009429133327945257 0.0001944063731963601
 0.07445323406235459 0.068762278978389 0.06240409207161125 0.04282805588710244 0.03104190657387473 0.01299270072992701 0.007762314753942543 0.001856785033554758 0.0009528643296210517 0.0001868913976076708
 0.05703422053231939 0.06032818532818533 0.05926388022457892 0.04197846322321591 0.03170227429359063 0.01303163132330293 0.007451943432974849 0.001870076880938439 0.0009610959989282324 0.0001967846579524854
 0.06130268199233716 0.06153193295141099 0.0541954774808447 0.04296280182727866 0.03331084499915669 0.01345583447876727 0.007884233176196185 0.001834508246687853 0.0009375146486663854 0.0001910198009931836
 0.07679465776293823 0.06513973523849549 0.05701254275940707 0.04063561377971858 0.03075962910128388 0.01148656508084215 0.006619852854916289 0.001791182104770955 0.0009220230544585637 0.0001887945092992226
 0.0722588752748979 0.06107275624004248 0.06040149227216202 0.04321023218298093 0.03306149437954595 0.0123902942694889 0.007097112151269877 0.001615713972463618 0.0009306699369374173 0.0001907344767467851
 0.05998286203941731 0.05422993492407809 0.04903809883062995 0.02686032630322324 0.03168287651046272 0.01266062255337107 0.007293762575452716 0.001670510120027112 0.0008940284728633205 0.0001906291855268762
 0.08025956284153005 0.07255139056831922 0.06614303431169904 0.04636068613815485 0.03536464398154138 0.01280706085668436 0.007194057535125203 0.001805994380505907 0.0009252820162187328 0.0001927251998927892
 0.05230125523012553 0.03403675970047651 0.05986498535218443 0.04094226547202279 0.03108173182156459 0.01269088627013458 0.007442423449358806 0.001737330848886581 0.0008882555052319225 0.0001887325477026481
 0.07759616972098397 0.07041398567439601 0.06445215666831929 0.0444186944766319 0.03314917127071823 0.01262682531901303 0.007210416931755524 0.001636484753737924 0.0008332565430244664 0.0001927672534144148
 0.07849978194505015 0.06260869565217392 0.05640612409347301 0.03920646122480985 0.02764193068254306 0.01217809724656192 0.006954928669573035 0.001851249312793816 0.0009560949605103809 0.0001965749105286316
 0.07923560941505477 0.07048872180451128 0.064038707841184 0.04502382074236951 0.03518677631848124 0.01347477064220184 0.007811915664553018 0.001801283893839226 0.0009192974220553143 0.000192816492369834
 0.06435006435006435 0.06516072980017376 0.06028075970272502 0.04340962904498816 0.03435889426831173 0.01377958348722903 0.008018981010722287 0.00188275566966196 0.000964446977335496 0.0001968922840101588
 0.08985623003194888 0.07927137797267668 0.06934970441109595 0.04681100058513751 0.03561999748564723 0.01311775472849298 0.007405557612654892 0.001728296437404944 0.0009595952252867881 0.0001968332512200679
 0.07555555555555556 0.06463719766472059 0.0603400987383434 0.0438715268374587 0.03398714221366857 0.01295091747791796 0.007466710913842453 0.001808127533262013 0.0009305896448637269 0.0001907637365290498
 0.07487832272557095 0.06116207951070336 0.05184851217312894 0.0272451011212407 0.03251625812906453 0.01323014766551911 0.007694535225251314 0.001868915406092664 0.0009608031149431088 0.0001967392555028864
 0.05942275042444822 0.06682966585167074 0.06231706165612313 0.04409726596950989 0.03299863291377928 0.01252572246577794 0.007378440197742197 0.00171922398050018 0.000878773232567336 0.0001947134116611081
 0.08697944122298366 0.07489786654561961 0.06497229122874069 0.04382328556200403 0.03329433996220642 0.0116807677737088 0.006495615459564794 0.001809813379664556 0.0009607257263911357 0.0001967365578256437
 0.07639141506002184 0.06262525050100201 0.05759783161104524 0.0410614696328982 0.03192649120074754 0.01227269325750206 0.007659301753042228 0.00176305330170058 0.0008997211842286701 0.0001967902907248562
 0.06484149855907781 0.06738755680927754 0.06204173716864073 0.04358007024847144 0.03245143552530762 0.01217754013689235 0.007130329306473028 0.001753902905443888 0.000943301787268121 0.0001962399630196692
 0.03861003861003861 0.06956521739130435 0.0640788662969809 0.04408745017514193 0.03333028947128117 0.01255261020453371 0.007185912230422616 0.001787605806295795 0.0009157277210264722 0.0001869476715568067
 0.08006099885627144 0.0717458148274684 0.06401137980085349 0.04371972113907598 0.03322855859901212 0.01296336756244993 0.007464752111518364 0.00170909642568407 0.0008713479262898396 0.0001907366368124093
 0.07496251874062969 0.06533222129552405 0.05998723675813657 0.04028403659702308 0.03253837614362822 0.0133438631845538 0.007902269886707253 0.001864769929252912 0.000954982327954574 0.0001949149862376097
 0.07570295602018746 0.06991126646948105 0.06436440153484342 0.04505426991603522 0.03535961480589828 0.01388007028631336 0.007958581864486294 0.001823808573052172 0.0009299584651182368 0.0001927899346958878
 0.069164265129683 0.06211180124223602 0.0586548488008342 0.03991403131716303 0.03013131858247886 0.01063214347139484 0.007626221751852083 0.001848969388236404 0.0009508202765334645 0.0001947410381366541
 0.07370184254606366 0.06386861313868614 0.06034650574265134 0.041911715000338 0.03316935002981515 0.01309324153352753 0.007507570836883261 0.001850984421510705 0.0009582447279601294 0.0001966324605632745
 0.03773584905660377 0.06624029237094564 0.05805299196189342 0.04120462946131007 0.03106428957320368 0.01244555071561917 0.007323741943883862 0.001824838549810409 0.0009301915705060732 0.0001891345957437151
 0.07967422096317281 0.07002484752654167 0.06496184780367087 0.04388926401080351 0.03374432186891629 0.01270443925233645 0.007749935417204856 0.001850942469686095 0.0009513473213748327 0.0001965660116319427
 0.08439967329158725 0.07168458781362007 0.06336311941510966 0.04113853680231266 0.0326917425800764 0.01307341448534325 0.007536741615374953 0.001856141460707569 0.0009527188944572176 0.0001948203627038283
 0.08084074373484236 0.06514657980456026 0.05878236529041288 0.04172053120225643 0.03213732088169685 0.0130578178636333 0.007768763164849951 0.00184275067583356 0.0009444562366242602 0.000196295876973641
 0.07168458781362007 0.0660742766005924 0.05989654233596515 0.04183475272672942 0.03287112252994295 0.01349110430310014 0.007886176190319718 0.001874904124220921 0.0009623937356916841 0.0001968421743305875
 0.07953340402969247 0.06838386140870754 0.05966587112171837 0.03962060271341097 0.02999727297518408 0.01208828716081688 0.007031127213771083 0.001652622541011633 0.0008470459030726347 0.0001965041319459745
 0.06823821339950373 0.0552655818237642 0.06137981831573779 0.04425046978238467 0.03341419874582323 0.01267374167850478 0.007436037817563758 0.001817538106769004 0.000933079717082454 0.0001964355090318666
 0.0768775872264932 0.06489147460281942 0.05975842339478703 0.04201169020944959 0.03148419138840849 0.01284258658161393 0.007493844342147522 0.001799494626140785 0.000923595333024172 0.0001926508659855035
 0.07051016175860639 0.06809001731102135 0.06314460113660282 0.04370131103933118 0.03306122448979592 0.01239888107658577 0.007467156818498855 0.001786270798653076 0.0009153772668977183 0.0001869333954323421
 0.08437905668541756 0.07101947308132875 0.06612627986348123 0.04481564473416174 0.03260452627541235 0.01219867200820638 0.00718269052288373 0.001839594768861421 0.000941261406729728 0.0001927626565078759
 0.03759398496240601 0.02523128679562658 0.01708428246013667 0.04571167361865037 0.03487248434939708 0.01307055160664983 0.007499852530989559 0.001863133112392093 0.0009601489685672444 0.0001967145100199218
 0.04538577912254161 0.06002000666888963 0.05774946921443737 0.04181360201511335 0.03283687111528087 0.01276207839562443 0.007466176579178392 0.001773002322061106 0.0009071374157118151 0.0001926434816595461
 0.07831487982716716 0.06760986603230248 0.06168919531887871 0.04329247722928146 0.03307518554372378 0.01273791009405317 0.007282396077667602 0.001657668354532856 0.0008435714460874469 0.0001888574877421551
 0.0758502569121605 0.06867112100965109 0.06480427357912251 0.04580749678788894 0.035240621447518 0.01384960783742018 0.007971537415879302 0.001824463559701249 0.0009301232658096479 0.000189130378519567
 0.07562536358347877 0.06375027478566718 0.0558766859344894 0.04187437686939183 0.03305004721435317 0.01316439032417311 0.007785474071160838 0.001843692859776704 0.0009446935492039252 0.0001929043419187698
 0.07566938300349242 0.06647349582410089 0.05951495313197441 0.04329275944284101 0.03231912830693938 0.01306391377816906 0.007613863711839558 0.00181783408855503 0.0009474237807235998 0.0001963954102194252
 0.07751937984496124 0.06416131989000917 0.05579912315663611 0.03930345542878978 0.03063835922575064 0.01304944140401337 0.007797519115856812 0.00185886650872624 0.0009534242523889116 0.0001948514675099096
 0.08076923076923077 0.06645898234683281 0.05984611000284982 0.04261587836060399 0.03330995792426367 0.01359099596517307 0.007972276003449229 0.001868631399109158 0.0009628729795472163 0.0001968280464458521
 0.06675567423230974 0.05018820577164367 0.04456955195871452 0.04238454340287334 0.03273391999319814 0.01266777687632549 0.007365049941658874 0.001703792757540719 0.0008699604607857991 0.0001907153414599259
 0.08250257820556893 0.06787330316742081 0.05715495342929721 0.04084453939927108 0.03219459846181363 0.01335559265442404 0.007827378070430263 0.001858894716376293 0.0009600782027336044 0.0001967110312963277
 0.08325899494498959 0.07007007007007007 0.05911330049261083 0.03896736483195324 0.03023462065629283 0.01225945975729025 0.007225022933359311 0.001756795303122751 0.0009028740519822455 0.0001947767629731759
 0.06661732050333087 0.04680187207488299 0.05810882197569994 0.0415737783936856 0.03146144895056673 0.01216610792689521 0.007225259507237302 0.001828070876380947 0.0009405741380898588 0.0001927691305476273
 0.06156552330694811 0.06037892983551946 0.05919282511210763 0.04270498392282958 0.03365137178827349 0.01363336097485559 0.007967931130789072 0.001865266828323125 0.0009551051833948141 0.0001949212667256867
 0.07462686567164178 0.06152014288549316 0.06034226926501138 0.04108419592359407 0.03194888178913738 0.01280752125204076 0.007579789378618544 0.001800780590997234 0.0009566751768882739 0.0001965673776382966
 0.03992015968063872 0.07586657946370176 0.0699047848619983 0.04383828543594739 0.03176464838977667 0.0115939340537031 0.006853436747793528 0.00178211214414633 0.0009301171947665405 0.0001907132576506312
 0.04504504504504505 0.0556282722513089 0.05544498151833949 0.03764467917743567 0.02905287623474724 0.01119688844363251 0.006415342798777708 0.001723424144048286 0.0008893262483675547 0.000196735502232948
 0.08211444701052091 0.07040751013441433 0.06180932758943623 0.04224502112251056 0.03264233329094069 0.01307456588355465 0.007740936653335053 0.001768622750885723 0.0009427527803992078 0.0001944021696869094
 0.04552352048558422 0.06761482863138261 0.05870445344129555 0.04119017939407078 0.03228095069173466 0.01312222414489243 0.007587253414264037 0.00186376983583611 0.0009547153194789203 0.0001928079455955609
 0.06941230911614993 0.06654245408570668 0.06120700208103808 0.04039614281991139 0.03186646433990895 0.01275926109701292 0.007429972509101716 0.001834900565414205 0.0009423788751688025 0.0001928072557544518
