# Created by Octave 3.0.1, Tue Sep 08 19:01:50 2009 PDT <jwawerla@daneel>
# name: prtA
# type: matrix
# rows: 100
# columns: 10
 233.7 287.1 532.2 670.3 1125.5 2061.7 2126.1 2147.3 2857.7 3016.1
 414.7 553 679.9 1067.7 1528 1671.2 1737.7 1720.1 1787.5 1946.8
 491.4 663.5 700.1 1008.3 1441.7 2079.4 2146.4 2305.2 2374.2 3047.8
 414.8 545.6 807.7 916.3 1542.7 1825.9 1892.1 2050.3 2113.7 2094.5
 70.5 127.8 87.90000000000001 524.3 727.8 1476.8 1542 2575 2642.4 2946.5
 105 248.6 243.3 777.6 824.5 1571.4 1637 1715.4 1782.9 2742.3
 63.2 69.8 75.7 213.3 650.7 1175.9 1237.7 2038.6 2162.9 2323.6
 52.5 58.5 63.8 475.5 517.4 855.9 918.2 2020 2087.2 2246.3
 71.2 79.5 140.5 294.9 867.8 1341.5 1403.8 1590 1709.6 1870.4
 84.59999999999999 94.40000000000001 102.4 396.5 744.3 922.2 1559.3 1894.4 2014.4 2175.2
 106.6 165.7 176.3 577.2 620.2 1483.1 1545.5 2275 2615.1 2773.8
 72.3 106.6 115.1 374.4 788.9 1280.7 1710.6 1754.1 1822.3 2391.6
 40.1 40.1 73.8 345.4 1040.6 1217 1279.1 1415.4 1786.7 2574.5
 40.1 40.1 178 232.6 816 1114.2 1619.8 2849 2961 3121.1
 67 75.59999999999999 210.7 377.4 645.2 1692.8 1875.7 2061.1 2170.2 2330.3
 66.8 75.59999999999999 216.7 276.7 470.4 1037.5 2164.4 2349.9 2899.6 3059.6
 57.4 65.2 71.40000000000001 263.9 847.4 1098.9 1784.2 2167.4 2274.2 3082.8
 40.1 40.1 40.8 312.8 817.2 1624 1685.3 2186 2292.5 2452.6
 66 74.40000000000001 81.7 209 652.5 1269 2089.7 2462.8 2558.6 2718.7
 40.1 40.1 40.1 128.3 686.9 1193.9 1962.1 2317.6 2384.6 2543.5
 52.9 58.5 62.9 149.6 798 1378.9 1756.9 1927.7 2015.4 2178.6
 59.9 66.3 71.5 200.2 230.4 1322.1 1393.3 2452.9 2540.6 3125.4
 40.1 46.8 50.6 73 415.7 1058.6 1130 1755.4 1836.4 2017.5
 89.59999999999999 98.8 156.5 387.8 575.9 1035 1603.8 2316.8 2404.5 2567.8
 68.09999999999999 75.59999999999999 81.7 479.2 807.6 925.2 1414.1 2369.6 2456.7 2619.8
 40.7 104.4 110.6 420 566.4 989.5 1260.6 1681 1765.2 1947.2
 71.7 79.40000000000001 84.5 223.9 255.3 1115 1183.5 2017.1 2100.8 2282.2
 52 57.9 61.9 517.1 631.1 1055.7 1123 1744.4 2362 3051.4
 51.2 57 61 366 496 764.8 1252.7 2123.4 2206.4 2780.9
 66.7 74.3 78.8 193.1 321.3 1038.8 1313.5 1686.8 1763.9 2339
 49.6 67.40000000000001 71.59999999999999 146.2 484 796.9 1323.9 1874.8 1951.8 2121.2
 40.1 40.1 85.7 171.2 403 1006.1 1156.4 1878.8 1955.1 2123.7
 81.40000000000001 89.59999999999999 94.8 139 162.4 1100 1651.9 2129.2 2205.5 2374.1
 40.1 40.1 62.1 77.59999999999999 225.1 957.5 1409 1888.1 1646.1 1818.4
 60.1 65.90000000000001 70.3 149.5 230.6 598 1454.7 1858.8 1933 2098.6
 40.1 40.1 40.1 69.09999999999999 127.7 867.2 927.9 1547.5 1622.2 1900.2
 61.4 67.2 71.59999999999999 123.7 145.1 728 788.7 1714.5 1789.1 1949.6
 65.8 72 76.8 115 135.7 1077.2 1137.7 1304.9 2171.7 2332.2
 59.3 65 69.3 137.3 389.3 1123.5 1253.9 1595.3 1669.9 3737.1
 70.09999999999999 77.2 82.5 219.5 247.1 758 1408.6 1992.6 2615.1 2773.8
 58.4 64.09999999999999 68.90000000000001 104.2 123.8 906.9 1291.5 2041.8 2109 2268
 72.7 79.7 85.59999999999999 264 357.5 1132 1191.9 2338 2411.4 2961.7
 40.1 45.8 62.8 134.2 587.3 733.8 1207.8 2083 2156.4 1971.9
 41.3 46 49.6 63.8 127.2 798.5 858.7 1644 1717.5 3259.1
 58.4 65.09999999999999 70.2 167.2 192.8 873.4 933.7 1532.2 1605.7 2082.6
 40.1 40.1 62.8 80 118.7 1303.9 1669.1 1363.6 2049.6 2187.2
 40.1 40.1 76.5 158.1 182.6 997.9 1385.5 1713.2 1780.7 2157.3
 58.3 64.09999999999999 68.90000000000001 105.4 125.2 1013.8 1073.1 1235 1312.1 1937.2
 50.9 56.1 73.40000000000001 91.7 198.6 799.7 1173.6 1334.2 1807 3397.5
 50.2 54.8 58.9 74 192.7 1224.1 1393.4 1619.3 1686.8 2943.9
 40.1 43 46.2 57.3 68.7 620.3 677 1664.5 1880.7 2046.8
 40.1 40.1 73 122.3 142.1 1085.2 1142.4 1624.3 1704.7 2463.9
 40.1 85.8 91.90000000000001 158.5 267.9 1162.4 1440 1991.6 2058.9 2681.7
 40.1 67 72 88.3 235 938.5 995.7 1334.1 1410.9 2916
 40.1 42.7 46 57.1 68.2 827.1 1140.8 1747.2 1823.6 1989.5
 40.9 55.3 59.6 73.90000000000001 128.7 1139.7 1269.3 2002.3 2078.7 2530.8
 66.7 71.8 77.2 149.4 354.4 930.3 987.3 1755.4 1822.9 1982.1
 71.5 88 94.40000000000001 182.9 224.3 314.5 763.5 1821.5 1897.7 2060.7
 40.1 45.8 49.3 184.5 251.1 738.5 795.8 955.3 1031.3 2164.8
 41 56 60.4 74.8 109 805.1 926.8 1531.2 1606.8 2768.7
 41.3 56.1 60.5 75.3 132.2 1131.7 1320.9 1728.2 1803 2275.7
 40.1 40.1 85.3 196.2 257.3 932.2 1060.8 1909 1985.9 2146.2
 40.1 46.4 50.2 125.5 163.9 949.9 1098.1 1761.7 1838.8 1999.3
 78.90000000000001 85.8 92.40000000000001 113.2 130.3 850.5 1095.3 1890.1 1957.4 2116.4
 40.1 46.1 49.9 62.6 116.4 1037.7 1223.6 1746.3 1821 1983.9
 40.3 44 47.6 59.5 128.9 1192.9 1250.1 1775.3 2416.9 2639.5
 70.2 76.59999999999999 82.8 281.6 327.3 801.6 1047.3 1866.6 1940.9 2105.3
 40.1 40.1 49.2 140 159.1 588.4 645.7 1937.3 2011.5 2175.9
 58.5 64 69.40000000000001 164 309.5 503.9 561.1 1617.8 1689.9 1854.3
 67.09999999999999 134.5 143.7 201.1 283.5 753.2 1228.9 1699.3 2093.2 2257.6
 57.4 62.7 106.8 130.7 574.2 837.7 1218.9 1377.7 1988.7 3718.3
 40.8 66.5 72.2 91 548.1 789 846.8 1575.3 1647.4 2672.2
 83.2 146.5 156.4 204.2 226.9 736.2 1536.4 1695.5 1767.7 1929.9
 50.7 55.3 60.2 232.7 256.2 1012.3 1070.2 1229.1 1301.2 2682.3
 40.1 40.1 40.1 98.2 114.3 918.3 1425.5 1584.4 1656.5 1818.5
 50.1 65.90000000000001 71.5 160.1 181.1 1019 1077 1234 2446.5 3028.6
 40.1 45.5 99.59999999999999 185.1 272.9 1143.5 1201.4 1737.1 1809.2 1971
 86.2 93.59999999999999 101 255 372.3 842.5 900.6 1568.8 1641 1802.9
 40.1 45.7 62.7 79.5 172.6 1225.8 1283.8 1848.7 1920.6 2084.5
 47.7 52.2 56.7 137.8 179.8 1225.8 1283.9 1764.8 1836.7 1998.6
 52.1 57.2 62.1 112.8 189.2 776.3 834.5 2378.7 2819.4 2979.1
 41.9 45.9 49.9 132.2 194.1 905.1 1476.3 1633.1 2356.1 2096.1
 58.3 64.2 69.7 308.2 611.9 772.7 1109.3 1615.5 1687.1 2495.4
 77.3 84.90000000000001 92.2 254.7 441.6 729.4 1025.3 1985.1 2056.8 2216.8
 67.09999999999999 73.8 80.09999999999999 299.4 324.6 534.9 1393.6 1844.4 1974 2133.1
 40.1 90.09999999999999 97.5 386.4 458.1 1106.8 1164 2005.6 2302 2462
 48.3 75.7 81.90000000000001 150.5 171.8 1100.5 1708.7 1861.6 1994.2 2637.6
 88.2 108.4 129.2 158.3 278.3 946.3 1182.1 1645.9 1720.7 1880.7
 69.7 76.59999999999999 82.90000000000001 219.7 307.2 1368.9 1426.3 2083.3 2158.2 2316.2
 51.8 57 61.7 285.9 312.5 896.3 953.9 1830.3 1905.1 2591.9
 83.8 91.59999999999999 111.8 138.8 242 1147.2 1204.9 1358.1 1431.1 1589.2
 85.3 93.40000000000001 114.2 141.8 254.2 1105.1 1162.8 1314.4 1387.4 2161.4
 74.40000000000001 81.59999999999999 114.1 197.5 319.7 937.2 995.1 1146.8 2016.7 2174.7
 61.2 67.5 73.3 144.7 351.5 974.2 1032.2 1707.3 1780.4 1938.4
 73.09999999999999 80.90000000000001 149.4 298.1 347 1166.8 1224.9 1946.3 2017.5 2863.7
 98.09999999999999 165.4 175.7 226.5 275.6 946.8 1004.9 1772.9 1844.1 2002.1
 40.1 60 65.3 172.5 377.5 811.9 870 2127.8 2195 2809.4
 90.5 100.1 108 154.2 226.1 1160.1 1218.3 2018.9 2354.8 2512.9
 42.7 47.5 51.8 122 436 1140.4 1198.6 1627.9 1695.5 3151.3
 59.9 66.59999999999999 72.59999999999999 295.5 434 830.8 1377.3 1721.5 2135.2 2293
# name: prtB
# type: matrix
# rows: 100
# columns: 10
 300 329.2 355.1 1441.2 1773.1 2640.2 3257 3728.3 3794.1 3951.9
 282 336.9 752.7 1606.9 2496.5 3159.4 3920.4 4067.2 4134.5 5070.1
 649.7 890.4 906.7 2581.7 3018.8 3311.4 3509.6 4544.6 4937.2 5097.3
 380.7 1068.7 1261.2 2863.6 3250.3 3730 4401.6 4191.8 4260.4 5938.6
 659.5 885.4 2231.9 2771.5 3310.8 3650.1 3714.6 4763.7 4832.3 5430.4
 551.1 883 1499.4 2891.6 3497.7 4537.2 4601.3 4757.6 4826.3 4779.7
 693.6 1595.3 1828.1 2577.9 2626.9 3785.5 4327.3 4726.8 4468.8 4739.3
 790.5 1316.2 1560.7 2700.2 3235 3622.4 4082.6 4239 4084.7 4613.8
 802.7 1545.8 1732 3099.1 3149.2 4119.6 4184.5 4348.9 4417.1 5557.6
 1344.1 1690.9 2316.3 2929.6 3881.5 4332.7 4397.7 4311.6 4376.8 4534.1
 1051.5 1388 1959.6 3350.6 3401.5 4082.1 4301.3 4458.8 4526.2 4686.6
 838 1356.7 1432.7 2915.7 3157 3577.7 3642 4214.1 4282.2 6042.7
 49 1456.7 1847.9 2842 2882 3413.5 3626.8 3818.5 4789.5 5017.8
 580.7 607.6 634 2289.4 2838.9 3246.2 3798.7 5338.2 3873 5383.7
 769.5 858.6 1080.5 2735.3 3320.9 3546.2 3769.7 4187.9 4236.5 6040.3
 97.5 1250.2 1263.7 3027.7 3141.9 3386.3 3448.1 4683.2 4786.8 4947.3
 303.1 1370.2 1384.6 1879.2 3217.9 3448.8 4063.5 4186.3 3891.7 4049.5
 712 1341.4 1843.9 2141.8 3275.5 3711.9 3889.7 4317.2 4210.2 4367.7
 1199.9 1333.7 1760 2740.7 2782 4197.4 4259.4 4226.4 4291.8 4449.2
 829.8 1493.5 1820.2 2101.9 3408.8 3877.9 4055.2 4388.6 4485.7 4645.9
 325.5 343.5 1647.6 2875.1 3529.2 3790.7 3463 4093.2 4172.5 5048.6
 40.1 48.7 808.5 2929.9 3448.3 3754.8 4236.2 4404.7 4489.5 4652.2
 296.8 370.4 381.9 3148.5 3182.3 4062.2 4296.2 4896.4 4981.3 5144
 757.9 1045.8 1058 2378.2 3350.2 3791 3860.9 3850.5 3916.1 4848.2
 43.6 48.6 1353.1 2534.1 2569.2 3894.5 3964.4 4463 4539.7 5473.5
 324.3 1190.3 1202.9 2962 3103.2 3218.7 3287.4 3284.5 3350.5 4909.9
 1219.2 1573.2 1632.7 2537.2 2571.7 2945.4 3012.9 3857.1 3939 4117.4
 292.8 726.6 773.4 2838.5 2871.9 3817.3 3882.8 4483.4 4564.1 4738.2
 316.3 331.7 1333.8 2397.9 2671.4 3667.6 3732.7 5164.6 5523.5 5695.8
 283.4 298.8 719 2144.1 3210.9 3320.3 3689.9 4552.6 4631 4802.3
 274.9 312.4 321.3 2120 3280.4 3554.4 4119.3 4297.8 4375.3 5526.3
 40.6 44.5 47.3 2548.9 2678.6 3078.2 3140.4 3936.2 5045 5212.3
 283.6 297 306.1 2367 2435 3358.7 3420 4873.1 4947.1 5113.3
 291.3 786.6 809.2 2642.2 2706.6 3513.5 3943.5 4638.5 4712 5238.4
 307.1 343.8 353.4 2008.9 2072.3 3471.9 3532.1 3997.7 3945.9 5223.3
 612.2 1016.1 1026 2724.1 3346.1 3641.1 3985 4152.5 4227.1 4242.6
 665.3 725 1190.8 2757.1 2787.6 3336.8 3397.5 4347.8 3994.2 4151.9
 40.1 317 378.7 2341.6 3078.4 3751.7 4351.6 4518.5 4592.9 4752.9
 419 906.3 999.6 2481.2 2512 3090.4 3565.7 4351.9 4423.9 5194.6
 721.3 788.9 800.4 2085.4 2762.6 3721.7 3845.4 4213.1 4286.6 4691.6
 313.4 1134 1687.7 2118.7 2849 3918.9 3978.8 4139 4212.2 4372.6
 354.4 1183 1308.7 2313.7 2523.6 3488.1 3874.8 4615.5 5232 5399.7
 163.6 197.7 293.8 2790 2927.5 3693.4 4033 4370 4446.5 4472.4
 89.40000000000001 335.9 383.4 1625.1 2846.1 3773.7 3832.8 4165 4241.5 4402.1
 40.1 40.1 40.1 2265.9 2836.2 3384.7 3443.9 4179.6 4878.6 5429.1
 303.1 713.7 1142.5 2475.7 2635 3584.4 3987.3 4323 4866.3 5033.1
 329.5 372.4 612 1832.4 2438.4 3870.5 3928.3 4444.9 4527.4 4687.7
 41.3 1207.9 1218.8 1292 2783.8 3319.2 4101 4404.1 4719.4 4879.7
 291.3 492.7 693.9 1794.4 3123.2 3672.1 3876.5 4036.9 4118.4 5337.3
 126.7 562.2 596 1803.2 2378.3 3041.7 3973.3 4133 4213.9 4248.8
 674.7 707.5 718.6 2194.6 2396.6 3359.1 3416.1 4032.9 4113.3 4378.7
 229.5 341.3 352 2773.6 2981 3851.7 4023.2 4352.2 4210.3 4378.7
 40.1 40.1 40.1 1942.7 2558 3753.3 3882.2 4151.3 4112.2 4269.8
 171.3 242.6 438.2 1888.4 1916.8 3607.5 3737.2 4611 5229.8 5396.4
 121 349.9 697.8 2306.5 2334.9 3575.5 4262.8 4788.5 5202.5 5368.8
 276.7 1095.1 1211.3 2015.4 2754.4 3490.1 3547.2 4606.8 4683 5209.8
 686.1 809.5 820.7 2443.7 2777.8 3028.7 3085.7 4298.8 4375.6 4541.6
 40.1 40.1 40.1 78.40000000000001 2236.8 3627.6 3684.8 4974.8 5051.6 5217.7
 41.6 251.7 262.2 1866.5 3149.7 3998.3 4055.4 4299 4375.5 4871.4
 40.1 880.3 891.7 2298.9 2763.9 3709.7 3766.9 4285.8 4362.2 5221
 270.3 358.5 369.7 1695.4 2886.1 3849.3 4124.6 4736.5 5107.1 6059.3
 113.2 120.6 386.7 2963.8 3113.9 3647.8 3704.7 3953.2 4810.9 4971.7
 314.9 337.1 799.9 2172 2611.1 3477.5 3681.9 3841.4 3917.4 4585.8
 391 414 664.4 2237.4 2702.5 4030.1 4087.5 4247.2 4323.1 4362
 366.1 377.6 438.4 2349.4 2589.9 3446.2 4164.4 4467 4542.7 4703.1
 480.7 492.5 503.7 563.5 3126.2 3406.4 3463.6 3931.9 4007.4 4167.8
 185.7 630.3 641.7 1010.1 2596.9 3230.2 4231.6 4388.5 5295.3 5455.6
 339.9 921.2 1131.7 2394.9 2933.3 3732.5 3789.9 4439.6 4401.1 4558.5
 329 340.5 924.8 1820.3 2563.1 3501.7 3559 3778 4485.3 4648.3
 396 527.1 649.4 2410 2470.9 2569 3854.4 4635.1 4597.5 5243.8
 308.1 320.8 369.9 695.9 3068.1 3899.8 4270.8 4427.7 4502.4 4665.4
 539.4 731.2 1195.9 1392.8 2904.3 3678 3735.2 4134.1 4212.1 4373
 288.6 375.7 790.6 2428.2 2687.6 3610.8 3668.1 4193 4267.7 4373.6
 241 411.4 423.1 2127.5 2941.8 3879.7 4064.5 4371.8 4446.3 4485.4
 299.4 1152.8 1220.9 2424.8 2655.8 3385.6 3940.5 4098.9 4173.2 5337.3
 380.6 833.1 1294.1 2712.1 2774.6 3459.2 3580.5 4321.5 4395.8 4560.3
 58.4 63.8 69.2 85.8 3109.3 3645.2 3977.1 4348.2 4422.4 5188.2
 427.8 1343.4 1356 2286 2311.7 3920 3977.6 4370.2 4442.3 4606.7
 138.8 1279 1530.7 2265.4 2314.3 3579 4098.5 4257.3 4329.4 4367.7
 498.5 511.4 571.8 2274.2 2858 3189.4 3247.2 4819.8 4891.9 5437.5
 261.4 712.5 1616.2 1929 2306.7 3650.5 3708.4 4388.8 5695.7 5857.6
 277.7 290.1 448.6 2467 2493.2 3995.3 4115.2 4776.1 4224.9 5116.2
 665.9 679.6 692.4 1886.8 2497.1 3467.6 3959.7 4116.4 4188.5 5243.8
 310.6 385.2 481.5 1751.2 3154.7 3650.6 3708.5 4906.6 4978.6 5015.4
 315.7 328.9 1295.5 2639.3 2706.8 3588.7 3646.6 4448.1 4519.9 4683.8
 645.2 659.9 743.1 2407.3 2996.9 3303.8 3362.4 3517.3 4316.7 4349.1
 277.8 737.7 956.8 2527.7 2903.2 3428.9 3487.4 4075 4146.7 5127.3
 297.2 311.3 773.9 2886 2954.1 3794.4 3851.5 4108.6 4180.2 4340.3
 371.4 386 1043.2 2719.4 2770.6 3380 3437.1 4506.2 4902.6 5062.6
 238.8 1000.1 1286.2 1466.1 1903.2 4078.6 4263.6 4612.9 4684.4 5979.6
 446.8 461.3 680.3 1213.1 2974.6 4033.2 4090.3 4495.1 4357.1 4742.8
 231 920.9 2070.4 2546.5 2594.1 3541.5 3598.9 4415.3 4895 4839.7
 102.2 389.2 1290.3 2679.2 3004.4 3517.7 3575.2 4613.8 4688.8 4846.8
 119.4 368 379.8 1860.1 2970.6 3787.7 3845.1 4261.4 4336.2 5441.2
 447.5 463.7 1008.4 2469.5 3128.6 3438.2 3496.3 4516.2 4587.4 4745.4
 610.8 1422.3 1825.4 2567.1 2638.6 3077.7 4177.6 4691.1 4762.3 4925.3
 82 592.1 1071.7 2796.7 3008.7 3671.7 4272.1 4426 4723.9 5235.2
 352.5 1159.1 1196.9 2400.3 2512.4 3611.6 3755.8 4520.1 4589.3 4750.5
 765.7 858.6 871.9 2141.7 2860.1 3807.4 3865.6 4160.6 4229.7 4387.5
 324.1 486.5 1246.3 2290.2 2992.3 3564.7 3623 4107.1 4072.5 5372
# name: collectedA
# type: matrix
# rows: 100
# columns: 10
 14 14 25 26 32 41 41 41 46 46
 25 29 32 41 47 47 47 47 47 47
 25 31 31 34 42 45 45 45 45 49
 25 28 35 35 46 47 47 47 47 47
 5 7 5 21 25 43 43 47 47 47
 8 16 16 35 35 47 47 47 47 49
 5 5 5 11 29 40 40 46 46 46
 4 4 4 27 27 31 31 49 49 49
 6 6 10 15 38 45 45 45 45 45
 7 7 7 20 32 33 40 41 41 41
 9 13 13 30 30 48 48 47 48 48
 6 8 8 18 34 42 47 47 47 45
 2 2 4 16 44 45 45 45 46 49
 2 2 12 12 32 35 41 49 49 49
 5 5 14 20 29 48 49 49 49 49
 5 5 14 14 19 29 45 45 47 47
 4 4 4 12 33 35 41 42 42 44
 2 2 2 13 31 46 46 48 48 48
 5 5 5 10 27 38 47 48 48 48
 2 2 2 5 28 38 46 47 47 47
 4 4 4 7 33 43 49 49 49 49
 5 5 5 10 10 38 38 48 48 49
 3 3 3 3 19 34 34 48 48 48
 8 8 12 22 28 36 45 49 49 49
 6 6 6 26 38 38 43 48 48 48
 3 8 8 26 31 42 45 46 46 46
 6 6 6 13 13 39 39 46 46 46
 4 4 4 28 32 39 39 43 45 47
 4 4 4 21 25 28 38 48 48 49
 6 6 6 12 17 39 42 43 43 44
 4 5 5 8 24 30 43 49 49 49
 3 3 6 10 21 39 40 46 46 46
 8 8 8 9 9 36 45 47 47 47
 3 3 4 4 11 36 44 48 39 39
 6 6 6 10 13 23 45 47 47 47
 2 2 2 3 5 33 33 39 39 46
 5 5 5 7 7 27 27 48 48 48
 7 7 7 8 8 41 41 41 47 47
 5 5 5 8 20 40 41 43 43 49
 6 6 6 14 14 29 42 46 48 48
 5 5 5 6 6 38 44 49 49 49
 6 6 6 16 19 39 39 48 48 49
 3 3 4 7 30 31 38 48 48 45
 3 3 3 3 5 34 34 43 43 49
 5 5 5 10 10 32 32 39 39 40
 3 3 4 4 5 41 47 43 48 47
 3 3 5 9 9 38 46 47 47 49
 5 5 5 6 6 37 37 37 37 46
 4 4 5 5 10 31 38 38 41 48
 4 4 4 4 10 44 46 46 46 49
 3 3 3 3 3 25 25 42 48 48
 3 3 5 7 7 40 40 46 46 48
 3 7 7 10 15 40 44 46 46 48
 3 5 5 5 12 40 40 42 42 48
 3 3 3 3 3 33 39 47 47 47
 3 4 4 4 6 42 43 48 48 49
 6 6 6 10 20 36 36 46 46 46
 6 7 7 12 13 13 23 48 48 48
 3 3 3 11 13 31 31 31 31 45
 3 4 4 4 5 35 36 42 42 49
 4 5 5 5 7 43 45 47 47 48
 3 3 6 12 14 38 39 49 49 49
 3 3 3 7 8 35 37 45 45 45
 7 7 7 7 7 35 38 46 46 46
 3 3 3 3 5 37 40 44 44 44
 3 3 3 3 6 40 40 44 48 48
 6 6 6 18 19 35 39 46 46 46
 3 3 3 8 8 23 23 47 47 47
 5 5 5 10 17 21 21 47 47 47
 6 12 12 14 17 29 39 42 44 44
 5 5 8 8 32 37 43 43 48 49
 3 5 5 5 31 36 36 45 45 49
 8 13 13 14 14 29 48 48 48 48
 4 4 4 14 14 36 36 36 36 47
 2 2 2 5 5 27 39 39 39 39
 4 5 5 9 9 34 34 34 48 49
 3 3 7 11 14 42 42 45 45 45
 8 8 8 17 22 35 35 39 39 39
 3 3 4 4 8 43 43 48 48 48
 4 4 4 8 9 44 44 48 48 48
 4 4 4 6 9 31 31 46 49 49
 3 3 3 7 9 35 45 45 49 47
 5 5 5 19 35 37 42 45 45 48
 7 7 7 16 24 29 34 44 44 44
 7 7 7 20 20 24 46 48 48 48
 3 7 7 24 26 42 42 47 48 48
 4 6 6 9 9 37 46 46 46 49
 8 9 10 10 15 39 42 46 46 46
 6 6 6 13 16 45 45 49 49 49
 4 4 4 17 17 32 32 44 44 48
 8 8 9 9 13 43 43 43 43 43
 8 8 9 9 14 41 41 41 41 48
 7 7 9 12 17 37 37 37 47 47
 5 5 5 8 18 38 38 48 48 48
 6 6 11 18 19 40 40 45 45 49
 9 14 14 15 16 39 39 46 46 46
 3 4 4 9 18 27 27 48 48 49
 8 8 8 9 11 40 40 48 49 49
 3 3 3 6 20 39 39 42 42 48
 5 5 5 17 22 31 43 45 47 47
# name: collectedB
# type: matrix
# rows: 100
# columns: 10
 42 43 44 168 198 261 289 298 298 298
 38 41 82 178 245 274 298 298 298 298
 84 110 110 248 276 284 286 293 295 295
 37 112 128 250 269 285 298 292 292 299
 69 88 217 253 279 284 284 299 299 299
 56 82 140 244 273 298 298 298 298 298
 88 186 203 251 251 291 296 298 299 298
 92 150 167 257 282 286 292 292 292 298
 111 189 202 283 283 297 297 294 294 299
 132 163 213 243 284 296 296 296 296 296
 129 158 209 286 286 297 298 298 298 298
 99 151 156 276 285 296 296 288 288 299
 3 159 198 279 279 293 295 295 298 298
 67 68 69 223 251 260 269 294 269 294
 94 101 124 256 281 284 286 288 288 299
 9 137 137 275 278 281 281 299 299 299
 40 156 156 194 279 283 297 298 295 295
 88 149 196 212 283 291 292 295 295 295
 138 149 191 263 263 295 295 295 295 295
 100 166 192 206 284 291 292 293 293 293
 35 35 171 257 286 291 290 295 295 299
 3 3 86 266 288 293 299 299 299 299
 36 41 41 267 267 293 295 298 298 298
 87 116 116 228 282 293 293 293 293 299
 3 3 144 241 241 293 293 296 296 299
 39 135 135 273 279 279 279 279 279 297
 159 201 205 278 278 284 284 297 297 297
 36 83 86 264 264 292 292 295 295 295
 38 38 140 220 233 274 274 297 298 298
 34 34 79 210 279 279 286 295 295 295
 34 36 36 191 273 277 294 294 294 299
 3 3 3 240 245 256 256 281 292 292
 32 32 32 228 230 275 275 298 298 298
 35 85 86 246 248 279 289 294 294 295
 35 37 37 205 207 278 278 284 284 298
 66 106 106 250 285 293 298 298 298 298
 84 88 134 265 265 283 283 299 293 293
 3 34 38 209 258 281 295 295 295 295
 51 103 110 255 255 279 287 294 294 298
 90 95 95 215 257 295 296 298 298 295
 37 117 176 209 254 295 295 295 295 295
 45 137 149 241 251 281 290 295 298 298
 17 19 26 249 254 284 289 291 291 291
 8 37 40 163 264 297 297 298 298 298
 2 2 2 234 271 290 290 299 296 297
 38 81 118 232 240 285 294 297 297 297
 41 44 65 175 216 289 289 295 295 295
 3 142 142 145 253 270 291 292 293 293
 34 54 75 173 277 291 293 293 293 299
 13 64 66 190 227 261 298 298 298 298
 88 90 90 236 247 290 290 295 295 297
 24 35 35 247 260 292 294 295 298 298
 2 2 2 205 248 295 296 297 297 297
 19 25 44 182 182 283 284 295 298 298
 12 37 69 218 218 277 292 296 299 299
 36 136 146 216 262 289 289 294 294 295
 77 88 88 240 261 265 265 294 294 294
 2 2 2 4 209 272 272 296 296 296
 3 27 27 179 268 297 297 298 298 299
 3 100 100 213 239 282 282 290 290 296
 32 40 40 161 248 283 289 294 296 299
 11 11 40 266 273 288 288 293 299 299
 38 39 90 215 248 289 292 292 292 294
 46 47 69 215 242 295 295 295 295 295
 42 42 46 220 234 273 292 294 294 294
 58 58 58 60 284 291 291 295 295 295
 21 71 71 106 235 267 292 292 299 299
 42 109 127 238 271 295 295 298 298 298
 37 37 104 176 233 290 290 292 295 295
 46 59 69 231 233 233 284 296 296 298
 37 37 40 66 261 289 298 298 298 298
 66 86 131 145 267 297 297 294 294 294
 35 42 87 242 257 294 294 298 298 298
 32 49 49 198 255 296 298 299 299 299
 36 136 141 245 258 289 298 298 298 299
 47 94 140 265 267 289 290 298 298 298
 5 5 5 5 269 287 292 294 294 298
 50 150 150 230 230 295 295 298 298 298
 14 147 169 224 225 286 295 295 295 295
 58 58 62 229 265 275 275 296 296 297
 33 78 180 204 227 280 280 290 299 299
 34 34 47 224 224 292 293 297 293 298
 88 88 88 202 244 287 298 298 298 298
 37 43 50 175 274 288 288 299 299 299
 35 35 134 246 248 285 285 298 298 298
 81 81 87 246 279 286 286 286 298 298
 35 85 106 248 270 285 285 290 290 299
 34 34 83 253 255 287 287 288 288 288
 44 44 110 250 251 272 272 293 295 295
 26 115 144 154 185 292 294 295 295 299
 56 56 76 129 265 297 297 299 296 297
 25 97 218 254 255 284 284 296 297 299
 10 42 138 254 271 288 288 298 298 298
 12 41 41 187 259 289 289 291 291 296
 56 56 111 243 276 283 283 295 295 295
 74 162 199 254 256 270 298 298 298 298
 7 60 103 246 257 283 296 296 297 296
 43 130 132 236 240 283 284 295 295 295
 89 96 96 215 261 293 293 294 294 294
 38 52 132 224 272 288 288 296 284 298
# name: avgRateA
# type: matrix
# rows: 100
# columns: 10
 0.05744768157570784 0.04153070305547315 0.03954444795950648 0.02221652567717679 0.01505528111032698 0.005805967401617175 0.003381136556683517 0.0007862343783858416 0.0004472197997816401 9.14483651716118e-05
 0.0588650812338121 0.04809286898839138 0.04103090139761508 0.02615296293933788 0.01859177215189873 0.007045209257704761 0.004004191621867998 0.000908737608782659 0.000461746285152892 9.363542112431038e-05
 0.0498603909054647 0.04344779257182901 0.03874515685539307 0.02254193462838958 0.01720113035999509 0.006356470887363336 0.003704801422643747 0.000860335110084657 0.0004395638744918154 9.740625045969787e-05
 0.05885122410546139 0.04701141705842848 0.03855899526275201 0.02471227847207513 0.01809100562394305 0.006885538903294804 0.003952203563710362 0.0009029727014061398 0.0004602712466593611 9.360787660490207e-05
 0.06211180124223602 0.03937007874015748 0.02660989888238425 0.02050180611149078 0.01446926727630513 0.006639081027667984 0.003725524172587073 0.0008939610080836899 0.0004579004388050163 9.34493032559129e-05
 0.06956521739130435 0.05358338914936369 0.0466064666472473 0.02739511584220413 0.01918333790079474 0.007152205009586999 0.004038841625848586 0.0009088201966918945 0.0004617671534216455 9.746544104206072e-05
 0.06830601092896174 0.04173622704507512 0.02845759817871372 0.01542128136828824 0.01756830435572787 0.00647678880810894 0.003559447217847068 0.0008839592148904852 0.0004502612983773954 9.157443528434659e-05
 0.064 0.03686635944700461 0.02442002442002442 0.02767811378780113 0.01779359430604982 0.005293806246691371 0.002839295854628052 0.0009419454056132256 0.0004799818194641444 9.756169433204386e-05
 0.07389162561576354 0.04633204633204633 0.04158004158004158 0.01887029815071078 0.02034479066281187 0.007096112907040921 0.003946053070029289 0.000872262066291917 0.0004424361122253946 8.966458272892763e-05
 0.07399577167019028 0.0484764542936288 0.03458498023715415 0.02230897936419409 0.01834546809608439 0.005572253554422343 0.003460417153287829 0.000790065980144293 0.0004019040449191487 8.16448124080998e-05
 0.07718696397941681 0.0602688919796013 0.04705030763662685 0.02784998143334571 0.018516232563881 0.007403865434745723 0.004157463946992335 0.000899091343854615 0.0004677674143474011 9.547036858324757e-05
 0.07290400972053464 0.05108556832694764 0.03719200371920037 0.02058554437328454 0.01900609312985634 0.006687152705908577 0.004013457892849214 0.0009081406110820206 0.0004615884732519301 8.957156130795181e-05
 0.03992015968063872 0.02219755826859046 0.02301495972382048 0.01892595221197067 0.02156228560227384 0.007238217789930835 0.003989680027661782 0.0008752241546307137 0.0004519254480202227 9.749798288611937e-05
 0.03992015968063872 0.02219755826859046 0.04316546762589928 0.01638001638001638 0.01762114537444934 0.005724379313728697 0.003528460042341521 0.0009271698613029575 0.0004759083536484688 9.739205928751548e-05
 0.06493506493506493 0.03980891719745223 0.04505954296749276 0.02279462046956918 0.01762703622659859 0.007171886206072197 0.004126072568353865 0.0009412017802159386 0.0004795918966587126 9.754538000196285e-05
 0.06510416666666667 0.03980891719745223 0.04420587306599306 0.01802497746877816 0.01292165397170838 0.004803312629399586 0.003699319325244155 0.0008596004958939749 0.0004567559057566793 9.342829358588923e-05
 0.05934718100890207 0.03472222222222222 0.02333722287047841 0.01570886241654667 0.01786294251380318 0.005738739772745905 0.003479234907757845 0.0008051005033795052 0.0004106607531518213 8.746075198754559e-05
 0.03992015968063872 0.02219755826859046 0.01420454545454545 0.01599409448818898 0.01705921197446621 0.006944444444444444 0.003936569878394222 0.0009197869160311195 0.0004692426130948017 9.553139937976239e-05
 0.06578947368421052 0.04019292604501608 0.0275178866263071 0.01410437235543018 0.01633888048411498 0.006061572818631361 0.003887606805793361 0.0009149340103845009 0.0004680251095471272 9.548083252124896e-05
 0.03992015968063872 0.02219755826859046 0.01427551748750892 0.00795798185580137 0.01659849427944751 0.006135068373722533 0.003845478636694226 0.0008983592519534536 0.0004590534123295886 9.352424218003019e-05
 0.06359300476947535 0.03686635944700461 0.0245549416820135 0.01077586206896552 0.01835372636262514 0.006740974149147973 0.004167765312284701 0.0009436196866027188 0.0004803196380154369 9.757484687718673e-05
 0.07153075822603719 0.04299226139294927 0.02915451895043732 0.01428163381890888 0.00812743823146944 0.006010661014536308 0.003335293549717817 0.0009151066957213042 0.0004681072667801826 9.73912269187761e-05
 0.05988023952095808 0.03099173553719008 0.0199203187250996 0.005235602094240838 0.0134209225118316 0.005611857524840722 0.003054806828391734 0.0009274394555930396 0.0004713442344780452 9.561419671624993e-05
 0.08032128514056225 0.05376344086021505 0.04678362573099415 0.02478035593602163 0.01776762484929247 0.005965202982601492 0.003878039952429377 0.0009366016270108263 0.0004784945974053875 9.749928268384883e-05
 0.0768245838668374 0.04777070063694268 0.03302146395156852 0.02655228758169935 0.02102235007745076 0.006413285627489367 0.003767270306025004 0.0009165622804069537 0.0004684905916352957 9.54996201900522e-05
 0.05917159763313609 0.05181347150259067 0.03798670465337132 0.02826086956521739 0.0197906026557712 0.007012271475081392 0.00399623465889917 0.0008900756564307966 0.0004520209266035934 9.164310509153154e-05
 0.07343941248470012 0.0463678516228748 0.03252032520325204 0.01795828153059815 0.01035609017764678 0.006377759607522486 0.003487280368399875 0.0008843245778791974 0.0004505351574130663 9.158198319590063e-05
 0.06451612903225806 0.03707136237256719 0.02470660901791229 0.02752924982794219 0.01961866225246766 0.006440213352709018 0.003506248314303695 0.0008310077998778611 0.0004396162638479123 9.342981651576757e-05
 0.06535947712418301 0.03738317757009346 0.02484472049689441 0.02424942263279446 0.01671122994652407 0.00485706355814599 0.003376967305624427 0.0009208915765280085 0.0004696379091720284 9.74579583273748e-05
 0.07822685788787484 0.04827031375703942 0.03355704697986577 0.01731351897273121 0.0128661167032468 0.006458236735775319 0.003712379016219561 0.0008319338786692153 0.0004225466987802158 8.759025279741369e-05
 0.06711409395973154 0.04258943781942078 0.02913752913752914 0.0123800680903745 0.01617250673854448 0.005175179837499353 0.003797278322839305 0.0009445819550147663 0.0004806192730290196 9.758600114872665e-05
 0.05988023952095808 0.03329633740288569 0.03231017770597738 0.01489868891537545 0.01496792587312901 0.006493398378315379 0.003585385966799326 0.0008866820358219542 0.0004511789993830617 9.161089189775349e-05
 0.08752735229759299 0.05730659025787966 0.04106776180698152 0.01408450704225352 0.00774260151410874 0.005901639344262295 0.003862031085059089 0.0009016060096836323 0.0004598578354393844 9.355577845275066e-05
 0.05988023952095808 0.03329633740288569 0.02467612584824183 0.006925207756232687 0.008978858868663783 0.006042803189257239 0.0038566044350951 0.0009250675973874549 0.0003836841747986396 7.771735751419238e-05
 0.0855920114122682 0.05176876617773943 0.03523194362889019 0.01539645881447267 0.01056395254347473 0.004108610217934977 0.003928518424751412 0.0009063071262736507 0.0004610871847193745 9.360711222855432e-05
 0.03992015968063872 0.02219755826859046 0.01427551748750892 0.005271481286241434 0.004433803316484881 0.005624488682847014 0.00301979337292618 0.0007565837334497309 0.0003837744114967005 9.165168692899504e-05
 0.07002801120448179 0.04266211604095563 0.02913752913752914 0.01122334455667789 0.006113003231158851 0.004713687150837989 0.002502618480447134 0.0009281729495596013 0.0004715632616851902 9.562713069200573e-05
 0.09234828496042216 0.05737704918032787 0.03959276018099547 0.01300813008130081 0.007044113762437263 0.0067465280063187 0.003681190910152006 0.0007991439414169017 0.0004600099636200631 9.356358202798864e-05
 0.07215007215007216 0.04347826086956522 0.02953337271116361 0.01255295779067943 0.01439573886129706 0.006532211970278435 0.003643181474866491 0.0008334092446405001 0.000422937368877121 9.727296242424868e-05
 0.0749063670411985 0.04716981132075471 0.03287671232876712 0.01945795691452398 0.0112260444230615 0.005036470996873915 0.003681433304699963 0.000884741290106669 0.0004677674143474011 9.547036858324757e-05
 0.07309941520467836 0.04382120946538125 0.02960331557134399 0.009930486593843097 0.005339028296849973 0.006433154446494778 0.003896736483195324 0.0009415508302941097 0.0004798793446219236 9.755747927401308e-05
 0.07255139056831922 0.04626060138781805 0.03232758620689655 0.02094240837696335 0.0139963167587477 0.006360078277886497 0.003484663015216362 0.0009171156712140319 0.0004686978207504243 9.74229250457838e-05
 0.05988023952095808 0.03131524008350731 0.02457002457002457 0.01103752759381898 0.0189000189000189 0.005406536677247201 0.003390495904637842 0.000921605898277749 0.0004698677713780047 8.964645232133512e-05
 0.05847953216374269 0.03125 0.02005347593582888 0.005321035828307911 0.004435770049680625 0.005863585410019832 0.003131129877425474 0.0008326233444349779 0.0004227394499471576 9.736535315506467e-05
 0.07309941520467836 0.04344048653344917 0.02937720329024677 0.01498800959232614 0.008383635144198525 0.005448292300881943 0.002926731115724778 0.0007568083644789084 0.0003838367335690813 7.966816615433397e-05
 0.05988023952095808 0.03329633740288569 0.02457002457002457 0.006896551724137931 0.004469473496022169 0.006503910277764559 0.004027731358888003 0.00083716873427875 0.0004703595114532541 9.359059729120933e-05
 0.05988023952095808 0.03329633740288569 0.028328611898017 0.01367573317125057 0.007610350076103501 0.006335550776104971 0.004040226604013877 0.0009088588600202656 0.0004617771345648045 9.757898570826313e-05
 0.07320644216691069 0.04382120946538125 0.02960331557134399 0.009910802775024777 0.005332385353714895 0.006152515880142339 0.003341431035572694 0.0007221625841709768 0.0003652081044613624 9.16449308797993e-05
 0.06568144499178982 0.03770028275212065 0.02883506343713956 0.008450228156160216 0.00834306691139663 0.005345104057106402 0.003400873487506265 0.0007402472425790214 0.0004027227990216783 9.535208259874154e-05
 0.06644518272425248 0.03816793893129771 0.02517306482064191 0.006968641114982578 0.008384338056510439 0.007069295159139474 0.004037425175979076 0.0008911395543914776 0.00045236943241404 9.742637300104445e-05
 0.05988023952095808 0.03225806451612903 0.02051983584131327 0.005383097075183923 0.002807148872461869 0.00444816113018878 0.002341481689613187 0.0008129373167261853 0.0004711392834953038 9.560861656722043e-05
 0.05988023952095808 0.03329633740288569 0.02890173410404624 0.01124859392575928 0.006129060502582962 0.006573325445342799 0.003589890867317634 0.0008910532443054918 0.0004522898155149172 9.552925095713344e-05
 0.05988023952095808 0.05154639175257732 0.03647733194372069 0.01518602885345482 0.01183058600836028 0.006490977541217708 0.003846153846153846 0.0008847583071111487 0.0004507201233797346 9.548786040947979e-05
 0.05988023952095808 0.04273504273504274 0.02906976744186046 0.008499065102838689 0.009716599190283401 0.006735707670287109 0.003637785679856671 0.0008181695987657327 0.0004141566636328048 9.544337424142401e-05
 0.05988023952095808 0.03236245954692556 0.02054794520547945 0.005385029617662897 0.002808462834675154 0.005663194384856961 0.003500646273158122 0.0009082617030486674 0.0004615825800698463 9.362745635117866e-05
 0.05893909626719057 0.03798670465337132 0.02506265664160401 0.006969855375500959 0.005315850093027376 0.006840725116862388 0.003815676217688766 0.0009230360964803479 0.0004702254241090453 9.750646129550666e-05
 0.07822685788787484 0.04926108374384237 0.03386004514672687 0.01539882968894364 0.01476668635558181 0.006070519198016964 0.003276510152630765 0.0008887961449433295 0.0004517647798285062 9.163673366042335e-05
 0.0736196319018405 0.05072463768115942 0.03600823045267489 0.01757211890467126 0.01061831250510496 0.002446137924546053 0.002136851395921401 0.0009262564765589572 0.0004710606814481583 9.56059695570675e-05
 0.05988023952095808 0.03131524008350731 0.02009377093101139 0.01607012417823228 0.01039085604667892 0.005402108564955999 0.002871487059782508 0.0006083763612421083 0.0003068356044117021 8.961201581632165e-05
 0.05882352941176471 0.03773584905660377 0.02493765586034912 0.006958942240779402 0.004508566275924256 0.00602918123718799 0.00329465168210272 0.0008150402086502935 0.00041335816106796 9.746032320627756e-05
 0.07797270955165693 0.04712535344015081 0.03115264797507788 0.008691117677733357 0.006182653241476771 0.007012737087593979 0.003974948988154653 0.000908595311648192 0.0004616759820437512 9.556504525303534e-05
 0.05988023952095808 0.03329633740288569 0.03237992444684296 0.01723642631427751 0.01113497176489302 0.006405717946124541 0.003525965572110517 0.000943959621645572 0.0004804585731949221 9.758114270306138e-05
 0.05988023952095808 0.03112033195020747 0.01997336884154461 0.01119104716227018 0.006873442735630208 0.005882451805912705 0.003333904001585857 0.0008693686644758577 0.0004418748060660573 8.964155926113841e-05
 0.07874015748031496 0.05154639175257732 0.03638253638253638 0.01141552511415525 0.006193046093957356 0.005982394667122468 0.003424873595125865 0.0008864889449047121 0.0004511688214881902 9.161222377918746e-05
 0.05988023952095808 0.03121748178980229 0.0200133422281521 0.005332385353714895 0.004478681476173414 0.006128161385958229 0.003563918885206173 0.0008503023404571921 0.0004321308963769753 8.765221354708786e-05
 0.05964214711729623 0.03191489361702127 0.02032520325203252 0.005361930294906166 0.005314908317831517 0.006459009510891505 0.003555523950898214 0.0008498260753679843 0.0004686726507051083 9.549587726392374e-05
 0.07481296758104738 0.04739336492890996 0.03282275711159737 0.02302968270214944 0.01431477435395163 0.006032818532818532 0.003530274365682113 0.0008868906001164526 0.0004512418469917374 9.161424904297963e-05
 0.05988023952095808 0.03329633740288569 0.02010723860589813 0.0125 0.006901906651712537 0.00411566816978026 0.002160496726377786 0.0009049372993975428 0.0004607323684094441 9.359270327389267e-05
 0.072992700729927 0.04385964912280702 0.0295159386068477 0.01506024096385542 0.01298205421916762 0.003815476298624612 0.001988429235590989 0.0009105386126491249 0.0004621894603102177 9.365267967216779e-05
 0.07782101167315175 0.06504065040650407 0.04924086992203529 0.01996862073883897 0.01324503311258278 0.005040673016755893 0.003473180810230744 0.0008123901097306926 0.0004309787527474896 8.760444839460867e-05
 0.07418397626112759 0.04436557231588287 0.03868471953578336 0.01268431901062312 0.02032778554186253 0.0063381126128441 0.003832817834190518 0.0008369389832553813 0.0004706403748650586 9.727659288931929e-05
 0.05905511811023623 0.04291845493562232 0.02903600464576074 0.008460236886632826 0.02002454621794458 0.006218690620141648 0.003318951211417192 0.0008725106785612492 0.0004427068473959983 9.747903305573692e-05
 0.08583690987124463 0.06615776081424936 0.05070202808112325 0.0198807157057654 0.01141087293177928 0.005055611729019211 0.004160743386151659 0.0009285140872996682 0.0004716624233425734 9.563088391426771e-05
 0.06589785831960461 0.03798670465337132 0.02496878901373284 0.01910741094581684 0.01114472217799713 0.005987725163414999 0.00325197376741161 0.0007027255993175753 0.0003553758494469957 9.349841838473326e-05
 0.03992015968063872 0.02219755826859046 0.01427551748750892 0.008358408559010364 0.004487121959974872 0.004562120879306557 0.003413417355914402 0.0007560425244841464 0.0003836449218692361 7.771734202704762e-05
 0.06655574043261231 0.04314063848144952 0.02915451895043732 0.01363429783366157 0.007620015240030481 0.005648778866921416 0.003069423129006048 0.0006636218136393801 0.0004685372365088119 9.740996833977234e-05
 0.05988023952095808 0.03141361256544502 0.03507014028056112 0.01605605021164793 0.01099850734543169 0.006836493855294213 0.003749531308586427 0.0008697820326226248 0.0004420032767176247 8.964661305135157e-05
 0.08316008316008315 0.05571030640668524 0.03980099502487562 0.02251655629139073 0.01603147999708519 0.00599058622165169 0.003210832431242317 0.0007562712337692558 0.0003837034267667575 7.771975809625651e-05
 0.05988023952095808 0.03134796238244514 0.02458512599877075 0.006902502157031924 0.006822445846836092 0.006906742908541874 0.003810772966553821 0.0009257705593389998 0.0004709548413176531 9.560143760661801e-05
 0.06932409012131716 0.03913894324853229 0.02552648372686663 0.01254311696456569 0.007628411595185625 0.007067364836647499 0.003899361036521061 0.0009272710413253793 0.0004713428459484646 9.56177965436557e-05
 0.0644122383252818 0.03731343283582089 0.02467612584824183 0.0097911227154047 0.007568113017154389 0.00536675726676246 0.002861230329041488 0.0008782195816238281 0.0004765637613135265 9.741955480853976e-05
 0.05780346820809248 0.03128258602711157 0.0200133422281521 0.01107244542866181 0.007537057197889625 0.005927079981710724 0.003921124404206931 0.0008715339578681117 0.0004787208578677773 9.360757831020795e-05
 0.07320644216691069 0.04378283712784588 0.02946375957572187 0.02350903241771839 0.02171350580060798 0.006409479099901259 0.003780616240447193 0.0008718311359959702 0.0004425340087385715 9.552326250150747e-05
 0.08018327605956473 0.05189028910303928 0.03642039542143601 0.02120047701073274 0.01664816870144284 0.005061612036164346 0.003083816313388298 0.000846396371267921 0.0004311324674103048 8.761156536380304e-05
 0.09079118028534372 0.05654281098546042 0.03886729594669628 0.02501876407305479 0.01509889778046203 0.004336121700482394 0.004037354304170762 0.0009258473432038947 0.0004707082197422873 9.559218462196578e-05
 0.05988023952095808 0.04996431120628123 0.03544303797468355 0.02707581227436823 0.01783142445648447 0.006877579092159559 0.003762092439985668 0.0009037488270493947 0.0004691990381419718 9.552961218957852e-05
 0.0686106346483705 0.0477326968973747 0.03298515667949423 0.01383551114527287 0.007680491551459293 0.006065076633062863 0.003928702588673379 0.0008869761056349978 0.0004510060375982164 9.748574320743215e-05
 0.0814663951120163 0.05681818181818182 0.04363001745200698 0.01519064256418047 0.0117343346632246 0.006558700368296251 0.003756002897487949 0.0008906805767737613 0.000452218673288721 9.165524795035952e-05
 0.07528230865746549 0.04739336492890996 0.03280481137233461 0.01806308183965541 0.01223990208078335 0.007065584323823581 0.003938282733693322 0.0009408006021123853 0.0004796482318599976 9.75481180977241e-05
 0.06472491909385114 0.03738317757009346 0.02473716759431045 0.02163125079526657 0.01295238095238095 0.005427132269389278 0.002921333954116799 0.0008489242778837861 0.0004317742684124739 9.550492158747484e-05
 0.08528784648187633 0.05649717514124294 0.0424929178470255 0.01408891671884784 0.01046698872785829 0.006995054659031754 0.003837606761327634 0.0008372583876739988 0.0004239330934989367 8.572752363886622e-05
 0.08394543546694649 0.05578800557880056 0.04201680672268908 0.01402306014334684 0.01116249402009249 0.00671569671258456 0.003672913605905329 0.0007989959933274091 0.0004043895000759463 9.558679739223285e-05
 0.08293838862559241 0.05319148936170213 0.04203643157403083 0.01720430107526882 0.01288171554141093 0.006231893822003638 0.003365135378486781 0.0007234079160377579 0.0004607088839376298 9.359292692363833e-05
 0.07022471910112359 0.0425531914893617 0.02885170225043278 0.01240887234372576 0.01331853496115427 0.006360684275718925 0.003444462573194829 0.0009283021933073279 0.0004716035700390252 9.562926446751234e-05
 0.07220216606498195 0.04583651642475171 0.04410585404971933 0.02255356471620098 0.01410541945063103 0.006486346241162353 0.003563506133684933 0.0008662792152665348 0.0004411007915308648 9.744191119780569e-05
 0.08325624421831637 0.06499535747446611 0.05077983315197679 0.02064693737095664 0.01254311696456569 0.006558148920427793 0.003543875909821988 0.000888495718802694 0.0004516707398857666 9.163308280981296e-05
 0.05988023952095808 0.03636363636363636 0.02419842710223835 0.01338289962825279 0.01306715063520871 0.00464564084034481 0.002483900643974241 0.0009208138459708638 0.0004696902979597828 9.745243426236661e-05
 0.07960199004975124 0.05329780146568954 0.03846153846153846 0.01375726077652094 0.008971535763803933 0.006493401081151279 0.003565602631414742 0.0009227415420164594 0.0004787269380625041 9.750993457083389e-05
 0.05692599620493358 0.03076923076923077 0.01976284584980237 0.009646302250803859 0.01392757660167131 0.006351377760406489 0.003482578179415284 0.000813513623447787 0.0004129976252636547 9.539873990189432e-05
 0.07153075822603719 0.04288164665523157 0.02896871378910777 0.02137020741671904 0.01534170153417015 0.00531659463538451 0.003779455582607473 0.0008700443722629855 0.0004601743571266322 9.357088392631393e-05
# name: avgRateB
# type: matrix
# rows: 100
# columns: 10
 0.1354838709677419 0.1133966244725738 0.0966820479015601 0.0865444055223573 0.07140023800079334 0.03416140938718882 0.02179980387719695 0.00554642525447483 0.002871068779439294 0.0005913262753846151
 0.1301369863013699 0.1059705350219695 0.09616512255189398 0.08448431344629551 0.07007007007007007 0.03358090055641346 0.02140743082095342 0.00551165956439394 0.002861683687922831 0.0005900171085162239
 0.1273306048203729 0.1169715014887282 0.1092679050362571 0.08047506246552229 0.06867721707972529 0.03416993526962966 0.02117013086989992 0.005371750824096244 0.002811205177954053 0.000584045885812496
 0.0947018172510878 0.1001162063108966 0.0940346752865119 0.07432512783921988 0.06328965014234289 0.03264604810996564 0.02069214531718698 0.005388269073918932 0.002800679836256143 0.0005909808028088785
 0.1030619865571322 0.09407740004276245 0.09305716368626442 0.07733455601406083 0.06472116544492901 0.03283199038161409 0.02070785877823633 0.005459821012824189 0.002852174377553483 0.0005915750220010509
 0.09980395651399038 0.08788853161843516 0.08753282480930348 0.07194244604316546 0.06069768993040888 0.03124606802835213 0.02040914165177073 0.005442166932078835 0.002842798038278562 0.0005903565456376316
 0.1250710631040364 0.1130492919224458 0.105284995591515 0.08154910815815979 0.06920510628911743 0.03312275909168516 0.02065985915001431 0.005445229759459716 0.002862098540425467 0.0005904037985550165
 0.1149281698938164 0.1097935880544576 0.1005600048172457 0.0803074807824511 0.06658795749704841 0.03316941918723326 0.02073480749293454 0.005383580080753701 0.002805407519068605 0.0005905506349608354
 0.1365817644887412 0.1184358942223336 0.1102620087336244 0.07863076880331193 0.06820591921334233 0.03256721786043247 0.02093834819697557 0.005409493108416178 0.002815630773120495 0.0005914261797270974
 0.09748172217709181 0.09362973174794646 0.0881513057153499 0.07085374387683695 0.05817883847178121 0.03171643790114329 0.02055883925904832 0.005450032773845735 0.002835879237531712 0.0005866798696064349
 0.1215261422515309 0.109874826147427 0.1014760147601476 0.07427413909520594 0.06497784846075201 0.0327016879356096 0.02083726654220246 0.005472026559527569 0.002850959855041128 0.0005904654492510798
 0.1167452830188679 0.1073434278808559 0.1017811704834606 0.08080334924027287 0.06855905701226846 0.03450808491786842 0.02169769828470899 0.005312271161930199 0.002761736902366847 0.0005908592298634088
 0.05084745762711865 0.1055286387469304 0.101647928538426 0.08348294434470377 0.07187017001545595 0.03482498365721757 0.02164851615933308 0.005481386512072986 0.002843796372728184 0.0005900782111046383
 0.1134247502962587 0.1034063260340633 0.09400544959128065 0.0799455079945508 0.06538331292818256 0.03152967427421115 0.01949459007007906 0.005312785742940682 0.002589700884734243 0.0005817362134948159
 0.1205901218729955 0.1111600264142637 0.1050402371876324 0.07912712885976571 0.06503274780716981 0.03323114366619082 0.02077024190795733 0.005314839659776444 0.002762947719848613 0.0005908620321345948
 0.08372093023255814 0.1053684048607906 0.1004619784410061 0.07795447458684129 0.06711895506892973 0.03350702932163171 0.02089514503907615 0.005467858501331305 0.002853412834440979 0.0005921410016451222
 0.1277547109549665 0.1098436839881707 0.1050788091068301 0.08154001344989913 0.06614666066051827 0.0334958810718682 0.02111849824012515 0.005499545087965039 0.002839495359109534 0.0005852599794266238
 0.1218836565096953 0.107086387810838 0.1008282319049334 0.08024831554243318 0.06619108876154836 0.03340258726569405 0.02102277227009942 0.005431060511219283 0.002830816944982353 0.0005848907453827832
 0.1140590131415819 0.107682301076823 0.1026881720430108 0.0811553059524177 0.06953992596509784 0.03207428186226542 0.02068810749400396 0.005440154611038165 0.002828602056921062 0.0005847962490573877
 0.1190759704691593 0.1075477810171688 0.09998958441828976 0.07917291210269418 0.06441662130284885 0.03277802182948671 0.02077522909670442 0.005387158338328253 0.002804211485399438 0.0005806051332231174
 0.1043219076005961 0.08894536213468869 0.0978484779125658 0.07614589197357116 0.06314580941446614 0.03310316584572332 0.02154051845799599 0.005453550538699873 0.002831841416880655 0.0005920222331078633
 0.05988023952095808 0.0303951367781155 0.09466152999449642 0.07755328143677657 0.06474383472337747 0.03346735505094348 0.02100279568986106 0.005495848704247979 0.002861531541446748 0.0005924872615238773
 0.1173402868318122 0.09752616555661275 0.08507989209379539 0.07318075921611621 0.06384047055447958 0.03233210478691708 0.02063485401715141 0.005428406962933817 0.002838600779376899 0.0005899307920117828
 0.1132960020836046 0.105858733345501 0.1001727115716753 0.0792161767771524 0.06482460576525217 0.03332954157661244 0.02113859850370467 0.005440989405855099 0.002819582336134632 0.0005922572369278528
 0.05597014925373135 0.03042596348884382 0.09909847911361916 0.07943047361655846 0.06752213381149838 0.03294170554837259 0.02098192546761766 0.005434882397223804 0.002831460201244121 0.0005915245804181624
 0.1166616811247383 0.1088446343626542 0.1036150126640571 0.07885615251299827 0.06799571066484696 0.03394697458235487 0.02099733582190647 0.00523604425301917 0.002699551526117435 0.0005882237603184251
 0.1293524243410348 0.1238294726466239 0.1183124603220407 0.09153167391018044 0.07783408460956967 0.03574395247564629 0.0218244972296721 0.005514593247686934 0.002857445232299714 0.0005891484800961045
 0.11889035667107 0.106876126706155 0.0984657659720632 0.07907742998352553 0.06818357912136161 0.033116713733229 0.02103322096407065 0.005414493221788655 0.002821235969132809 0.0005844614098952684
 0.1164572479313515 0.09955462405030129 0.09764262798158739 0.07591704337623796 0.06346352889905758 0.03161198024828096 0.01995237644454477 0.005383887493066205 0.002824015503655584 0.0005892870773298889
 0.1158827539195637 0.09747706422018348 0.09645909645909646 0.07942210960251125 0.06625661972499941 0.03353244474357896 0.02089131403443414 0.005407624934466919 0.002819432099473388 0.0005843871947493108
 0.1193401193401193 0.09933774834437087 0.08544979824353192 0.07290076335877863 0.06377908606672274 0.03238099691386889 0.02082256202502957 0.005414584016295319 0.002816758370993904 0.0005914627982757771
 0.05928853754940711 0.03174603174603174 0.02036659877800407 0.07871691429695955 0.06660142445495569 0.03169022802109381 0.01948190313841284 0.005209859055699141 0.002779761054786044 0.0005779748434470024
 0.108991825613079 0.09221902017291066 0.07879832553558236 0.07952563655388908 0.06695778748180495 0.03289985284793089 0.02049180327868852 0.005430711951757783 0.002839525818245573 0.0005899666470869011
 0.1161632923996017 0.1016017212526895 0.09458864936207655 0.07828909681115143 0.06690767819565101 0.03277148058965173 0.02072650338867573 0.005380821215809365 0.002807701123080449 0.0005838827769227359
 0.1103752759381898 0.09395632300660234 0.08160564622849581 0.08170911554864682 0.06737623278976662 0.03281436277576459 0.02054374413431766 0.005259483274287609 0.002732190495248009 0.0005898381962985476
 0.1060752169720347 0.09942782102992216 0.0941385435168739 0.07754101919915636 0.06557603368537308 0.03390772008193401 0.02130854486950304 0.005502977701860486 0.002859141240617843 0.0005909853709305799
 0.1243891603731675 0.1135483870967742 0.1038115897118066 0.081360719658592 0.06996514943499842 0.03394587851453795 0.02112334390744542 0.005501602640769267 0.002817464820153432 0.0005811740469489453
 0.05988023952095808 0.09264305177111716 0.07938165865886777 0.07355011261261261 0.06326010200078462 0.03210804757932744 0.0205551994202737 0.005411007272760623 0.002820459132503258 0.0005844443885314973
 0.1188811188811189 0.1077067865732511 0.1000363768643143 0.08553602576143836 0.07260820045558086 0.0344853159299911 0.02115629860604318 0.005409194526778273 0.002815447421519403 0.0005898717048836231
 0.1230685081361958 0.1132435331982358 0.105508662816526 0.08315927902839018 0.06830383245628023 0.03382368116307601 0.02137894174238375 0.005496826412804285 0.002857509977312521 0.0005845153753302017
 0.1144094001236858 0.09881756756756757 0.09845052301840353 0.07981059304234926 0.06599116653676279 0.03307582773660429 0.02110338512604802 0.005448936995511554 0.002830762617044838 0.0005848850631457776
 0.1234906695938529 0.1111111111111111 0.1057712784837084 0.08565234388882965 0.07123396526279942 0.03310517076848764 0.02090120217949088 0.00540139703930203 0.002831838224114338 0.0005896323246729272
 0.097926267281106 0.07670569236980218 0.06602336211274759 0.0756838905775076 0.06467218332272438 0.03266846113143304 0.02059431340411886 0.005352216295751333 0.002786115379644124 0.0005768402790717589
 0.08048289738430583 0.09587976159626847 0.08274720728175425 0.07670227283421957 0.06864096097345362 0.03385116883412927 0.021470707304378 0.005501707744853688 0.002858746276674837 0.0005907984919174603
 0.03992015968063872 0.02219755826859046 0.01427551748750892 0.08460175711341697 0.0706428236275481 0.03458680692213197 0.02157112147516718 0.005518682308470347 0.002822310747855139 0.0005876195098382741
 0.1213669754072181 0.10606259002226 0.09496981891348089 0.07796484860705044 0.06602475928473177 0.03319975770001398 0.02101906729676207 0.005467297461480405 0.002832177734887185 0.0005880802664221414
 0.1207658321060383 0.1041666666666667 0.09129213483146068 0.07503001200480192 0.06281991624011168 0.03257989966743701 0.02074912229058823 0.005418322009958692 0.002822226516683664 0.0005845198922026433
 0.05847953216374269 0.1128865569600127 0.1076736427054898 0.08091517857142858 0.06686399915428934 0.03245504375420713 0.02063683426707326 0.005367242542381916 0.002797953387815438 0.0005803362662432258
 0.1128443411881845 0.09950248756218905 0.09447033631439729 0.07540097629009762 0.06718083042297245 0.03355588611754938 0.02111483443231362 0.005422220741752395 0.002814103943203123 0.0005916840098682603
 0.09509875640087784 0.1045409996733094 0.09482758620689655 0.08249392150052103 0.06719355889056626 0.03245582401730977 0.0213263867518768 0.005504960005911367 0.002859503386784297 0.0005909781044595446
 0.128523440923032 0.1188118811881188 0.1099438064989006 0.08758257255251244 0.07271977860213155 0.03469273007859697 0.02161581979860019 0.005459636628794679 0.0028334516339411 0.0005888432639998477
 0.1002087682672234 0.08944543828264759 0.07743362831858407 0.07545210166177908 0.06531022356191911 0.03298801360190697 0.02096525757316447 0.005427563189714492 0.002859602169843096 0.0005908259012523724
 0.03992015968063872 0.02219755826859046 0.01427551748750892 0.08392352724444263 0.06970207982012366 0.03370157540584694 0.02132226880465632 0.005484632871233008 0.002852691615391856 0.0005889704281319246
 0.1047986762272476 0.08544087491455912 0.08175399479747306 0.07620164126611957 0.06239714755896873 0.03287830380482137 0.020673790874414 0.00540184211971947 0.002831897428295027 0.0005896361746937651
 0.0916030534351145 0.09252313078269568 0.08648784156430184 0.0776768216639943 0.06536927644007316 0.03230132353798612 0.02047283843284629 0.005402593609972896 0.002842137781896818 0.000591647129779282
 0.1255667945587722 0.1187669199196577 0.1113398917105163 0.08587103442792399 0.06978478585126785 0.03403964617613456 0.02133282154245896 0.005383944856684515 0.002808478931631688 0.0005839158306113619
 0.1106162907628214 0.1023851076207097 0.09557945041816009 0.08153004721948569 0.06908782889512415 0.03300658886245594 0.02025111381125962 0.005414484297995535 0.002816750274968479 0.0005827071543753776
 0.03992015968063872 0.02219755826859046 0.01427551748750892 0.006915629322268327 0.06456994562530895 0.03152672817469516 0.01987606687711914 0.00538428516338395 0.002817662938974751 0.0005858860447684235
 0.05813953488372093 0.08949287371561154 0.07454445057979017 0.07563912951616311 0.0645829819023062 0.03300623451096318 0.02113066863981103 0.005488130536473968 0.002855076143347816 0.0005922300213480106
 0.05988023952095808 0.1074922068150059 0.1008369466572552 0.07610132552074028 0.06349796753367518 0.03237769383560857 0.02048391431622225 0.005342096828268166 0.002778783889185931 0.0005858822178808877
 0.1141633963610417 0.09791921664626684 0.08516074089844582 0.07333515532476997 0.06381719461671084 0.03197993061598093 0.02046075641080101 0.005371187416075196 0.002816175120424786 0.0005908398482154166
 0.08928571428571429 0.06447831184056273 0.08218615163344976 0.07679427218661584 0.06636038795303727 0.03330326788316103 0.02101468839157369 0.00543063247407012 0.002852756726638165 0.000592112389664609
 0.1169590643274854 0.1007491604236631 0.1000111123458162 0.08046407185628743 0.06867713439118274 0.03409023886759068 0.02134206506406274 0.005423335945944942 0.002809924035820758 0.0005826561112104225
 0.114713216957606 0.1012931034482759 0.0902668759811617 0.07854168188792285 0.06536124240378123 0.03266851972846369 0.02094055013309672 0.005438068692946364 0.002827753393064431 0.0005848973554708722
 0.1116724275458655 0.09822263797942002 0.08543833580980684 0.07720923703235769 0.0651828741747681 0.03232222774738935 0.02061506311598091 0.005397763783575376 0.002812248009664951 0.0005825206938495128
 0.1181984919502751 0.1069124423963134 0.09607420904422725 0.05641748942172074 0.06882846202316902 0.03461648267986296 0.02161383285302594 0.005469861065528935 0.002836336645277163 0.0005851226516251137
 0.1073071027082269 0.1043657210054388 0.09572603478495348 0.07019402688563672 0.06533403764352637 0.03244149595392578 0.02051772112763147 0.005368782003548544 0.002839632918088462 0.0005915455284301925
 0.1200342955130037 0.1122322899505766 0.1031095234229114 0.08221354796366023 0.06889888897363537 0.03378184941311194 0.02139246840078608 0.005473956458166482 0.002854376055424703 0.0005906153597650223
 0.1091445427728614 0.09475032010243278 0.1014832162373146 0.07585226048355816 0.06539249529903736 0.03411082489384476 0.02138800796518917 0.005429729629216408 0.002823363669339132 0.00058456552811136
 0.1133004926108374 0.1022353145035522 0.09207365892714171 0.07938144329896907 0.06712956293756663 0.03078345884529 0.02049890287562074 0.005417762573876501 0.002829895551996941 0.0005898142639256533
 0.1163156240176045 0.09978425026968717 0.08512449457331348 0.05518856091646458 0.06415771490376343 0.03247263983460303 0.02088180059982622 0.005475153276732253 0.002851609149646324 0.000590490253542248
 0.1201310520567892 0.1100870455709165 0.1010880469172004 0.07660608622147085 0.06838613836026944 0.03422447568564185 0.02162327450637777 0.005430957566487667 0.002821169518702722 0.0005829019396359441
 0.1172136637642331 0.09866102889358704 0.09768695261621378 0.08264462809917356 0.06969302527389087 0.03414316904352674 0.02150993920149838 0.005498865167088 0.002858027941538943 0.0005908318754193321
 0.1274900398406374 0.106198526224534 0.09367233798508889 0.07535680304471931 0.06469125780100461 0.03333445949750554 0.02118809769277258 0.00549917420427501 0.002862715098572185 0.0005926831579268696
 0.1163542340012928 0.1130695044895244 0.1067454008630479 0.0837664113785558 0.07057278844575743 0.03446384277809578 0.0213765646856282 0.005508429931107657 0.002860620581877105 0.0005916840098682603
 0.1203277009728623 0.1064432114143359 0.1004232121081702 0.08250054481491859 0.07073597202352568 0.03416398713826366 0.02135414749088767 0.005485857349300001 0.002854520967318609 0.000590613252766815
 0.07309941520467836 0.04393673110720563 0.02955082742316785 0.008535336292249915 0.06546127077604458 0.03319761254800351 0.02089131507966602 0.005409562782208058 0.002815487864672714 0.0005898791777005085
 0.1142074006395614 0.1076503516578154 0.103021978021978 0.08255563531945441 0.06945073527191473 0.03307174887892377 0.02110519688644688 0.005480943605136637 0.002853250072049352 0.0005905589442232931
 0.09408602150537634 0.1106094808126411 0.1036364751333783 0.08100094018948434 0.06788763841535166 0.03333721879006877 0.02092421179558109 0.005437056396097852 0.002827582637300703 0.0005848907453827832
 0.1140609636184857 0.1033131457071607 0.09228937183685622 0.08254631965972173 0.06868843960601348 0.03357999365032847 0.02075910381061658 0.005399508936552121 0.002821952886733866 0.0005876097440336342
 0.1215917464996315 0.1022950819672131 0.1048828807831255 0.08398517908604364 0.06864850152720235 0.03236807120975666 0.02042543258148289 0.00533198011355279 0.002828875725313329 0.0005910754330863073
 0.1181786583246437 0.09997059688326962 0.08567262121764491 0.07549713515335356 0.06412458490782091 0.0324613965070648 0.02075776467921106 0.005422072765311879 0.002811228410869188 0.0005899632599390001
 0.1301967746708093 0.1206140350877193 0.1110550227158001 0.08463214345567287 0.06977209688027222 0.03389390145968161 0.02134716362099472 0.005506648631468464 0.002860200501974786 0.0005898142639256533
 0.1154086088583905 0.09880514705882353 0.08598452278589853 0.07773631840796021 0.065949406696031 0.03329248838230874 0.02100886311412627 0.005445611274418741 0.002848199537810563 0.0005920611529866218
 0.1074608535462082 0.09237265769332278 0.09602293084915801 0.07836141815054311 0.06690406819898564 0.03318313598099829 0.02088432283499186 0.005473101908055561 0.002851131698365574 0.0005904687251700966
 0.1236263736263736 0.1141005775461333 0.1031906060965485 0.08461459085749665 0.06980409817608646 0.03444206267010285 0.02140334071723643 0.005344066311267571 0.002856685458799981 0.0005908605765331989
 0.1216122307157748 0.1079091024501714 0.1003028009084027 0.08191036100009909 0.06917401106784177 0.03381224121771524 0.02113083322211842 0.005362921867776237 0.002784533739427174 0.0005919299946765895
 0.1106770833333333 0.0941046221976197 0.0949765419384369 0.07471943295924395 0.06449002301408664 0.03263440371145274 0.02071977764141068 0.005322628935141549 0.002764440843845568 0.0005710430040986215
 0.1153644467750393 0.1009174311926606 0.09622113365990202 0.07765422128346897 0.06656765501511695 0.03245823389021479 0.02024246303145768 0.005375535260208931 0.002812132397099786 0.0005840860123081773
 0.1045016077170418 0.1095133796781259 0.1038811138363872 0.07832765373073598 0.0637227886470102 0.03216354944594981 0.02061190723239575 0.005401654187929958 0.002817993894028146 0.0005909329150819519
 0.1225919439579685 0.1095247408566399 0.09739843649878252 0.0753020839413928 0.06667337593720123 0.03287871407696055 0.02107833048267248 0.005486731834605314 0.002836414580320841 0.000588418497500113
 0.1037344398340249 0.09990730250283243 0.1004423147806856 0.08337436402429017 0.07094961186388804 0.03324942925715624 0.02088404209163977 0.005439646569990425 0.002831402831402831 0.0005922672087793412
 0.08912655971479501 0.09562841530054646 0.09925915270085593 0.07989431303472572 0.06767555688742383 0.03381194453901874 0.02121515705109317 0.005456496343415034 0.002846531816201924 0.0005902780803998362
 0.0927357032457496 0.09808612440191387 0.08545227177990829 0.07923393076564553 0.06522943635722561 0.03288687597437327 0.02087381095116684 0.00536292834316844 0.002789060747851656 0.0005856269730287123
 0.1224043715846995 0.1090130426318863 0.1001443522194154 0.0818319582421283 0.06685074843772706 0.03353795833234575 0.02096870994272505 0.005411235559338325 0.002820607453670328 0.0005844530727768891
 0.1192010309278351 0.1100319228418121 0.1033551469824452 0.08281438492386946 0.07035673061067443 0.03342535622763906 0.02101907233946507 0.005448784171464827 0.002844534722891727 0.0005901863107275472
 0.07608695652173914 0.09344338888023672 0.08790646069813092 0.07462007462007463 0.0641105595330157 0.03263489281225134 0.02073976499604123 0.005438577150626539 0.002836028833914703 0.0005858657512382352
 0.1186206896551724 0.107517988586552 0.1017811704834606 0.0813708926662759 0.06832934745473181 0.03286265037855915 0.0206458366652612 0.005410848476066625 0.002820556213685339 0.000584447167461944
 0.1147350779940699 0.1056570548095972 0.09877559419693384 0.08138698565317788 0.06761482863138261 0.03326747961941095 0.02113143318716824 0.005428300277323368 0.002820693142165813 0.0005828851825233575
 0.1137384016761449 0.09692451071761417 0.09804649780880934 0.08028098344204718 0.06813115246850186 0.03362639672142632 0.02114071790354547 0.005470631395879654 0.002728866895673689 0.0005896646430748043
