# Created by Octave 3.0.1, Wed Sep 09 02:51:31 2009 PDT <jwawerla@daneel>
# name: prtA
# type: matrix
# rows: 100
# columns: 10
 310 392.6 555.7 864.7 918.2 1563.7 1629.3 1786.8 1855.6 2116.4
 530.8 621.1 736.1 842 1040.7 1596.8 2137.5 2676.2 2745 2905.5
 417.1 777.8 913.5 1226.4 1285.7 1664.1 1731.8 1891.1 1960.2 2984.3
 596.3 709.2 749.4 1141 1391.5 1699.7 1767.5 2569 3160.4 3321
 57.5 94.09999999999999 89.59999999999999 611.4 794.2 1249.8 1312.3 1739.6 1807 3397.5
 65.09999999999999 77.09999999999999 80.3 202.5 648 1269.5 2090.6 2441.5 2509.9 2648.6
 40.1 40.1 174.4 227.3 509.3 1110.4 1615 2024.9 2879.8 3202.5
 43.6 66.09999999999999 69.09999999999999 125.3 772.1 965.6 1471.8 1626.8 1695.2 3018.5
 53.4 75.90000000000001 79.90000000000001 486.1 608.6 1313.1 1374.2 1894.6 1961.9 2121
 40.1 40.1 40.1 327.6 595.2 1182.3 1242.1 1395.4 1769.2 2622.7
 69.90000000000001 106.4 111.6 287.8 699.5 1249.6 1677 1830.3 2048.1 2134.2
 63.9 73.7 77.59999999999999 357.7 451.9 1411.4 1715.7 1989.2 2067 2226.1
 55.2 63.9 67.5 614.8 647.6 1077.7 1137.4 1713.7 2319.1 3041.3
 81.2 156.2 163.5 437.7 497.3 770.1 1068.4 2054.4 2121.6 2280.6
 70.40000000000001 80.3 85.3 135.5 581.2 1122.4 1181.9 2142.4 2213.4 2422.9
 65.7 75.3 121.1 216 302.9 1165.7 1225.4 2005.9 2076.9 2286.5
 40.1 61.2 65.90000000000001 110.6 131.8 1641 1700.4 2113.2 2207.4 2366.3
 59.3 105.9 113.2 570.8 602.4 1204.4 1264 1982.4 2049.6 2735.5
 51.2 57.8 62.4 203.3 256.6 959.4 1098 2096.9 2167.3 2361.7
 85.59999999999999 96.5 117.3 150.7 268.2 1127.4 1186.7 1349.5 2035.2 2223.7
 52.4 59 63.9 177.5 275.9 803.7 862.9 2422.7 2861.2 3049.7
 90.5 101.3 216 258.1 593.1 1260.4 1410.7 1699.8 1769.3 2760.6
 67.40000000000001 76.2 133.3 353 384.6 977.7 1037.2 1739.5 1809.1 1996.4
 49.3 109.5 165.9 256.5 577 1425.9 1484.7 1662.2 1729.7 1910.1
 69.8 77.5 83.59999999999999 220.9 311.1 1376.5 1434.9 2103.8 2171.4 2359
 40.1 40.1 77.7 162.3 186.2 1008.2 1394.7 1681.9 1749.6 2713.6
 40.1 44.4 47.9 63.1 76.40000000000001 647.5 705.7 2057.7 1679 1856.9
 49.2 66.59999999999999 71.8 130.3 152.1 750.3 1425 1595.9 2579.4 2738.1
 59.1 66 71.2 233.6 260.6 794.7 1018.1 2253.7 2330.2 2950.7
 50 56 60.5 177.8 202.8 1354.6 1412.6 1582.4 1658.9 2942.2
 40.1 88.8 95.09999999999999 255 282.4 1242.6 1465.6 1991.6 2058.9 2681.7
 66.3 74.2 91.8 145.6 435.3 858.4 916 1831.4 1935.3 2094.5
 49.4 66.59999999999999 71.09999999999999 124.2 144.9 728.9 786.5 1724.8 1800.1 1976.2
 56.3 63.2 67.59999999999999 119.1 201.3 873.1 1332.5 2389.7 2464.4 3060.8
 56.8 63.5 67.59999999999999 102.9 121.3 1008.8 1065.7 1240.3 1314.1 3259.1
 40.1 89.7 94.5 188.6 407.3 790.2 1155 2016.5 2313 2485.4
 66.8 74.7 78.90000000000001 197.7 221.2 891.8 1116.7 1930.7 2007.1 2177.5
 56.5 63.4 67.09999999999999 129.7 422.2 1014.1 1070.1 1654.5 1730.9 1896.4
 40.1 55 58.3 72.90000000000001 127.5 1139.2 1267.7 2011.1 2087.4 2542.2
 57.3 64.3 68.09999999999999 145.6 224.2 587.6 643.5 1847.4 1923.7 2089
 40.1 45.2 48 75.90000000000001 167.9 1217.1 1273.1 1851.5 1927.7 2093
 65 134.1 140.8 196.7 281.1 626 1224.1 1706 2099.8 2265
 40.1 43.8 46.6 58.4 70 518.3 1055.2 1836 1904.1 2072.8
 40.1 40.1 40.1 40.1 76.59999999999999 847.9 903.5 1524.8 1599 2565.7
 75.90000000000001 83.5 88.2 108 125.7 842.9 1086.2 1255.2 1891.4 2116.4
 49.5 54.7 58 147.1 296.6 871.6 927 1818 1891.7 2588.4
 48.5 53.4 56.4 70.40000000000001 151.5 591.9 765.8 2102.6 2169.7 2721
 40.1 43 45.4 56.8 67.3 768 823.1 1616.2 1692.8 1861.3
 40.1 45.2 47.6 59.6 157.3 938.1 1084.1 1758.3 1834.5 2002.4
 40.1 44.7 47.1 58.6 69.3 1024.5 1207.9 1738.5 1814.3 1981.9
 79.8 87 91.59999999999999 125.6 144 1115.1 1169.7 1335.6 1411.1 1578.3
 48.8 53.6 56.7 101.1 242.8 833.2 1044.8 1206.6 1280.9 2665.6
 64.2 70.5 74.5 160.1 198 942.9 1053.9 1426.2 1698.1 1863.7
 55.7 61.2 64.8 96.09999999999999 111.3 879.6 1135.3 1420 2034.2 2199.8
 40.1 40.1 40.1 99.5 248.3 918.3 972.9 1980.8 2048.1 2207.2
 40.1 40.1 69.8 86.2 153.9 798.3 984.2 1323.8 1400.2 2902.1
 48.1 53 56.2 128.7 432.6 548.9 603.5 1714.9 2014.1 2176.7
 40.1 44.6 47.3 58.9 200.5 728.2 783.1 944.5 1020.7 2134.2
 56.1 62.1 65.7 138.1 317.7 578.7 845 1685.1 1761.4 2266.3
 64.90000000000001 71.8 76 150.7 207.4 943.7 1303.8 1465.4 1541.7 1702.1
 40.1 43.2 45.8 57.3 124.2 614.8 1239.6 2413.9 2480.7 2639.5
 57.1 63.4 67.59999999999999 130.6 148.7 940.5 995.9 1681.7 1826.5 1985.7
 45.4 50.6 54 130.1 148.5 520.3 1264.5 1827.9 1895.2 2054.4
 40.1 76.8 81.90000000000001 159.2 298.5 874 1168.3 1506.6 2391.1 2899.6
 40.1 40.1 40.1 93.7 109.1 907.1 962.8 1575.4 1651.5 1809.6
 40.1 44 47 74.90000000000001 145.3 714 842.8 1849.1 2135.8 1966.7
 84.3 94.5 125.7 150.8 267.9 930.1 1164.4 1637 1713.1 1937.2
 62.7 70.7 75.8 171.5 338 864 919.9 2047.4 2346 2502.2
 80 146.2 154.7 198.9 221.3 727.9 783.9 1685 1762.6 1918.7
 64.2 72.3 135.5 190.8 233 614.3 670.4 2059.9 2137.5 2947.8
 40.1 45.1 48.8 60.9 188 921.4 1167 1544.2 1621.6 2400.1
 78.8 88.09999999999999 94.8 132.8 152 675.4 1414 2085.1 2162.5 2316.6
 93.5 104.7 170.6 214.2 259.6 793.9 978.5 1753.5 1831.1 1985.1
 40.1 40.1 40.1 42.9 50.9 1047.6 1581.2 2057.3 2132.8 2286.8
 55.9 63.9 69.09999999999999 161.4 182.4 858.1 914.5 1511.7 1587.3 2057.7
 47.7 65.90000000000001 71.3 181.8 225.6 718.1 972.9 1523.3 2094.1 2248.1
 40.1 40.1 63 78.2 224.7 787.3 843.4 2059.6 2136.7 2291
 40.1 56 60.5 127.1 145.3 1093.6 1379.7 1844.1 1921.3 2075.6
 40.3 57.6 62.2 77.7 135.1 1139.4 1327.7 1735.1 1812.3 2278.9
 71.8 81.40000000000001 113.8 137.3 213.7 922.6 979.2 2000.1 2067.3 2226.3
 41.1 46.8 51 63.8 192.6 688.1 1472 1629.5 2357.7 2006
 40.1 46.9 102 186.7 339.1 1146.7 1203.5 1740.2 1815.4 1970.1
 40.2 80.2 86.5 291.1 337.4 798.6 1209.8 1937.3 2012.6 2855.5
 40.1 82.40000000000001 89.09999999999999 170.8 398.6 998.6 1055.5 1911 1978.3 2137.5
 40.1 90.09999999999999 97.7 151.1 172.1 847.4 904.3 1787.3 1862.7 2017.3
 70 79.90000000000001 152.3 289.7 337.3 816.8 1062.2 1882.8 1958.3 2112.9
 70.2 92 99.8 210.1 234 331.5 781.2 1836.7 1912.1 2068.5
 40.1 40.1 40.1 67.59999999999999 125.1 1138.7 1195.9 2049.2 2384.6 2543.5
 40.1 45.8 49.6 61.4 73.3 1043.6 1504.1 1762.9 1837.4 2049
 86.3 98.5 155.5 245.2 389.9 988.8 1388.1 1700.5 2351.3 2510.1
 40.1 72.59999999999999 78.40000000000001 130.1 313.6 1103.5 1160.7 1640.8 1717 2467.4
 48.3 79.40000000000001 85.7 151.1 173.1 1102.9 1711 1868.3 1942.7 2591.2
 40.1 61.6 66.59999999999999 82.7 455.7 1077.7 1418.4 1888.3 2310.3 2470.3
 58.8 68.2 73.7 140.8 392 1128.1 1255.2 1586.8 1716.8 3770.3
 50 70.09999999999999 75.8 164.8 255 1031.1 1088.6 1246.2 1705.7 2349.6
 69.5 80.3 176.3 222.5 247.7 759.6 1406.9 1980.5 2570.1 2729.8
 67.7 78.59999999999999 84.7 305.1 332.2 545.6 1404.8 1858.9 1931.8 2091.5
 59.4 69.3 74.90000000000001 173.7 391.3 525.9 1481.4 1637.5 1710.4 2602.6
 40.1 49.2 80.5 150.9 462.6 614.4 1018.6 1961.6 2034.6 2235.6
 89.09999999999999 102.8 110.4 153.5 224.3 1157.7 1916.2 2063.1 2395.1 2553.9
# name: prtB
# type: matrix
# rows: 100
# columns: 10
 382 700.8 709.7 1498.5 2158 2800.4 2850.4 4524 4935.1 5092
 420.5 707.2 777.9 1230.4 2487.8 3465.1 3521 5081.5 5149.8 6098.3
 319.8 1016.3 1267 2338.6 3069.1 3742.2 4337.2 4383.1 4448.3 4605.6
 495.8 809.6 834.3 2695 2930.9 3925.4 3987.7 4669 4737.3 4737.3
 650.6 865.8 1825.7 2818.5 2889.6 3853.4 3917.6 4214.9 4283.5 4443.9
 661.3 890 2235.5 2779.3 3406.2 3662.3 4440.2 4776.9 4845.5 4690.4
 754.3 1056.6 1815.8 3042.1 3666.4 3840.8 3906 4837.8 4906.6 4848.2
 1261.7 1434.8 1553.6 2379.6 3505.7 4153.7 4219.4 4377.1 4446 5766.4
 724.4 1571 2018.6 2581.1 2722.2 3039.5 3760.6 3919.1 3988.1 4148.7
 1010.8 1208.8 1986.6 3382.8 3469.7 3911.9 3978.4 5256.7 5325.5 5486.1
 703.1 1723.7 2076.3 3273.2 3558.7 3897.9 4761.5 4149.2 4217.4 5440
 1149.1 1230.8 1566 3044.7 3294.3 3972.4 4034.9 4190.6 4259 4214.2
 45.6 1457.6 1847.9 2844.8 2885 3417.4 3630.2 3784.9 4530.1 4713.5
 825.1 1176 1812.9 2087.9 3391.7 3860.9 4037.9 4347.1 4235 4392.6
 326.4 1194.7 1204.9 2963 3104.4 3224.7 3285.5 4845 4913.2 4264.1
 421.7 995.5 1713.5 2501 3010.8 3547.1 3608 4283.6 4351.6 5490.9
 489 1213 1481 3008.9 3298.4 3787.3 3924.1 4076.6 4144.7 5900
 707.1 1145.8 1155.1 2632.7 3334.1 3974.2 4033.8 3745.9 3813.8 4779.7
 387.7 1283.3 1319.7 1894.9 1927.1 4110.1 4297 4657.9 4728.5 6065.9
 874.4 895.4 1005 2765.5 2906 3760 4178 4344.6 4415.2 5313.4
 589 1348.3 1359 2594.1 3125.1 3528.8 3587.8 5247.9 5315.4 5496.1
 319.5 800.7 811.5 2608.8 3408.2 3669.2 3728.4 3735 3800.8 3958.6
 480.5 498.4 509.9 3057.8 3146.2 3440.4 3499.4 3981.3 4051.3 4049.5
 262 717.4 1618.2 2065.7 2390.6 3672 4254 5658.9 5728.6 5914.1
 526 1286.8 1621 2762.6 2842.3 3554.3 3613.4 4365.3 4434.9 4619.9
 334 352 1078.5 2528.1 3253.5 3435.6 4039.2 4363.1 4432.7 4617.7
 80.7 591.5 1070.2 2798.3 3437 3679.1 4280.4 4679.1 4748.5 4737.3
 612.7 1020.3 1116.5 2865.5 3472.9 3661.2 4003.4 4171.4 4240.7 4242.6
 293.7 728.6 776.9 2837 2868 3812.4 3871 3893.4 4161.4 4528.2
 665.5 682.1 1368.2 1891.6 2504.8 3480.6 3972.9 4145 4902.1 5076.8
 314.1 351.5 362.6 2571.1 2600.3 3522.9 3696.2 3866.1 3794.1 3951.9
 446.2 463.5 1174.9 2119.7 2981.5 4043.6 4193.1 4515.9 3775.9 4612.5
 276.6 293 450 2471.7 2500.9 4007 4126.6 4159.5 4224.9 5116.2
 318.9 481.8 492.9 2280.1 2980.7 3181.9 3607.1 3723 4994.5 5166.9
 291.9 308.8 378.8 2457.8 3164.2 3879.1 4093 4850.9 4926.4 5103.3
 803.2 908.5 1548.6 2301.8 2452 3176.3 3479.2 3911.6 5037.9 5219.4
 350.9 1180.6 1305.9 2312.2 2362.5 3487.5 3872.2 3912.1 4574.4 4746
 58.7 1319.5 1329.7 2594.5 2706.8 3317.1 4182.8 4365.1 4439.9 4614.8
 429.2 456.3 466.9 2379.4 2523.3 3356.8 3474.9 4517.6 4591.5 4770.9
 169.2 245.2 439.3 1893 1922.2 3617.8 3882.7 4636.2 5251.5 5269
 40.1 328.7 336.7 1982.3 2818.7 3721.8 3778.3 4441.4 4509 4677.8
 222.1 365.5 373.9 1612.3 2868.8 3680.1 4348.7 4401.6 4901.2 5459.1
 97.8 385 393.5 2479.2 2693.5 3497.8 3553.8 4611 4559.1 4716.3
 333.7 919.2 1126.8 2390.4 2855.3 3729.8 3785.8 4491.6 4900.2 5072.5
 282.8 328.8 784.8 2422.1 2682.9 3605.7 3661.6 3810.9 4148.2 4305.7
 89.8 406.4 1251.1 1332 3023.8 3319.1 3374.8 4602.8 4674.3 4842.7
 40.1 40.1 46.7 2488.4 2878.1 3501.3 3746.8 4325.4 4399.4 4567.3
 244.4 356.3 365 439.7 2881.4 3747.4 4118.5 4739 5107.3 6065
 292.4 307 1369.5 1839 1865.1 3369.1 3424.4 4152.9 4360.4 4751
 151.5 495.6 1347.5 2133.3 2301.4 3770.8 3960 4361.8 4438 4606.1
 305 491.1 1131.7 2100.3 2126.4 3559.4 3942.3 4105.7 4180.9 4347.9
 237.5 506.9 515 2261 2734.5 3169.6 3224.2 3387.1 4875.8 5426.1
 238.7 251.6 259.1 2255.2 2331.5 3760.8 4243 4405.6 4480.2 5394.3
 278.4 291.7 299.5 2173.1 2381.9 3335.2 3389.6 4836.2 4910.7 5077
 363 397.2 555.9 688.6 2403.5 3963.9 4068.7 4230.4 4304.7 4470.5
 205.1 338.5 346.7 1430.8 2972.3 3751.7 4009.1 4340.8 4398.2 4555.5
 40.1 40.1 40.1 42.6 1960.7 3141.4 3793.9 4137 4112.2 4269.8
 40.1 248.7 256.6 1843.7 1966.6 3904.1 4041.3 4286.4 4362.9 4858.5
 132.6 788.8 1302.9 1557 2633 3243.6 3298.2 4108.7 4184.9 5001.4
 661.5 901.1 909.7 1404.6 2939.3 3291.3 3345.8 4388.5 4685.3 4714.4
 406.1 807.7 816.5 999.7 2771.7 2973.3 3075.8 4290.3 4366.7 4529.5
 272 285.7 946.6 2512.6 2886.3 3403.9 3458.8 4052.9 4129.1 5112.4
 280.8 324.5 332.8 1639.4 2456.4 3063.3 3678.7 5088.1 5164.1 5606.2
 290.8 305.5 696.6 1571 2936.7 3235.8 3824.3 4088 4164.3 4216
 365.2 380.5 412.9 1703 2730.3 3356.9 3412.1 4487.9 4889 5049.4
 117.3 347.9 693.6 2304.2 2329.4 3570.3 4255.9 4784.8 5198.1 5358.5
 49.1 337.6 346.4 1710.5 2556.1 3493.6 3548.9 4679.6 4749.1 4919.5
 323.5 369.1 594.7 1827.6 2355.5 3860.6 3916.1 4434.9 4511.2 4669.2
 638.1 654.1 663.8 1922.1 2898.8 3282.2 3337.6 3500.7 4304.2 4462.2
 657.7 673.8 728.1 2682.4 2769.8 3311.5 3366.8 4312.7 4665.4 4835.4
 63.6 616 1421.4 2143.4 2570.7 3041.3 3564.3 4971.4 5040.8 5210.2
 300.7 317.9 327.7 691.6 3063.5 3490.1 4264.3 4425.5 4501.4 4659.5
 280 327.1 337.8 1640.1 2540.3 3628.2 3950.2 4109.8 3467.6 4349.1
 572.6 591.3 614.3 2153.6 2296.5 3197.3 3643.8 5266 3873 5383.7
 57.2 384.5 479.3 1745.1 3106 3641.8 3697.7 4898.4 4976 5132.1
 114.6 365 376.5 1850.8 1931.7 3770.6 3826.7 3985.6 4326.3 5429.4
 351 528 650.4 2410.6 2471.6 2571.6 3856 4639.2 5206.4 5360.3
 40.1 1208.1 1220.1 1292.2 2758.9 3318.7 4098.8 4399.9 4710.8 4864.8
 237.5 414.1 426 2214.2 2944.5 3884.3 4068.2 4376.2 4451.7 4605.7
 41.1 46.9 1350.6 2470.4 2536.4 3281.5 3903.8 4650.2 5210.7 5373.5
 274.5 1100.6 1275.9 2022.9 2760 3500.1 3556.4 3604.3 4095.2 5849.8
 57.5 65.40000000000001 70.7 87.5 3112.3 3650.1 3981 4352.7 4307.2 4464.7
 313.4 332.2 1298.1 2638.6 2705.1 3586.3 3642.5 4446.7 4523.9 4678.1
 124.5 589.4 797.8 1807.8 2380.3 3046.9 3977.5 4136 4213.1 4367.4
 321 734.4 1199.7 2810.2 2908.4 3685.3 3741.9 5275.4 5347.7 5383.7
 673.2 714.2 2114.5 2378.4 2404.9 3372.8 3429.5 4044.6 4119.8 4151.6
 363 395.2 481.9 2571.9 2598.6 3656.6 4178.4 4479.5 4554.8 4709.4
 346.2 968.1 1194.3 2391.2 2499.8 3594.3 3737.2 4163.7 4235.9 4399.7
 330.8 552.8 605 2681.3 2878.9 3784.2 4519.1 4678.7 4754.1 4908.7
 687 719.6 1717.5 1892.5 2561.9 3509.3 3758.7 4641.4 4717 4729.8
 40.1 46 1013.5 2553.7 2680.1 3078.6 3135.7 3919.1 5028.3 5054
 40.1 40.1 40.1 2270.3 2837.7 3388.9 3446.1 4177.9 4223.3 4383.3
 89.3 343.6 1251.5 2799.3 2848.7 3779.5 3836.7 4165.1 4240.3 4396.8
 283.9 716.1 728.9 2143.1 3111.7 3310.1 3672.3 4511.3 4586.4 4742.6
 275.6 318.5 330.8 2120 3001.6 3546.9 3604.1 4262.1 4337 4493.4
 163.2 203.9 1436.6 2793.5 2927.9 3697 4034.8 4367.6 4442.1 4743.6
 230.4 927.4 2075.6 2545.4 2593.2 3540.5 3597.5 4417.8 3994.1 5189.7
 719.8 796.1 835.2 2126.9 2766.4 3728.9 3850.2 4210.9 4285.7 4504.1
 185.1 640.2 986.9 1022.1 2610.7 3890.8 4253.6 5242.7 4350.6 5337.3
 114 389 401.1 3106.5 3135.1 3679.8 4112.1 4269.2 4343.2 4367.7
# name: collectedA
# type: matrix
# rows: 100
# columns: 10
 20 22 27 35 35 39 39 39 39 46
 31 33 36 36 38 45 48 49 49 49
 26 39 42 45 45 46 46 46 46 49
 35 37 37 42 44 45 45 48 49 49
 4 5 5 27 31 38 38 41 41 48
 5 5 5 10 27 38 47 48 48 48
 2 2 12 12 21 35 41 42 49 49
 3 4 4 5 35 36 42 42 42 49
 4 5 5 24 27 43 43 49 49 49
 2 2 2 16 26 45 45 45 46 49
 6 8 8 15 32 42 47 47 47 49
 5 5 5 20 22 45 48 49 49 49
 4 4 4 32 32 39 39 43 45 47
 7 12 12 24 25 29 34 44 44 44
 7 7 7 8 29 41 41 47 47 47
 5 5 8 11 13 40 40 46 46 46
 3 4 4 5 5 47 47 49 49 49
 5 8 8 32 32 43 43 48 48 43
 4 4 4 11 12 34 35 42 42 42
 8 8 9 9 14 41 41 41 48 48
 4 4 4 9 12 31 31 46 49 49
 8 8 16 16 30 45 46 47 47 49
 6 6 10 20 20 36 36 46 46 46
 4 9 13 16 30 48 48 46 46 46
 6 6 6 13 16 45 45 49 49 49
 3 3 5 9 9 38 46 47 47 49
 3 3 3 3 3 25 25 45 46 46
 4 5 5 7 7 25 43 43 47 47
 5 5 5 14 14 27 29 45 45 47
 4 4 4 10 10 46 46 46 46 49
 3 7 7 15 15 41 44 46 46 48
 6 6 7 9 25 35 35 47 47 47
 4 5 5 7 7 27 27 48 48 48
 5 5 5 7 10 30 38 48 48 49
 5 5 5 6 6 37 37 37 37 49
 3 7 7 12 24 34 42 47 48 48
 6 6 6 13 13 35 39 46 46 46
 5 5 5 8 25 41 41 47 47 47
 3 4 4 4 6 42 43 48 48 49
 6 6 6 10 13 23 23 47 47 47
 3 3 3 4 8 43 43 48 48 48
 6 12 12 14 17 26 39 42 44 44
 3 3 3 3 3 20 34 46 46 46
 2 2 2 2 3 33 33 39 39 48
 7 7 7 7 7 35 38 38 46 46
 4 4 4 9 17 32 32 44 44 48
 4 4 4 4 8 26 28 48 48 49
 3 3 3 3 3 34 34 43 43 43
 3 3 3 3 8 35 37 45 45 45
 3 3 3 3 3 37 40 44 44 44
 8 8 8 9 9 43 43 43 43 43
 4 4 4 6 14 33 36 36 36 47
 6 6 6 11 12 38 39 42 43 43
 5 5 5 6 6 38 42 44 49 49
 3 3 3 6 14 38 38 49 49 49
 3 3 5 5 8 37 40 42 42 48
 4 4 4 8 26 27 27 48 49 49
 3 3 3 3 11 31 31 31 31 49
 5 5 5 9 18 25 31 45 45 47
 6 6 6 10 12 39 45 45 45 45
 3 3 3 3 6 23 40 48 48 48
 5 5 5 8 8 38 38 48 48 48
 4 4 4 8 8 22 44 48 48 48
 4 6 6 10 17 33 39 40 48 49
 2 2 2 5 5 27 27 39 39 39
 3 3 3 4 7 31 32 47 48 45
 8 8 10 10 15 39 42 46 46 46
 6 6 6 11 19 38 38 47 48 48
 8 13 13 14 14 29 29 48 48 48
 6 6 11 13 14 26 26 41 41 46
 3 3 3 3 9 34 39 42 42 46
 8 8 8 9 9 25 41 47 47 47
 9 9 14 15 16 36 39 46 46 46
 2 2 2 2 2 37 46 48 48 48
 5 5 5 10 10 32 32 39 39 40
 4 5 5 11 12 31 34 42 45 45
 3 3 4 4 11 27 27 48 48 48
 4 4 4 7 7 39 43 49 49 49
 4 5 5 5 7 43 45 47 47 48
 7 7 9 9 12 37 37 47 47 47
 3 3 3 3 9 30 45 45 49 45
 3 3 7 11 17 42 42 45 45 45
 3 6 6 18 19 31 40 45 45 49
 3 6 6 10 21 39 39 46 46 46
 4 7 7 9 9 33 33 41 41 41
 6 6 11 18 19 35 39 46 46 46
 6 7 7 13 13 13 23 48 48 48
 2 2 2 3 5 38 38 46 47 47
 3 3 3 3 3 38 46 47 47 47
 8 8 12 16 22 36 43 45 49 49
 3 5 5 7 15 40 40 46 46 48
 4 6 6 9 9 37 46 46 46 49
 3 4 4 4 22 38 44 48 48 48
 5 5 5 8 20 40 41 43 43 49
 4 5 5 9 12 34 34 34 47 48
 6 6 13 14 14 29 42 46 48 48
 7 7 7 20 20 24 46 48 48 48
 5 5 5 10 20 21 47 47 47 48
 3 3 5 8 22 23 30 47 47 47
 8 8 8 9 11 40 48 48 49 49
# name: collectedB
# type: matrix
# rows: 100
# columns: 10
 38 70 70 148 207 242 242 293 296 296
 53 88 94 133 241 284 284 296 296 299
 34 99 123 209 258 281 295 295 295 295
 56 86 86 248 258 289 289 294 294 294
 78 96 193 260 261 293 293 294 294 294
 69 88 217 253 282 284 298 299 299 298
 87 116 187 268 292 293 293 299 299 299
 147 161 169 226 285 295 295 295 295 299
 96 201 239 278 280 284 297 297 297 297
 118 133 204 277 278 284 284 298 298 298
 88 187 211 283 290 292 299 290 290 298
 136 141 170 280 288 298 298 298 298 298
 3 159 198 279 279 293 295 295 295 295
 100 135 192 206 284 291 292 293 293 293
 39 135 135 273 279 279 279 297 297 298
 51 110 189 255 279 287 287 291 291 296
 54 124 149 271 283 292 293 293 293 299
 81 118 118 240 279 294 294 295 295 298
 43 144 146 185 185 292 294 295 295 299
 100 100 108 239 244 282 290 290 290 296
 71 151 151 258 285 296 296 299 299 299
 38 90 90 248 289 292 292 292 292 292
 58 58 58 281 284 291 291 295 295 295
 33 78 180 212 230 280 290 299 299 299
 62 140 173 267 269 290 290 298 298 298
 43 43 129 246 283 286 297 298 298 298
 7 60 103 246 279 283 296 297 297 294
 66 106 113 258 290 293 298 298 298 298
 36 83 86 264 264 292 292 292 294 295
 88 88 161 202 244 287 298 298 298 298
 42 44 44 260 260 296 298 298 298 298
 56 56 129 207 265 297 298 295 286 295
 34 34 47 224 224 292 293 293 293 298
 38 52 52 224 272 275 288 296 299 299
 36 36 41 223 267 290 293 298 298 298
 111 120 189 241 247 283 288 281 292 292
 45 137 149 241 242 281 290 290 295 295
 5 149 149 257 262 281 295 295 295 295
 55 56 56 239 245 282 283 295 295 295
 19 25 44 182 182 283 286 295 298 298
 3 35 35 195 255 291 291 298 298 298
 24 37 37 154 250 285 298 298 296 297
 10 42 42 241 254 288 288 298 298 298
 42 109 127 238 267 295 295 293 295 295
 35 38 87 242 257 294 294 295 298 298
 9 46 137 140 275 281 281 299 299 299
 3 3 3 238 264 288 293 299 299 299
 30 40 40 43 248 281 289 294 296 299
 40 40 156 194 194 283 283 291 292 293
 17 56 150 219 230 292 295 298 298 298
 37 55 117 209 209 285 295 295 295 295
 26 58 58 229 259 275 275 275 296 297
 27 27 27 210 213 281 296 296 296 299
 32 32 32 215 228 275 275 298 298 298
 44 46 60 69 224 294 295 295 295 295
 22 35 35 137 260 290 294 295 295 295
 2 2 2 2 205 276 295 297 297 297
 3 27 27 178 184 295 297 298 298 299
 14 92 150 167 256 282 282 292 292 296
 84 110 110 149 272 284 284 296 297 299
 46 88 88 101 261 264 265 294 294 294
 35 35 106 248 270 285 285 290 290 299
 35 38 38 162 223 246 274 297 297 298
 34 34 77 148 255 265 287 288 288 288
 44 44 46 165 250 272 272 293 295 295
 12 37 69 218 218 277 292 296 299 299
 4 37 37 169 233 290 290 299 299 299
 41 44 64 175 212 289 289 295 295 295
 81 81 81 208 275 286 286 286 298 298
 84 84 88 261 265 283 283 299 299 299
 6 74 162 226 254 270 284 296 296 296
 37 37 37 66 261 277 298 298 298 298
 38 41 41 179 246 291 298 298 286 298
 67 67 68 215 223 260 268 294 269 294
 6 43 50 175 272 288 288 299 299 299
 12 41 41 187 190 289 289 289 291 296
 42 59 69 231 233 233 284 296 298 298
 3 142 142 145 252 270 291 292 293 293
 32 49 49 203 255 296 298 299 299 299
 3 3 144 239 241 278 293 296 298 298
 36 136 151 216 262 289 289 289 294 299
 5 5 5 5 269 287 292 294 294 294
 35 35 134 246 248 285 285 298 298 298
 13 66 84 190 227 261 298 298 298 298
 40 86 131 263 267 297 297 294 294 294
 88 90 232 247 247 290 290 295 295 295
 42 43 49 234 234 277 292 294 294 294
 43 111 132 236 240 283 284 297 297 297
 36 56 59 234 244 280 298 298 298 298
 88 89 195 205 251 287 291 298 298 295
 3 3 103 240 245 256 256 281 292 292
 2 2 2 234 271 290 290 299 298 298
 8 37 133 263 264 297 297 298 298 298
 34 79 79 210 275 279 286 295 295 295
 34 36 36 191 256 277 277 294 294 294
 17 19 146 249 254 284 289 291 291 295
 25 97 218 254 255 284 284 296 281 292
 90 95 97 217 257 295 296 298 298 294
 21 71 106 106 235 284 292 299 292 299
 11 40 40 273 273 288 295 295 295 295
# name: avgRateA
# type: matrix
# rows: 100
# columns: 10
 0.0625 0.04970628106642566 0.04117736769864267 0.02564666227009599 0.01824627254717965 0.005941770647653001 0.003353598238930976 0.0007530876594035545 0.0003828950003730772 9.161222377918746e-05
 0.0573224852071006 0.04917299955297273 0.04305705059203444 0.02682563338301043 0.01862106140049983 0.006821489206888188 0.003954685890834191 0.0009302113668032243 0.0004769088520122634 9.743381211778356e-05
 0.06087567314446266 0.04711282918579367 0.04144055254070055 0.02606580166821131 0.01968762304764405 0.006902657523146411 0.00392096694454389 0.0008864718612632995 0.0004511564316272428 9.741854765645767e-05
 0.05772719775688603 0.04873551106427818 0.04356016011302095 0.02559414990859232 0.01839849466861802 0.006716718659044435 0.003824091778202677 0.0009130856588483707 0.0004749884645658606 9.735337885762764e-05
 0.05925925925925926 0.03469812630117974 0.02637130801687764 0.02429368364225301 0.01727789544086501 0.006080194566226119 0.003359175410835993 0.0007924297829902048 0.0004027227990216783 9.535208259874154e-05
 0.06657789613848203 0.03933910306845004 0.02773155851358846 0.01423487544483986 0.01638349514563107 0.006061089401068666 0.003887317420144575 0.0009153056262692715 0.0004682474570748777 9.549414839711083e-05
 0.03992015968063872 0.02219755826859046 0.04373177842565598 0.01649938127320226 0.0139137348439674 0.005727939251112858 0.003529918209212226 0.0008073057324473473 0.00047628397411348 9.73763047679612e-05
 0.05597014925373135 0.03445305770887166 0.02365464222353637 0.007996161842315689 0.01975057840979629 0.006034598363953332 0.00366115169371851 0.0008135309567898843 0.0004129988436032379 9.741192421352297e-05
 0.06309148264984227 0.03971405877680699 0.02779321845469705 0.02433830240340736 0.01678478179783663 0.006811233783719567 0.003780485660529971 0.0009442215567708394 0.0004805716645139018 9.758604001824261e-05
 0.03992015968063872 0.02219755826859046 0.01427551748750892 0.01933301111648139 0.01629889669007021 0.007278844443006647 0.004002810862739168 0.0008755647392568206 0.0004520031600916584 9.748863312381235e-05
 0.0750938673341677 0.05115089514066496 0.03780718336483932 0.01904036557501904 0.01882906737275669 0.006720430107526881 0.004025006422882589 0.0009068054786485896 0.0004605671247186375 9.758347469660501e-05
 0.06765899864682003 0.04042037186742118 0.02815315315315315 0.02331817651859625 0.01515255871616502 0.0070187478553826 0.004097066329796768 0.0009425034430227817 0.0004800768122899664 9.756561835396449e-05
 0.06134969325153374 0.03511852502194908 0.02388059701492537 0.02870470039468963 0.0194221898519058 0.006416901130361815 0.003501714942446172 0.0008315011302614201 0.0004398005846415771 9.343169238788148e-05
 0.07675438596491228 0.05819592628516004 0.04554079696394687 0.02559453983150261 0.01669672076404194 0.005025909429645933 0.00307180803006758 0.0008452695641482757 0.0004308588976279259 8.760043688726978e-05
 0.08706467661691542 0.05372217958557175 0.03777657852131678 0.01258851298190401 0.01834050088540349 0.006696720240428591 0.003666639837594684 0.0009013777655036975 0.0004598222933587964 9.354669144260741e-05
 0.06605019815059444 0.03990422984836393 0.03618272274988693 0.01536312849162011 0.009977741960242535 0.006487503446486206 0.003563347408555597 0.0008845150261797219 0.0004506406444553077 9.158119917616738e-05
 0.05988023952095808 0.03597122302158273 0.02411091018685955 0.008188666885031117 0.004417741650468281 0.007077247402499624 0.004016956685241531 0.0009402608168371929 0.0004794173416014888 9.753838981635513e-05
 0.07215007215007216 0.05131494547787042 0.0375234521575985 0.02988419872992155 0.0199700449326011 0.006930565405196313 0.003817471590909091 0.0009233894548924251 0.0004703595114532541 8.553205413184468e-05
 0.06535947712418301 0.03710575139146568 0.02463054187192118 0.01564055168491398 0.009549578226961643 0.005705272342853307 0.003153721391241665 0.000806190003627855 0.0004110904369597709 8.36050996722083e-05
 0.08368200836820085 0.05460750853242321 0.04141739530602853 0.01383125864453665 0.01103926825421858 0.006691255671247186 0.003665066552245076 0.0007984498388494532 0.000470425892241109 9.557494001179155e-05
 0.06410256410256411 0.03669724770642202 0.02440512507626601 0.01328413284132841 0.009405125793557487 0.005341420128538691 0.002853749919450607 0.0008774824646574862 0.0004763700987349944 9.740588255991406e-05
 0.07960199004975124 0.05287508261731658 0.05063291139240506 0.0211053950666139 0.01883120959136275 0.007188039102932721 0.004031303951554242 0.0009090944258971987 0.0004618288619455966 9.746189339419199e-05
 0.07751937984496124 0.04754358161648178 0.04286326618088298 0.02344665885111372 0.01444460494005489 0.006022383190859361 0.003261696807161236 0.0008890692797572454 0.0004518260155526372 9.163412327259716e-05
 0.06745362563237774 0.05642633228840126 0.04889056036103799 0.02115003304692663 0.01902346227013316 0.007469770771409453 0.004179473560476111 0.0008903995571230029 0.0004521786656207578 9.164987913174093e-05
 0.07518796992481203 0.04705882352941176 0.03267973856209151 0.01803301428769594 0.0122034932499428 0.007057163020465773 0.003935320816098086 0.0009404304484509767 0.0004795862638664049 9.75398071896791e-05
 0.05988023952095808 0.03329633740288569 0.02813731007315701 0.01358900800241582 0.007587253414264036 0.006324689590892447 0.004036964553696017 0.00090940929029312 0.0004619182778114115 9.747100535971178e-05
 0.05988023952095808 0.03177966101694915 0.02028397565922921 0.005327650506126798 0.002787068004459309 0.004426737494466578 0.002335204610627983 0.0008644254356223959 0.0004524041345803952 9.165959459758349e-05
 0.06756756756756756 0.04288164665523157 0.02910360884749709 0.01110582262414723 0.006075861470358476 0.004347599255691007 0.003763676148796499 0.0008333995530652629 0.0004581816622050822 9.348804079102022e-05
 0.07235890014471781 0.04310344827586207 0.02920560747663552 0.01908396946564886 0.01110582262414723 0.004659430168947487 0.002632032746117752 0.000861183035842438 0.0004397528784268964 9.344852288703446e-05
 0.06666666666666667 0.03773584905660377 0.0249221183800623 0.01475361463558572 0.008313934153641504 0.007238850596418342 0.004030632809351068 0.0008917770402307763 0.0004524935839360843 9.742670231290991e-05
 0.05988023952095808 0.05043227665706052 0.03587903639159406 0.01986754966887417 0.01169681846537742 0.006567776247076538 0.003837566285235836 0.0008847583071111487 0.0004507201233797346 9.548786040947979e-05
 0.07863695937090433 0.04830917874396135 0.0364963503649635 0.01394052044609665 0.01741796140179754 0.005974327461422914 0.003206302674972517 0.000906786233827371 0.000461076781056219 9.360787660490207e-05
 0.06734006734006734 0.04288164665523157 0.02922267679719462 0.01121435437359821 0.006114071097912481 0.004712946638970833 0.002503128911138924 0.0009279881217520415 0.0004715123069623703 9.562206335678862e-05
 0.07541478129713425 0.0441696113074205 0.02983293556085919 0.01130673558391213 0.008324315325064514 0.005108034938958982 0.003353187734392235 0.0009162106291885619 0.0004684553854802254 9.740373330619282e-05
 0.07485029940119761 0.04405286343612335 0.02983293556085919 0.009951899154088572 0.005350931953981985 0.006157635467980295 0.003343665561148413 0.0007220878878538963 0.0003652008950383017 9.736535315506467e-05
 0.05988023952095808 0.05010737294201861 0.03598971722365039 0.01742666279407493 0.01705393306331273 0.005871990604815033 0.003765127745405648 0.0009035594474830102 0.0004691485930429173 9.552516351718875e-05
 0.078125 0.04811547714514836 0.03353828954723309 0.01863265013616167 0.01064526695054045 0.005940459621847313 0.00350823535761512 0.0008857958779681384 0.000450949002569429 9.160107730832225e-05
 0.07518796992481203 0.04409171075837742 0.02992220227408737 0.0127044624424329 0.01757839966249473 0.006817312648609101 0.003703670246881239 0.0009098916841707886 0.0004620031868390037 9.364482391186706e-05
 0.05988023952095808 0.0380952380952381 0.02526847757422615 0.00698202129516495 0.005321507760532151 0.006841282251759187 0.003816218039173922 0.0009228799237085931 0.000470185350983569 9.750424939437922e-05
 0.08915304606240713 0.05249343832020997 0.03569303985722784 0.01548946716232961 0.01061917987256984 0.00411625742716014 0.002160943298726922 0.000906506401478184 0.0004611292564928471 9.360890200741303e-05
 0.05988023952095808 0.03151260504201681 0.02027027027027027 0.006945650286508074 0.006849901532665468 0.006916407971562304 0.003814390008072314 0.0009257205673895645 0.0004709220359136918 9.559981915700876e-05
 0.08 0.06518196632265073 0.04983388704318937 0.02009473230945888 0.01326984622589962 0.004621400639886242 0.003474666120223447 0.0008122848412176536 0.000430950893145726 8.760315769563875e-05
 0.05988023952095808 0.03198294243070363 0.02046384720327422 0.005372492836676218 0.002803738317757009 0.003624304586557454 0.003075475794196396 0.0008874141523265685 0.0004514048011807179 9.162017938434426e-05
 0.03992015968063872 0.02219755826859046 0.01427551748750892 0.003703017959637104 0.002786550250789523 0.005643051351767302 0.003026551107442564 0.0007569170574170108 0.0003838620458862784 9.550990049659179e-05
 0.08149010477299184 0.05243445692883895 0.03719447396386823 0.01151315789473684 0.006218353024784578 0.005990176111177669 0.003427684869477368 0.0007413881908567326 0.0004514610654088569 9.161222377918746e-05
 0.06722689075630252 0.03820439350525311 0.02531645569620253 0.01390820584144645 0.01311121394416166 0.005449962531507596 0.002928525670357829 0.0008491257864062681 0.0004318310519895143 9.550558667888077e-05
 0.06837606837606838 0.03868471953578336 0.02557544757033248 0.007012622720897616 0.006947459834997829 0.004649582431731612 0.002600828549666537 0.0009212592077938529 0.0004698066060681396 9.746957059681215e-05
 0.05988023952095808 0.03225806451612903 0.02063273727647868 0.005387931034482759 0.00281083106905275 0.005894590846047157 0.003141428980606296 0.000833071787539571 0.0004228421284496051 8.56810437465491e-05
 0.05988023952095808 0.03151260504201681 0.02032520325203252 0.00536097212294496 0.006912641493130563 0.005894141223623718 0.003338114957461589 0.0008694257732576224 0.0004418934643956616 8.964100570037116e-05
 0.05988023952095808 0.03167898627243928 0.0203942895989123 0.005370569280343717 0.002805573739829796 0.00614158851356959 0.003568911214411264 0.0008504305304560433 0.0004321593332174361 8.765256277168558e-05
 0.08908685968819599 0.0583941605839416 0.04175365344467641 0.01438618925831202 0.007867132867132868 0.007031773805824925 0.003849700529110003 0.0008376253516078511 0.0004240167003414814 8.572938661820099e-05
 0.06802721088435375 0.03861003861003861 0.02552648372686663 0.009981700216270172 0.01126488574187319 0.005657272166220942 0.003259452411994785 0.0007030343744751653 0.0003554470783731188 9.350152467167039e-05
 0.08086253369272237 0.04979253112033195 0.03438395415472779 0.01666414179669747 0.01001669449081803 0.006394184657322183 0.003528166529460191 0.0008167043258105791 0.0004228200920174516 8.568063400481046e-05
 0.076103500761035 0.04496402877697842 0.03033980582524272 0.01006542526421741 0.005399082156033475 0.006463024695557521 0.003771788815748117 0.0008556981719175418 0.0004802311381870001 9.757072782585737e-05
 0.05988023952095808 0.03329633740288569 0.02141327623126339 0.01000834028356964 0.01121525274373148 0.006420762719024044 0.003463077217508589 0.0009426557498153164 0.0004801657257704945 9.756929012566924e-05
 0.05988023952095808 0.03329633740288569 0.02944640753828033 0.008529512111907198 0.006933009792876332 0.006381180690892158 0.003641594289980153 0.0008183337944579317 0.0004142003664687052 9.544601225566567e-05
 0.06884681583476764 0.03883495145631068 0.02560819462227913 0.01272466995387307 0.01814882032667877 0.004865829263457622 0.002546329042297355 0.0009281657704065946 0.0004803257588901926 9.757521605442865e-05
 0.05988023952095808 0.03171247357293869 0.02036659877800407 0.005367686527106817 0.009162848812994586 0.005411822212911561 0.002874869007984717 0.0006085053342362767 0.0003068678003617081 9.758347469660501e-05
 0.07564296520423601 0.04460303300624443 0.03017501508750755 0.01410437235543018 0.01366016543978144 0.004481330775987238 0.002858460119870908 0.0008706571139457987 0.0004422108972557375 9.357585806573127e-05
 0.08010680907877168 0.04926108374384237 0.03409090909090909 0.01536806516059628 0.009938711280437303 0.006561569392802463 0.003980962154319786 0.0008743738511699122 0.0004431676838185691 8.969466143354792e-05
 0.05988023952095808 0.03218884120171674 0.0205761316872428 0.005383097075183923 0.005337128624799858 0.004096316876825532 0.003558845510516388 0.0009157876059594878 0.0004683808756185311 9.549587726392374e-05
 0.0745156482861401 0.04409171075837742 0.02983293556085919 0.01268633047890898 0.006964394532950291 0.006396767948825857 0.003455833537955056 0.0009287620182772626 0.0004713900605441609 9.562025372435908e-05
 0.07220216606498195 0.03976143141153082 0.02597402597402598 0.01269639739723853 0.006965607313887679 0.003985290654493415 0.003906076612366284 0.0009261420972101899 0.0004710722389278396 9.560716926293245e-05
 0.07984031936127745 0.04731861198738171 0.03298515667949423 0.01516990291262136 0.013092029264536 0.005617977528089887 0.0034920265394017 0.0007765995037529171 0.0004687907445080676 9.743495520775917e-05
 0.03992015968063872 0.02219755826859046 0.01427551748750892 0.008421761832575375 0.00450815976918222 0.004570770767381625 0.002462874448133688 0.0007561744552635559 0.0003836637924674009 7.771872040710261e-05
 0.05988023952095808 0.03191489361702127 0.02040816326530612 0.006957731779439903 0.00611193573736139 0.005425271263563178 0.002951267200354152 0.0009064766794409161 0.000469962540069202 8.964738099160761e-05
 0.08483563096500531 0.05536332179930796 0.04430660168365087 0.01536570374923172 0.01183058600836028 0.006576617594981534 0.003761957651105299 0.0008908340918333753 0.0004522524630553979 9.16449308797993e-05
 0.08253094910591471 0.04971002485501243 0.03412969283276451 0.01638123603871929 0.01420029895366218 0.006480218281036835 0.003479885346935412 0.0009030230136375688 0.000468997322806949 9.552196985406233e-05
 0.08888888888888889 0.06625891946992865 0.05104043973301924 0.02003147803691515 0.01146319495619422 0.005062937551284066 0.002689194076354566 0.0009287027183902487 0.0004716860614803474 9.563301785727449e-05
 0.08086253369272237 0.04905968928863451 0.04670912951167728 0.01881876085697742 0.0113544201135442 0.004631031473202358 0.002436647173489279 0.0007875543364470542 0.0004014196548770041 9.146078380301098e-05
 0.05988023952095808 0.03154574132492114 0.02016129032258064 0.005348546978070958 0.007575757575757576 0.005741885364947479 0.003492433061699651 0.0008148346467691807 0.0004132979602761617 9.156049132952004e-05
 0.0900900900900901 0.05792903692976104 0.04106776180698152 0.01422250316055626 0.0078125 0.004404975860732283 0.00359207990187489 0.0009023693916302359 0.0004600513887189526 9.356648774896152e-05
 0.08695652173913043 0.05817711700064641 0.05173688100517369 0.02100252030243629 0.01270244522070499 0.006213431367472687 0.003552397868561279 0.000888828774865468 0.0004517284012448064 9.163618601428609e-05
 0.03992015968063872 0.02219755826859046 0.01427551748750892 0.003683919690550746 0.001903130649919117 0.006118129505919704 0.003971954547024488 0.0009220608829117145 0.0004699763445239923 9.556293336794835e-05
 0.07587253414264036 0.04389815627743635 0.02956830277942046 0.01511944360447536 0.008457374830852503 0.005462521978115771 0.002931879609693527 0.0007571095498692531 0.0003839062559985352 7.967211736818298e-05
 0.06932409012131716 0.04314063848144952 0.02918855808523059 0.01613376356702845 0.0097911227154047 0.005421381228030289 0.003098542773560317 0.0008151651776963044 0.0004407698388055725 8.959715327942506e-05
 0.05988023952095808 0.03329633740288569 0.0245398773006135 0.006918021445866482 0.008981791459132849 0.004665388004769063 0.002489993913348212 0.0009220201461401932 0.0004699583988908982 9.556213430063449e-05
 0.07984031936127745 0.03773584905660377 0.0249221183800623 0.01116249402009249 0.00611193573736139 0.006400157542339503 0.003778658488360853 0.0009451412986241443 0.0004807630985868508 9.759486419973407e-05
 0.07952286282306163 0.04646840148698885 0.03082614056720099 0.008655011251514626 0.006166857545590697 0.007003941753265792 0.003972562832702137 0.0009084741307158969 0.0004616338104531574 9.556443641172265e-05
 0.08557457212713937 0.0532724505327245 0.04209541627689429 0.01412207751451436 0.009887122023564307 0.006247256272582987 0.00337000874380647 0.000903844415683816 0.0004604804868944314 9.358331094966553e-05
 0.05870841487279843 0.03099173553719008 0.01986754966887417 0.005321035828307911 0.007546536978031193 0.005274168878887502 0.003922594142259414 0.0008715947278203353 0.0004787133747632078 8.964036286418888e-05
 0.05988023952095808 0.03095975232198142 0.03465346534653466 0.01601863987185088 0.01269509371966246 0.006832934745473181 0.003748828491096532 0.0008697299198688834 0.0004419763611398669 8.964677378194439e-05
 0.0597609561752988 0.04608294930875576 0.032171581769437 0.02275312855517634 0.01420666965754449 0.005346118028489635 0.003568306303413085 0.0008664293292104133 0.0004411219790496468 9.744350017052613e-05
 0.05988023952095808 0.04531722054380664 0.03172924378635643 0.01490757304710793 0.01501501501501502 0.006501517020638148 0.003527655917868934 0.0008861320336730173 0.0004510763564405368 9.160837420029374e-05
 0.07984031936127745 0.04996431120628123 0.03540718259989884 0.01382276148057134 0.007678525723061173 0.005643533878304888 0.003026329062846767 0.0007916998955342332 0.0004025025843611057 8.16704922320406e-05
 0.075 0.04618937644341801 0.04359889021006738 0.02279346587311637 0.01420773199730801 0.006017054050336955 0.003525519336117589 0.0008866136754377172 0.0004511648389586723 9.161286236621285e-05
 0.07481296758104738 0.04929577464788732 0.03503503503503504 0.01830728066469511 0.01053484602917342 0.002438338178748945 0.002133343227099024 0.0009259848717221582 0.0004709941214046222 9.560448424866328e-05
 0.03992015968063872 0.02219755826859046 0.01427551748750892 0.005285412262156448 0.004444049417829526 0.006190235717660091 0.003394099625755857 0.0008837791935322733 0.0004590534123295886 9.352424218003019e-05
 0.05988023952095808 0.03131524008350731 0.02005347593582888 0.005343783398646241 0.002795117860803131 0.006287643126613276 0.003998574421293278 0.0009079862217920557 0.0004615200309513008 9.361636015608038e-05
 0.08307372793354102 0.05387205387205387 0.04696673189823874 0.02147074610842727 0.01582847686883948 0.006011220945765429 0.003775871304256197 0.0008703977717817043 0.0004787433085852353 9.751047789885218e-05
 0.05988023952095808 0.04078303425774878 0.02802690582959641 0.01110934772258372 0.0114190012180268 0.00655361677725895 0.003584004587525872 0.0008907685396043439 0.0004522351229391351 9.552858553609647e-05
 0.0686106346483705 0.0463678516228748 0.03231017770597738 0.01382276148057134 0.007671980223339869 0.006062691507316195 0.003927931005037999 0.0008868615319954576 0.0004512338794244218 9.749474324261945e-05
 0.05988023952095808 0.03584229390681004 0.02400960384153662 0.006864595846919512 0.01511300405303291 0.006252365203942281 0.003853429552301548 0.0009250640317759495 0.0004691609740172788 9.552803419425985e-05
 0.07267441860465117 0.04230118443316413 0.02878526194588371 0.01248439450686642 0.01436781609195402 0.006527308627470178 0.003642760679508138 0.0008335465661758434 0.0004227423591776383 9.726655183920132e-05
 0.06666666666666667 0.04163197335553705 0.02844141069397042 0.01353790613718412 0.009561752988047808 0.005637445905390392 0.003066212145807406 0.0006634638275618486 0.0004621176590889203 9.555098680281621e-05
 0.07547169811320754 0.04604758250191864 0.04705030763662685 0.01937716262975778 0.01122064598861906 0.005035071879991666 0.003681981958288404 0.0008849472398303209 0.0004679726353001508 9.547872435650324e-05
 0.09009009009009009 0.05443234836702955 0.03789929615592853 0.02484163457955534 0.01501276084671971 0.004327755337564916 0.004033389450056117 0.0009255884717955838 0.0004709030940295374 9.560010476178146e-05
 0.07204610951008646 0.04191114836546522 0.02858776443682104 0.0148434021077631 0.01437504492201538 0.003800285926274453 0.004093577438291498 0.0009101912369886226 0.0004620963048026554 9.550288836548001e-05
 0.05988023952095808 0.03024193548387097 0.02770083102493075 0.01229067445076049 0.01504170654997949 0.004096608720433172 0.002722668941607827 0.0009045141027220101 0.0004606280614615042 9.358157804823075e-05
 0.08072653884964683 0.05235602094240837 0.03802281368821293 0.01377199693955623 0.008984725965858042 0.006495931922633451 0.004028129772914184 0.000921958162306893 0.000478538523816081 9.750197938967342e-05
# name: avgRateB
# type: matrix
# rows: 100
# columns: 10
 0.09693877551020408 0.09323388385721897 0.08645177226133136 0.07405554165624219 0.0655478150728309 0.03102405004871545 0.01883209861171637 0.005373780353605751 0.002820791136616823 0.0005860318516230707
 0.1231126596980256 0.1162176439513999 0.1070736985989293 0.07686084142394822 0.06909799873845977 0.03354951506774875 0.02100436358257525 0.005373855105616224 0.002815031507430352 0.0005907943180208272
 0.1030927835051546 0.0928444152677483 0.08997805413313825 0.07362784471218206 0.06340468408247524 0.03214293884834481 0.02057584465586028 0.005424479295957752 0.002824363824016283 0.0005846149943639151
 0.11071569790431 0.100046533271289 0.09204752220914053 0.07762128325508608 0.06563382431504236 0.03237950119882582 0.02066100931532704 0.005377819239422707 0.002807022903970219 0.0005824812234007671
 0.1180744777475023 0.104826381305962 0.1002232954250402 0.07834865149917131 0.0671020156314274 0.03309463031151874 0.02105248031269759 0.005422863456356094 0.002819237942723441 0.0005828200122947269
 0.1027856398033666 0.09361702127659574 0.09291372297152643 0.07715061141097185 0.06400072624937589 0.03278574974313982 0.02063683328485755 0.005458505318847909 0.002851815290117363 0.0005904610034191258
 0.1138296480439618 0.1048255919031267 0.09760935379475937 0.07566133084893142 0.0625750042859592 0.03314179712243236 0.02107004170861499 0.005452443387590312 0.002850154327754402 0.0005922572369278528
 0.1155933003066761 0.1084321120689655 0.1022012578616352 0.07848312265592444 0.06325321259737667 0.03222740531151337 0.02074630434476842 0.005425077836074377 0.002824426019186948 0.0005911820160453521
 0.130718954248366 0.1239975323874152 0.1128103464552063 0.09022751614683068 0.07522432969749074 0.0353255799490018 0.02158336119064575 0.005508252177799704 0.002856096034065436 0.0005891119028969032
 0.1155956112852665 0.1056561804893549 0.09776670181155948 0.07134026990831359 0.06219656800232678 0.0318675030016046 0.02031706060779489 0.005393011164257004 0.00282932433266398 0.0005895315420147062
 0.1234048520544103 0.105429328522298 0.09695354500758167 0.07500265027032758 0.06361462697698905 0.03281673203789658 0.02025539409951563 0.005355573120193835 0.002782644740705487 0.000589585311807534
 0.1173324130791131 0.1100874453466583 0.1020408163265306 0.07899116991564872 0.06706564515753441 0.03321296420132852 0.02123278398848585 0.005499108701509118 0.002858266432634113 0.0005910186583400468
 0.0539568345323741 0.1054656407535155 0.101647928538426 0.08341305907677589 0.07181467181467181 0.0348088483379666 0.02164311602177518 0.005484810792620233 0.002822153618909768 0.0005844900126507415
 0.1197461381870435 0.1101141924959217 0.1003711642009514 0.07960122106727462 0.06466744085433887 0.0328409078084619 0.02080083203328133 0.005391272027394286 0.002810956012855567 0.0005808967062561981
 0.1159334126040428 0.1084598698481562 0.1034562035405012 0.07883338146116084 0.06797583081570997 0.03392220992862961 0.02100033871514057 0.005415261190628134 0.002830911648867826 0.000590960173448794
 0.118137595552467 0.1052128168340507 0.1042183622828784 0.08497167610796401 0.06956218210830757 0.03357864070854442 0.02109053497942387 0.005360735102314511 0.002788649143855964 0.000585569394028656
 0.1082164328657315 0.09817893903404593 0.09424414927261227 0.07723218102539257 0.06583845151684348 0.03322977478861539 0.02104265266695873 0.00541824005207428 0.002813393288376653 0.0005910258944455426
 0.1129549574675777 0.09867870881418297 0.09401641303481795 0.07661122992945384 0.06437322627535128 0.03276058033028013 0.02094942210947855 0.005488790772877559 0.002841626065128143 0.0005903565456376316
 0.1081216997736988 0.1080027000675017 0.1028386278791294 0.07724748423733767 0.06320248710327628 0.03205233751550477 0.02056375463383927 0.005397206991121137 0.002816807268317602 0.0005908321426122567
 0.1130710085933967 0.1057753331922996 0.09773755656108597 0.07318940437911499 0.06246799795186892 0.03219178082191781 0.02045422485540979 0.005336316763763097 0.002777373409235437 0.0005857750853232865
 0.1185308848080134 0.1079882714725023 0.1034955448937629 0.08338450599528134 0.06908923420038302 0.03470593752931245 0.02178424763390689 0.00541197040973503 0.002839090959156971 0.0005914981342091463
 0.1153262518968134 0.105795227459739 0.09873834339001646 0.0797735460627895 0.06555963885486139 0.03368246204955475 0.02126977652166312 0.005434074625476877 0.002813080438686407 0.0005794126739775846
 0.1182466870540265 0.1057622173595915 0.09509755697655353 0.07898139299567147 0.06849645458492114 0.03447703900289086 0.02155651362282768 0.00546485542215545 0.002835139974224253 0.0005852599794266238
 0.1213235294117647 0.1016419077404222 0.104760796182051 0.08262852243052579 0.06783460154544918 0.03228782287822878 0.02034516626911744 0.005372006992592379 0.002827995452507647 0.0005910094223505532
 0.1156716417910448 0.1047277079593058 0.1005229517722254 0.08183657205909398 0.07001015017047081 0.03390107898951405 0.02130254014426962 0.005481437608180218 0.002853452246327617 0.0005905434962037763
 0.125 0.1069651741293532 0.1094611794654222 0.08123906079719957 0.06653344304690255 0.03390393095926787 0.02115505156989002 0.005481659434432547 0.002853512357719374 0.0005905460708175714
 0.07717750826901874 0.09353078721745908 0.08801914202700392 0.07458387654246126 0.06288032454361055 0.0326070675530873 0.02072771070838352 0.005431691450663965 0.00283536279755796 0.0005824812234007671
 0.1059900433595632 0.09903765299448754 0.09288943690916564 0.0766602287921557 0.06483489458740416 0.03382903061931372 0.02128054615307711 0.005501057753722444 0.002858768216253344 0.0005909853709305799
 0.118538030951597 0.1066015926021063 0.0980727563006044 0.07911297572670063 0.06825232678386763 0.03313512777449957 0.02105111383461899 0.005418103144355338 0.002822542707759305 0.0005847046805312368
 0.1302738712065137 0.1202021581751127 0.1096580847296009 0.08446228466298712 0.06961880849121205 0.03384194514539066 0.02132699725897988 0.00550373995752147 0.002840743893592216 0.0005900092817567546
 0.1295896328293736 0.1095890410958904 0.09511456982274102 0.08466021946533815 0.07221620420520512 0.03472996280608713 0.02175785984433638 0.005532236415853385 0.002871068779439294 0.0005913262753846151
 0.1227531784305129 0.1090555014605648 0.1011844066201271 0.07901668129938542 0.06655782996358156 0.03284090406475297 0.02099611783190423 0.005411265337268577 0.002755938517517073 0.0005846070004211152
 0.1186322400558269 0.09912536443148688 0.08545454545454545 0.07537772991890164 0.06398354708789168 0.03241922948817586 0.02074101340733085 0.005409946546773881 0.002811228410869188 0.0005899632599390001
 0.1155366372757677 0.09778112072207598 0.08770450328891888 0.0805726412718967 0.0683296907579069 0.03361077500336108 0.02116542099345195 0.005509744429760066 0.002847768216430385 0.0005918835933233155
 0.119244783040742 0.1003344481605351 0.08563074352548036 0.0753938738251403 0.06411795783103598 0.03266096789088984 0.02079046335059959 0.005432909943136758 0.00284008600314125 0.0005899783272055439
 0.1364977865223807 0.1251956181533646 0.1146427271624409 0.08601613248625883 0.07155272305909617 0.03461223291708963 0.0213662531901003 0.005212236327617804 0.002779948951759318 0.0005779667209928992
 0.1246882793017456 0.1113278075735414 0.1059819332811722 0.08569803001209018 0.07197026022304832 0.03310751104565537 0.02090511959170139 0.00537912639277639 0.002820958092994079 0.0005844523780277605
 0.07278020378457059 0.108798831690398 0.1042176680422466 0.0830505735983196 0.0706809107586058 0.03378581476716644 0.02079984206221621 0.005426275312654626 0.002824590984863065 0.0005846043358220964
 0.1252276867030965 0.1106063598656923 0.09878285411889222 0.08300340348683753 0.06953708171316662 0.03374497415278576 0.02100201114665044 0.005411096599997066 0.002820496885502168 0.000584423547395462
 0.1060267857142857 0.08468834688346884 0.08158724272204711 0.07605516088591725 0.06228184244747108 0.03283900763535937 0.02060117988575709 0.005399350613695682 0.002831313567977653 0.00058978484727937
 0.05988023952095808 0.09242144177449169 0.08014655369819099 0.07855617773838779 0.06677665174012098 0.03336467243000298 0.0211201672194683 0.005473775472342739 0.00285142906352563 0.000590475745118965
 0.1034037052994399 0.08904933814681107 0.07807554336357882 0.07290631065663021 0.06461952026468155 0.03283372311378901 0.02076843198338525 0.005477780065292198 0.002821702706928043 0.0005875846334550115
 0.0927643784786642 0.09655172413793103 0.0851063829787234 0.08089419978517723 0.06876945986191958 0.03389112476170303 0.02124865351414364 0.005456776107377635 0.002850062787457046 0.0005904307033476034
 0.1221995926680244 0.112463887742468 0.1035213563743071 0.08234154442291725 0.06925531087074935 0.03379229764713969 0.02139883068084551 0.005376975533843749 0.002812196735563898 0.0005840745635527573
 0.1195355191256831 0.1003167898627244 0.09832730560578662 0.08281715204818453 0.06978196529908495 0.03416340332570273 0.02152017333255256 0.005482160677483558 0.002861307252549732 0.0005909114253517261
 0.09018036072144289 0.1007887817703769 0.101398860187995 0.07641921397379912 0.0683433570256971 0.03377769229844575 0.02100965995753208 0.00547590966031046 0.002856479575215693 0.0005922636892640024
 0.05988023952095808 0.03329633740288569 0.02044989775051125 0.07964127961450944 0.06807457259998453 0.0338771717266771 0.02131405127011377 0.005503871117377874 0.002864001134106135 0.0005925869551990389
 0.1179245283018868 0.09844942160964804 0.08602150537634409 0.0457592848781526 0.06389447106714072 0.03212383108123557 0.02046959662853703 0.005370942107090009 0.002816169761757747 0.0005908331933644887
 0.1322751322751323 0.1120448179271709 0.106158557332426 0.08294142796066695 0.06771142368503717 0.03381486659258463 0.02108101665623789 0.005373673432078429 0.002797996174794271 0.0005804842387632713
 0.1052631578947368 0.1026392961876833 0.1036269430051813 0.08316560969126191 0.06966741382443811 0.03329228804670042 0.02113180515759312 0.005481790522020978 0.002853367548210421 0.0005905596464252018
 0.1174603174603175 0.1016447976344483 0.09499066331087115 0.08037534130677229 0.06685005117707267 0.0332967264060565 0.02115863236338338 0.00545229060893769 0.002831613088387603 0.000584913707383336
 0.105050505050505 0.1041479619321243 0.0943089430894309 0.08294096341905106 0.06935332708528585 0.03366137877007442 0.02079520878389619 0.005151057090570569 0.002822386098604254 0.0005876229977043133
 0.1085645355850422 0.08952254641909814 0.07518796992481203 0.07621951219512195 0.06393516434038721 0.0320746963747603 0.02078213859439725 0.00544061640713456 0.002833072677885379 0.0005916172778363349
 0.1109570041608877 0.09364940005853088 0.08010012515644556 0.08043096030825633 0.06741772376474763 0.03299260965543718 0.02053832825476489 0.005434366349236453 0.002840511025090863 0.0005900090481253354
 0.1179624664879357 0.1028622540250447 0.09147735935355999 0.05805148914689551 0.0658146026149552 0.03279822398732694 0.02096853298456858 0.005439753348675282 0.00282825222640974 0.0005847715575043535
 0.102278010227801 0.09009009009009009 0.07835236176404746 0.07095504454112285 0.06545326385217631 0.03313641920998206 0.02098635886673662 0.005428701822571622 0.002825719217381143 0.0005846730438970539
 0.03992015968063872 0.02219755826859046 0.01427551748750892 0.003685956505713232 0.06924038234201371 0.03390080330164345 0.02138626494319953 0.005486081607772872 0.002852691615391856 0.0005889704281319246
 0.05988023952095808 0.0903916973552059 0.07571508693213684 0.07594828689678713 0.0620238657048473 0.03313080491009759 0.02115188764573081 0.005489404344366176 0.002855420843997244 0.0005922451538401354
 0.09817671809256662 0.1096804959465904 0.1069213771473377 0.08118619348565873 0.07046518029176989 0.034208355572808 0.02120587748717872 0.005396544363475745 0.002802709413744218 0.0005861369889271594
 0.1250930752047655 0.1156555567237935 0.1089432504704368 0.07823164969022367 0.06904780037062422 0.03425277097680702 0.02128010310359814 0.005442326962501264 0.002837074546283003 0.0005924142445707909
 0.1105503484739245 0.1025999766818235 0.09601745771958538 0.06734680269387211 0.06919956518280881 0.03311050631482573 0.0202664464124566 0.005415332020637204 0.0028169904768475 0.000582721129289764
 0.124113475177305 0.1042597557342866 0.1012803363271546 0.08232091880767443 0.06947482180994777 0.03391282618784136 0.02117573632121734 0.00536511454519554 0.002785004383981039 0.0005919474556554144
 0.1203576341127923 0.1014686248331108 0.0878003696857671 0.07572216509301673 0.06451799560236084 0.03050860069698511 0.0200311433104023 0.00539136401509582 0.002824157673578721 0.0005893915066706065
 0.113031914893617 0.09563994374120956 0.09666080843585237 0.07146306132303235 0.06477506541011507 0.03217659486631536 0.0207605448377133 0.005324656115959178 0.002764862817683218 0.0005711837783806939
 0.11727078891258 0.1022067363530778 0.08968609865470853 0.07489786654561961 0.06701873843926762 0.03254795438499922 0.02028019474951723 0.005377340657283543 0.002812497020659936 0.0005841012780135963
 0.09426551453260015 0.0929881879869314 0.08694556451612903 0.07774053205905428 0.06547726317054124 0.03232092225476355 0.02048274749402002 0.00540295848483521 0.00284225665672669 0.0005916591884770911
 0.06768189509306261 0.09545923632610939 0.08288530465949821 0.07645329111060846 0.06552121706363713 0.0341433549967034 0.02140395161230801 0.005468218494648827 0.002854439799482764 0.0005921736039111185
 0.1229385307346327 0.1049868766404199 0.09212609759608463 0.07518473964598729 0.06317985397109224 0.03261630137913911 0.02076731268099539 0.005419317386456115 0.00282266398242485 0.0005845413193434431
 0.1249807128529548 0.1150404772049425 0.1060487038491752 0.08587589282027992 0.0705345234431107 0.03453188766269832 0.02144313819577735 0.00534572444846516 0.002857027809043164 0.0005907281060900103
 0.1258050022465179 0.1160541586073501 0.1062673590146118 0.08201357466063348 0.07029550639291209 0.03404920892738976 0.02117185863482659 0.005505158093779172 0.002856722469889763 0.0005922722534909397
 0.08152173913043478 0.1111111111111111 0.1064808728802419 0.08549595218279488 0.07113451144033384 0.03357666049021924 0.02093731338882213 0.005384618183273484 0.002817952643163418 0.0005858947424260239
 0.1190859349855166 0.1005708072845882 0.08650923544540566 0.05538771399798591 0.06423034330011074 0.03262623526224662 0.02089131608280813 0.005475374594629356 0.00285163643740658 0.0005904971569939732
 0.1310344827586207 0.1087244762662424 0.09365006852444038 0.08364095135741322 0.06948563681043979 0.03372661737094643 0.02136170090751387 0.005507320300574018 0.002764150323386258 0.0005908605765331989
 0.115001716443529 0.1044752845782005 0.09519809603807924 0.0810220078384082 0.06764750492947065 0.03171776072609274 0.01964262155704423 0.005319726414070134 0.002589700884734243 0.0005817362134948159
 0.08928571428571429 0.09896432681242807 0.08631106507854308 0.07794753017682954 0.06624452021432051 0.0333263903353468 0.02102542762653584 0.005446424668114189 0.002848270080780369 0.0005919243698826505
 0.09630818619582665 0.09879518072289156 0.08604407135362015 0.07954738812319209 0.06480881399870382 0.03295099537089823 0.02090158895470358 0.005353279393023325 0.002789325414588651 0.000585640645360163
 0.1163434903047091 0.102076124567474 0.09195095948827292 0.07936507936507936 0.06711602719207282 0.03077288816102277 0.02049653579676674 0.005417356037423681 0.00283252729871947 0.0005896782948719953
 0.05988023952095808 0.1128686113981401 0.1075676085145065 0.08090614886731391 0.06704088962196388 0.03245699448231094 0.02064005447272108 0.005367656925839937 0.002798183186452591 0.0005803533936214211
 0.1292929292929293 0.1055806938159879 0.09315589353612168 0.07479183553164838 0.06464697680314362 0.03331720000450233 0.02118252512759273 0.005498729223447023 0.002862567100391856 0.0005925418599116102
 0.05870841487279843 0.03095975232198142 0.09926926788914932 0.08046054403447347 0.06814839950231874 0.03356879792308157 0.02107337562393015 0.005416265631232823 0.002832411532287115 0.00058966289289011
 0.1265377855887522 0.1181992004171737 0.1097463478450469 0.08561575964168219 0.06968085106382979 0.03399960000470582 0.02131834410315423 0.005391358529073227 0.002824337721624052 0.0005910845472312137
 0.07407407407407407 0.04332755632582322 0.02929115407147042 0.008510638297872341 0.06541351555090824 0.03317880718141987 0.02088548744724984 0.00540911491057482 0.00281859737391091 0.0005827959815622382
 0.1082251082251082 0.09157509157509158 0.09584436020313283 0.07837889504874786 0.0669347655933713 0.03319241116662591 0.02089059923034635 0.005473242639131481 0.002851022589092064 0.0005904753941175573
 0.09665427509293681 0.1032217704097591 0.09356204054355091 0.08232949129040644 0.06715380291690086 0.03243485068784253 0.02131997853693436 0.005504654943106251 0.002859525337985339 0.0005908391382948223
 0.1208459214501511 0.1096379398266191 0.100792490574748 0.07945139266509577 0.06831439975437519 0.03419570999274637 0.02161273186386162 0.0053188217543428 0.00279075860222862 0.0005817362134948159
 0.1288056206088993 0.1177702172206229 0.1047640550914428 0.08581156197887715 0.07254251226174042 0.03463596407414486 0.02159425146133512 0.005458454683724184 0.002833274746974159 0.0005851414534834363
 0.1126005361930295 0.09658580413297395 0.08420690840350575 0.0761743546339399 0.06502528761184906 0.03199870618949703 0.02059470744230661 0.005396525298506778 0.002811922551618864 0.0005825134225754463
 0.1207186973610331 0.1090266182103919 0.1019856292976899 0.08162700608743775 0.06857534716269501 0.03292880164760364 0.020673790874414 0.005483377243430563 0.002849306237102572 0.0005888187483061548
 0.1056338028169014 0.09289980092899802 0.08368794326241134 0.07355483607330336 0.06290443166877208 0.03187541267275335 0.02052468816937689 0.005450019843193053 0.002844757388970933 0.0005902057144192603
 0.1262553802008608 0.1156444906444906 0.1072902338376891 0.08568443051201671 0.07046800864707038 0.03372780369713137 0.02115025402109211 0.005453740204313945 0.00284576525301527 0.0005844711368340051
 0.05988023952095808 0.03125 0.09250112258643915 0.0785931820414579 0.06657427787288389 0.03168865892605154 0.01948887383238046 0.00521151131973642 0.002780203050035086 0.0005781559991604858
 0.03992015968063872 0.02219755826859046 0.01427551748750892 0.08446738620366025 0.07061521223649582 0.03456949063643625 0.02156759208989967 0.005518855474280103 0.00285924548541449 0.0005908205128916838
 0.08056394763343404 0.0940040650406504 0.09840917499075101 0.07971387870154274 0.06859459038116766 0.03382880574064583 0.0214646555898444 0.005501697587560994 0.002858779186168881 0.0005908046997919099
 0.1156856073494386 0.1031196971674716 0.0953070334177826 0.07945215845030457 0.06688231145268381 0.03357360320573759 0.02091820688545453 0.005411721973242245 0.002820634422831267 0.0005844563149613288
 0.119047619047619 0.09769335142469471 0.08356545961002786 0.07290076335877863 0.06397441023590564 0.03240941159952732 0.02036150866282959 0.00541814636735401 0.002817792345955893 0.000582762827026082
 0.09815242494226328 0.07483261126427727 0.09501496811141481 0.07560346136329134 0.06466559739300899 0.0326549384845349 0.02059167212927865 0.005352452563659238 0.00278623275479907 0.0005844551570341854
 0.1039933444259567 0.09924288929813792 0.1002022430593859 0.083404478886189 0.07096738283424246 0.03325332240501142 0.02088619231476374 0.005439396668002014 0.002702076367793942 0.0005780006995392028
 0.1233214579336805 0.1122798723555135 0.103721129170231 0.0826068750237923 0.06823491928632115 0.03379578182817995 0.02137153254104634 0.005497049486357909 0.002857534638018444 0.0005827504672409996
 0.1076371091747822 0.1028687337003767 0.09752507130370779 0.06964062807962683 0.0650843326778741 0.03194313222657129 0.02048605264634899 0.005412479838965149 0.002798258946283011 0.0005916840098682603
 0.08870967741935484 0.09111617312072894 0.07982438635002993 0.07569665881048107 0.06602016879881985 0.03318048802967811 0.02090404688175395 0.005435864173416966 0.002827208672917833 0.0005848907453827832
