# Created by Octave 3.0.1, Wed Sep 09 01:18:04 2009 PDT <jwawerla@daneel>
# name: prtA
# type: matrix
# rows: 100
# columns: 10
 463.2 542.5 554.1 636.4 674.9 1491.6 1548.9 2341.2 2408.2 2116.4
 361.3 434.2 508.5 749.8 1202.3 1337 2054.2 2209.4 2670.3 2830.4
 397.2 703.5 894.1 1164.2 1284.9 1988.4 2053.1 2497.2 2565.9 2726.2
 482.9 838.3 910.2 1434.7 1488.3 1633.1 1699.9 3219.9 3288.7 3449.2
 458.4 537.8 560.7 1370.8 1418 1863.4 1378.5 1741 2418.6 4227.6
 259.4 295.4 321.3 1121.4 1171.3 1311.8 1235.1 1385.7 2054.1 2213.2
 134.3 752.8 777.8 925.1 1418.7 1561.7 1628.3 2770.6 2839.3 2999.7
 330.1 477.5 506.8 1376.6 1429.1 1867.2 1933.7 2082.5 2628.7 2255.5
 579.7 649.6 807.6 1216.5 1270.9 1950.5 2017.1 1701.5 2468.7 3153.2
 74.8 87.7 182.9 614.5 798 1249.2 1314 1801.3 1870 3475.3
 74.8 146.9 216.9 551.2 598.1 1524 1825.6 1979.5 2048.1 2134.2
 117.4 132.9 201.8 787.7 924.2 1058.8 1123.5 2072.3 2141 2226.3
 91.90000000000001 197.5 252 851.7 944.2 1704.4 1904.2 2056.5 2125.1 2295.9
 63.1 69.09999999999999 90.09999999999999 208.6 243.8 1342.9 1425.8 2429 2495.9 3074.2
 40.1 40.1 40.1 72.40000000000001 463.5 1169.1 1588.5 2306.9 2375 2563.3
 83.2 89.09999999999999 95.8 152.6 394.7 861.6 933.8 1809 1876.9 2085.8
 72.09999999999999 77.5 83.8 222.1 315.3 1384.9 1457.4 2113.2 2207.4 2366.3
 59.5 64.3 69.40000000000001 166.8 192.7 880.4 1388.7 1540.6 1608.6 2735.5
 63.8 69.09999999999999 74.7 96.3 563.8 816.4 1033.5 1609.4 2157.2 2731.5
 102.6 109.8 163.9 196 569.9 1415.2 1483.6 1870.6 1965 2644.1
 62 67.09999999999999 71.7 204.8 433.1 831.8 1390 2111.9 2179.1 2338
 64.2 69.40000000000001 74.3 168.3 289.9 1043.9 1113.6 1957.4 2418.9 2809.4
 70 75.8 139.4 221.4 249.3 641.6 1125.1 2083.6 2857.7 3016.1
 90.7 124.4 131.3 163.2 288.3 962.4 1208.3 1662.2 1729.7 1910.1
 40.1 71.2 75.40000000000001 150.3 630.6 967.7 1033.9 1355.3 1422.7 2939.8
 91.8 101.1 106.7 250.4 583.7 843.1 1403.2 1664 1731.4 2713.6
 41.2 105.5 111.3 411 553.6 969.9 1238.7 1382.2 1679 1856.9
 40.1 40.1 40.1 70.3 129.1 868.8 1464.4 1614.1 1681.7 3009.3
 69.8 77 120.8 147.7 439.1 861.6 1515.7 1815.3 1882.6 2057.2
 51.6 57 60.6 205.3 476.1 579.7 861.4 1748.8 2039.3 2213.6
 52.3 58.1 61.8 195.4 247.7 941 1089.5 2063.6 2130.9 2298.9
 40.1 40.1 77.09999999999999 148.4 462.1 611.8 1027.7 1964.7 2032 2199.8
 71.3 79 84 154.2 227.9 1110.1 1729.8 1879.9 1947.2 2606.4
 40.1 47.2 63.9 138.5 593.8 742.3 1612.1 2089.8 2157.1 2574.5
 41.5 46.4 49.7 63.5 126.1 796.5 863.2 1699.2 1766.7 3259.1
 67.2 74.59999999999999 128.2 188.4 363.3 943 1007.4 1755.4 1822.9 1982.1
 40.1 44.5 47 59.2 71.5 837 1502.2 1764 1836.1 2009.1
 40.1 68.40000000000001 71.7 166 188.8 852.7 1100.3 2358.5 2430.1 2601.6
 40.1 47 49.3 62.1 117.4 1038.8 1230 1751.9 1823.4 1994.7
 66 73.09999999999999 76.7 124.5 281.3 824 1252.2 1777.7 1838.4 2050.5
 40.1 87.8 92.2 159.7 267.4 1161.6 1443.1 1913.5 1981.1 2617.7
 60.3 67.09999999999999 70.5 118.5 137.1 710.5 771.4 1758.7 1826.1 1985.3
 40.1 40.1 85.09999999999999 164 347.7 932.4 1046.1 1836 1904.1 2072.8
 63.8 70.90000000000001 74.59999999999999 91.90000000000001 334.6 856.5 916.7 2339.9 2406.9 2565.7
 40.1 40.1 40.1 74.09999999999999 108.1 1192.2 1645.4 2031.8 2007.4 2183.6
 75.59999999999999 83.90000000000001 88.09999999999999 193.1 345.9 708.2 767.7 1970.1 2121.6 2280.6
 40.1 40.1 40.1 77.3 147.9 1064.8 1175.2 1333.4 1401.9 2509.8
 49.2 54.6 57.3 71 184.3 392.9 1378.5 1538.5 1606.9 2122
 40.1 43.6 45.8 56.6 66.8 612.6 670.7 1658.3 2078.7 2874.2
 58.3 64.7 67.90000000000001 218 240.6 482.5 817.2 2206.9 2275.2 2956.5
 40.1 46 48.5 75.7 88.8 1159.3 1268.9 1837.1 1905.4 2079
 49.1 54.6 70 85.59999999999999 154.4 763.1 821.6 1817.4 1885.7 2121
 58.9 65.5 69.09999999999999 131.6 308.2 940.2 998.7 1680.5 1748.8 1924.2
 50.1 55.7 59.4 104.9 248.7 840.3 1056 1214.6 1282.9 2674.1
 81.8 90.09999999999999 108.4 129.9 148.4 1121.5 1180.4 1339.4 1407.5 1579.8
 40.1 40.1 72.90000000000001 122.2 139.7 1079.4 1138 1621.5 1689.6 1861.5
 40.1 45.1 48.2 176.5 197 1123.7 1181.7 1340.7 1875 1858.5
 40.1 54.3 58.1 71.2 138.7 844.1 1365.9 1831 1901.1 2134.2
 58.6 65.3 69.7 128 201.3 933.4 1152 1311.2 2074.4 2233.4
 47.1 63.6 67.59999999999999 83 194.6 701 759.2 2089.5 2156.7 2315.7
 65.3 73 77.59999999999999 151.4 208.6 943.5 1306.9 1466 1535.5 1708.5
 67.5 75.40000000000001 80.09999999999999 198.1 220 838.7 1115.3 1274.4 1987.4 2160.3
 65 72.8 77.5 164.9 279.6 952.8 1279.4 1438.9 1704 2280.1
 78.59999999999999 87.90000000000001 93.2 129.7 148.2 666.3 1330.5 2080.1 2149.6 2319.6
 83.59999999999999 93.40000000000001 98.90000000000001 172.4 316.9 793.2 1025.7 1683.8 2280 2450
 40.1 40.1 74.59999999999999 150.5 169.7 976.1 1362.9 1636.7 1706.2 1966.7
 85.40000000000001 95.59999999999999 101.4 139.6 158.5 1070.8 1183.4 1990.5 2060.1 2553.9
 80.59999999999999 147.2 154.7 199.1 221.1 725.6 1526.8 1687.7 1757.3 1922.7
 56.9 64.40000000000001 68.90000000000001 132.2 423.8 1014.7 1073.7 1648.7 1719.8 1882.8
 57.4 65 69.5 216.7 345.4 793.5 1405.8 1932.5 2003.6 2166.6
 68.09999999999999 77 82.3 281.1 326.5 799.5 1046.9 1868.8 1940 2102.9
 40.1 77.8 82.8 169.2 328.3 783.8 1197.2 1658.7 2070 2908.9
 40.1 45.5 48.6 61.2 188 919.8 1168.4 1547.6 1620.7 2408.1
 50 56.9 60.8 109.7 184.2 766.7 824.2 2372.5 2814.2 2977.1
 40.1 89.2 94.8 204.5 226.9 319.1 768.9 1826 1899.1 2062.1
 56.5 64.40000000000001 68.8 234.5 607.9 765.2 1101 1611.7 1684.8 2496.1
 67.3 76.59999999999999 81.7 215.8 238.9 744.1 1073.9 1964.9 2279.9 2717.5
 93.59999999999999 105.1 169.8 216.9 262.8 797.4 983.9 1757.1 1830.1 1992.9
 57.3 65.09999999999999 69.90000000000001 137.4 199.7 1117 1244.9 1576.6 1647.5 3717.1
 40.1 57.3 61.5 78.8 137.6 1142.4 1332.6 1740.7 1811.7 2286.8
 40.1 47 50.5 147.9 168.8 1049.6 1107.9 1772.4 1843.2 2006
 77.3 86.5 92.59999999999999 116.4 134.9 859.7 1105.7 1825.4 1896.3 2059
 60.7 79.59999999999999 85.59999999999999 266.1 356.7 1130.6 1189.2 2328.8 2399.8 2913
 46.8 52.7 56.9 139.1 182.3 1228.6 1286.9 1769.1 1840 2002.7
 84.5 95.09999999999999 161.3 257.5 376.2 846.5 904.9 1574.2 1645.1 1808
 63.7 72.2 77.7 115.4 134.2 779 1130.8 1287.9 2152.5 2316.6
 65.8 136.3 144.7 203.9 401.6 1178 1234.9 1703.5 2097.4 2261.2
 56.9 64.7 69.8 105.7 123.3 1011.8 1068.7 1225.7 1698 1861.2
 40.1 46.7 50.4 190.5 257.4 750.3 807.2 964.1 2736.6 1937.2
 50.1 57.1 61.6 78.5 610.5 833.9 1082.5 1663.3 1737.4 2994.4
 56.5 64.3 69.09999999999999 105.5 123.5 907.6 1289.4 1448.2 2109 2268
 40.1 40.1 40.1 192.9 217.2 975.8 1091.9 1693.1 2024.2 2971.7
 40.1 91.09999999999999 97.40000000000001 386.2 459.2 1108 1165.1 2011.2 2310.3 2470.3
 40.1 40.1 63.2 166.3 368.7 799.3 856.4 2071.2 2147 2307
 57.5 65.59999999999999 70.40000000000001 168.7 318 517.5 1472.6 1629.8 1705.7 2349.6
 40.1 45.6 49 63.7 389 1019.5 1076.7 2219.2 2030.7 2194.7
 40.1 40.1 40.1 45.1 54.5 1062.9 1597.6 2072 2190.6 2349.6
 50.1 57.5 62 287.5 339.8 899.4 956.8 1837.8 1912.1 2602.6
 48.3 67 72 129.1 150.1 746.2 1420.2 1575.9 2042.8 2691.9
 40.1 45.1 48.5 116.9 137 1211.7 1269.2 1793 2434 2597
# name: prtB
# type: matrix
# rows: 100
# columns: 10
 319.7 464.1 1078.3 1736.2 2265.7 3616.5 3671.9 4679.5 4925.2 5015.4
 359.2 1304.9 1654.7 2882.6 2921.6 4120.2 4182.3 5081.5 5149.8 6098.3
 397.7 873.7 1928.6 2943 3347.1 4067.9 4131.2 4434.9 4503.4 4663.7
 1188.1 1971.8 1988.2 3109.7 3440.8 3870.4 3934.6 4088.6 5277.5 5437.6
 800.6 2409 2427.2 3520 3601.6 3832.3 4169.5 3810.9 4148.2 4305.7
 1292.4 2622 2711.3 2901.5 3457 3659.7 4305.9 4461.2 4530 4690.4
 900.1 2294.6 2394.9 3671.4 3719.6 4215.8 4281.7 4437 5200 5360.5
 1400.8 2223.1 2476.7 3570 3997.5 4198.7 4768 5154.3 5223 5383.5
 563.4 884 1506.9 2902 3508.5 4547.3 4610.8 4763.6 4832.1 4999.1
 1415.3 1819 1832.1 2631 3001.4 3593 3924.1 4348.5 5425.1 5585.6
 660.8 952.9 1019.2 2896.7 2985 3477.2 3563 4149.2 4217.4 5440
 307.5 1159.2 1227.4 2648.1 3056.2 3431.2 4008.6 4161.6 4229.7 4214.2
 441.6 728.2 776.5 2837.6 2871.7 3821 3896.9 4462 4530.1 4713.5
 616.9 1017.8 1113.7 2728.7 3352.6 3655 4010.6 4162.3 4230.3 4641.8
 325.8 482.7 508.1 2279.4 2981.8 3187.3 3625.2 4106.8 3935.9 4264.1
 358.4 369.9 803.7 1916.1 2974.9 3797.7 3868.6 4283.6 4351.6 5490.9
 418.6 716.2 1616.5 2059.4 2384.5 3665.2 4257.9 5644.2 5712.1 5900
 40.1 48.2 1841.8 2752.5 2855.1 2999.9 3594.2 3745.9 3813.8 4779.7
 344.2 693.2 1693.6 2320.6 2352.6 3606.9 4536.5 5162.3 5230.2 5243.5
 62.2 67.09999999999999 71.59999999999999 1232.1 3122.3 3666.9 4010.1 4374 4441.8 5227.1
 518.9 638.9 983 1823.1 2616.7 3899.6 4273.3 5247.9 5315.4 5496.1
 669 729.4 1416.3 2762.3 2792.8 3343.7 3408.9 4335.3 4266.2 4248.8
 791.8 1167.3 1492.8 2024.5 2094.6 3468.7 3878.7 4293.2 4235 4392.6
 757.5 1045.2 1054.3 2362.6 3035.6 3761.9 3826.5 3970.6 4814.1 4989.2
 40.1 334.3 343.2 1994.2 2876 3740.1 3804.8 3886 4092.5 4250.2
 115.4 125.4 390.8 3008.4 3125.5 3665.3 3031.7 3785.2 5330.9 5509.4
 294.2 790.7 812.2 2682.1 2908.8 3518 3955.2 4633.4 4700.6 4737.3
 398.5 689.6 698.3 2970.5 3131 3684.1 3899.1 4049.5 4116.8 4620.7
 502.5 552.4 573.9 2276 2863.2 3196.2 3264.5 4828.6 4895.9 4928.4
 297 370.7 379.5 2436.8 3162.7 3875.3 4099.9 4834.8 4902.1 5076.8
 447.2 462.8 471.9 2385.9 3120.9 3365.8 3495.6 4514.2 4581.5 4756.2
 359 375 384.7 2757.9 2883.8 3698.6 4377.8 4515.9 3775.9 4612.5
 242.5 1213.3 1315.4 1467.8 1908 4081 4274.8 4622.8 4690.1 5993.2
 301.6 1372.2 1382.2 1854.8 1954.4 3394.5 3460.6 3723 4994.5 5166.9
 318.4 356.2 1765.4 2571.3 2601.5 3519.5 3700.4 3728.3 3794.1 3951.9
 280 1102.6 1275.9 2025.3 2765.6 3505.5 3570.3 3911.6 5037.9 5219.4
 284.8 299.6 718 1854.1 3103 3295.1 3662.7 4502.8 4574.4 4746
 697.2 713.7 721.3 2199.4 2402.1 3366.1 3428.6 4044.1 3993.9 4151.6
 687.4 815.4 823.1 2720 2805.3 3035.4 3739.6 4308.2 4376 4546.2
 478.9 494.9 502.7 563.8 3126.2 3406.3 3467.7 3933.3 4001 4170.2
 315.6 331.2 1292.8 1437.2 2701.6 3579.1 3640.2 4441.4 4509 4677.8
 665.9 907.4 915 2583.9 3019.5 3299.7 3360.2 4815.1 4901.2 5459.1
 171.2 258.3 438.6 1889.3 1916.6 3606.7 3740.2 4609.9 5219.5 5387.7
 301.3 713.6 721.1 1171.8 2496.1 3569.8 3974.6 4491.6 4900.2 5072.5
 282.8 328.1 335.8 1642.6 2461 3068 3688.4 5095.5 5166.7 5614
 360.6 376.7 396.4 2345 2583.9 3437.1 4157.6 4458.9 4530 4697.6
 309.3 336.6 796.1 2168.6 2606.6 3470.4 3676.9 3834.9 3903.3 4576.5
 325.4 341.8 349.5 1799.2 2559.8 3495.6 3555.1 4588.4 4673.2 4848.2
 40.5 1208.7 1215.7 1287.3 1899.2 2902.6 4091.4 4152.9 4360.4 4751
 131.5 196.6 202.8 2377.9 2806.5 3672.5 3931.5 4346.9 4415.3 4585.4
 100.2 387.3 395.2 2478.5 2691.1 3490.4 3548.9 4593.1 4661.4 4834.5
 283.4 328 335.8 1635.3 2512.6 3617.4 3941.8 4100.3 4168.6 4323.7
 88.09999999999999 335.2 344.4 1616.5 2833 3753.8 3812.4 4141.9 4210.2 4382.5
 319.6 1187.3 1197.2 1427 2961.8 3164 3222.8 3647.3 4857 5029.2
 747 855.1 1074.3 1231.4 2736.1 3483.6 3542.4 4139.9 4223 4554.2
 326.4 371.8 610.4 1829.1 2356.8 3859.4 3918 4332.9 4398.2 4555.5
 365.9 401.8 662.6 2234.4 2486.8 3970.4 4079.3 4239.4 4307.5 4479
 662.4 678.5 688.5 1858.7 1902.3 3448.9 3941.3 4101.1 4169.2 4418.3
 328.9 344.5 354.3 1891.7 2532 3390.7 3448.9 4307.1 4375.2 4431.2
 77.40000000000001 570.6 592.7 1848 2798.5 3628.9 4066.1 4388.5 4685.3 4714.4
 206.7 341.9 351.8 2771.4 2975.8 3755 4016 4345.1 4386.4 4554.1
 367.3 383.2 1037.4 1704.6 2732.1 3356.6 3415 4489 4881.5 5054.8
 305.9 494.5 1136.9 2103.9 2128.8 3561.5 3948.1 4107.4 4175.1 4348.2
 343.3 961.1 1159.8 2311.8 2461.4 3570.8 3629.1 3874.2 5222 5269
 348.2 364.2 1302.3 2301.6 2326.7 3463.2 3848.7 4805.1 4884.2 5053
 40.6 253.5 262.6 1866.8 3126.6 3996.7 4055.6 4299.1 4368.7 4869.3
 67 75.09999999999999 841.8 2628.1 2737.2 3441.5 3500.2 4679.6 4749.1 4919.5
 801.2 906.4 1373.5 1877.1 2316.4 3152.9 3456.8 4485 3589 4610.9
 239 255.2 264 2277 2374.4 3875.6 4252.7 4311.6 4376.8 4534.1
 90.09999999999999 420.8 1255.1 1334.6 3025 3318.8 3377.4 4595.9 4665.4 4835.4
 40.1 40.1 40.1 78.09999999999999 2233.5 3623 3681.6 4971.4 5040.8 5210.2
 285.5 716.6 726.7 2079.8 2125.2 3552.3 3611.3 4766.4 5064.7 5116.2
 639.1 658 668.2 1926.5 2903.6 3287.4 3346.3 3507.1 3467.6 4349.1
 302.1 320.4 367.8 694.2 3065.7 3491.3 4268.7 4429.7 4500.9 4663.8
 226 919.5 2066.4 2538 2583.4 3407.6 3583.2 4407.4 4262.2 4306.7
 398 852.5 862.4 2124.8 2150.1 2936.7 3834.4 4136.4 4209.4 4372.4
 40.1 46.1 49.2 2808.5 2932.2 3707 3764.9 4332.6 4405.6 4568.5
 133.9 1301.5 1312 2584.5 2647.8 3264.4 3322.4 4131.1 4204.1 5018
 40.8 1573 1632.9 2524.9 2551.8 2740.8 2971.5 3787.2 3858.1 4020.9
 353.5 529.8 651.9 2452.3 2479.8 3001.6 3868.4 4650.2 5210.7 5373.5
 414.9 907.2 1001.3 2484.3 2512.1 3089.5 3561.3 4342.6 4095.2 5849.8
 281.3 299.2 1404.8 2373.9 2440.2 3363.3 3420.1 4862.2 4808.7 4965.7
 293.7 311.9 772.5 1585 2953.3 3791.7 3848.5 4108.1 4180.6 4343
 40.1 40.1 40.1 2267.7 2834.9 3383.7 3440.5 4172 4244.4 4470.3
 575.5 606.4 617.8 2160.5 2304.8 3208.2 3655.5 5275.4 5347.7 5383.7
 272.6 312.8 323.7 2118.3 2999.9 3445.3 3600 4258.1 4330.4 4494.5
 58.8 1323.2 1334.8 2683.2 2734.3 3320.9 4186.6 4343.8 4416.1 4580
 40.1 40.1 40.1 1952.1 2566.8 3767.8 3896.5 4163.7 4235.9 4399.7
 301.8 462.8 680.6 1211.6 2973.7 4031.5 4088.3 4495.5 4488.7 4653.9
 40.9 46.6 1260.5 2473.5 2540.7 3287.9 3910.8 4490.2 4564.7 4729.8
 320.2 733.5 1197.1 2861.3 2911.6 3689.9 3746.9 3785.2 4697.5 4739.3
 124.7 590.1 798 1813.1 2923.3 3058.7 3990.2 4147.5 4223.3 4383.3
 685.5 717 1640.9 1890.9 2561.8 3509.3 3758.7 4639.1 4714.9 4049.5
 425.5 1348.4 1359.9 2294.3 2323.1 3936.9 3994.2 4385.9 4460.4 4464.7
 573.8 790.5 802.1 2126.3 2766.4 3728.8 3849.9 4210.6 4284.9 4306.7
 40.1 317.2 379.5 2344.9 3079.6 3755.1 4351.8 4507.6 4581.8 4743.6
 40.1 45.4 1009 2591.1 2682.9 3083.1 3140.4 3920.1 3994.1 5189.7
 335.6 1124.5 1135.6 2503.3 3024.7 3752.9 3810.4 4267.5 4344.5 4504.1
 509.1 848.6 1353.5 2499.2 2912.2 3507.5 3565 3595.5 3661.3 4216
 136.1 1282.9 1533.1 2270.4 2322.6 3592.9 4112.1 4269.2 4343.2 4367.7
# name: collectedA
# type: matrix
# rows: 100
# columns: 10
 25 29 29 30 30 45 45 49 49 46
 21 23 25 28 38 38 48 48 49 49
 17 31 37 42 43 48 48 49 49 49
 17 26 27 39 39 39 39 48 48 48
 22 24 24 44 44 48 42 43 44 49
 14 14 14 41 41 41 41 41 48 48
 5 35 35 36 42 42 42 49 49 49
 20 24 24 46 46 48 48 48 49 48
 32 33 37 43 43 48 48 45 48 49
 5 5 10 27 31 38 38 41 41 48
 6 10 13 23 23 45 47 47 47 49
 9 9 12 35 37 37 37 47 47 47
 6 12 14 37 38 48 49 49 49 49
 5 5 6 10 10 38 38 48 48 49
 2 2 2 3 21 38 43 47 47 47
 7 7 7 9 20 33 33 41 41 41
 6 6 6 13 16 45 45 49 49 49
 5 5 5 10 10 32 39 39 39 43
 5 5 5 5 31 36 38 45 48 49
 9 9 13 13 30 48 48 44 44 48
 5 5 5 12 22 31 43 47 47 47
 5 5 5 9 13 34 34 43 49 49
 6 6 11 14 14 26 32 41 46 46
 8 10 10 10 15 39 42 46 46 46
 3 5 5 8 34 40 40 42 42 48
 8 8 8 16 30 35 46 47 47 49
 3 8 8 26 31 42 45 45 46 46
 2 2 2 3 5 33 39 39 39 49
 6 6 9 9 25 35 46 47 47 47
 4 4 4 12 27 27 31 48 49 49
 4 4 4 11 12 34 35 42 42 42
 3 3 5 8 22 23 30 47 47 47
 6 6 6 9 11 37 46 46 46 49
 3 3 4 7 30 31 46 48 48 49
 3 3 3 3 5 34 34 43 43 49
 6 6 10 12 20 36 36 46 46 46
 3 3 3 3 3 33 46 47 47 47
 3 5 5 10 10 32 36 48 48 48
 3 3 3 3 5 37 40 44 44 44
 6 6 6 8 15 34 42 47 44 44
 3 7 7 10 15 40 44 46 46 48
 5 5 5 7 7 27 27 48 48 48
 3 3 6 10 19 38 39 46 46 46
 6 6 6 6 19 38 38 48 48 48
 3 3 3 4 5 39 47 49 49 49
 7 7 7 13 20 29 29 44 44 44
 2 2 2 4 7 44 45 45 45 49
 4 4 4 4 10 15 46 46 46 47
 3 3 3 3 3 25 25 42 45 47
 5 5 5 14 14 19 27 45 45 47
 3 3 3 4 4 42 43 48 48 48
 4 4 5 5 8 30 30 49 49 49
 5 5 5 8 17 38 38 48 48 48
 4 4 4 6 14 33 36 36 36 47
 8 8 9 9 9 43 43 43 43 43
 3 3 5 7 7 40 40 46 46 46
 3 3 3 11 11 42 42 42 45 46
 4 4 4 4 7 33 43 49 49 49
 5 5 5 8 11 37 40 40 46 46
 4 5 5 5 11 31 31 45 45 45
 6 6 6 10 12 39 45 45 45 45
 6 6 6 13 13 34 39 39 46 46
 6 6 6 11 16 38 42 42 43 44
 8 8 8 9 9 25 40 47 47 47
 8 8 8 12 19 32 36 45 49 49
 3 3 5 9 9 38 46 47 47 45
 8 8 8 9 9 39 40 48 48 49
 8 13 13 14 14 29 48 48 48 48
 5 5 5 8 25 41 41 47 47 47
 5 5 5 14 20 33 45 49 49 49
 6 6 6 18 19 35 39 46 46 46
 3 6 6 11 19 31 40 43 45 49
 3 3 3 3 9 34 39 42 42 46
 4 4 4 6 9 31 31 46 49 49
 4 7 7 13 13 13 23 48 48 48
 5 5 5 15 35 37 42 45 45 48
 6 6 6 14 14 29 35 46 47 48
 9 9 14 15 16 36 39 46 46 46
 5 5 5 8 10 40 41 43 43 49
 4 5 5 5 7 43 45 47 47 48
 3 3 3 8 8 37 37 45 45 45
 7 7 7 7 7 35 38 46 46 46
 5 6 6 16 19 39 39 48 48 49
 4 4 4 8 9 44 44 48 48 48
 8 8 13 17 22 35 35 39 39 39
 7 7 7 8 8 33 41 41 47 47
 6 12 12 14 22 39 39 42 44 44
 5 5 5 6 6 37 37 37 43 43
 3 3 3 11 13 31 31 31 49 46
 4 4 4 4 32 35 39 43 43 47
 5 5 5 6 6 38 44 44 49 49
 2 2 2 12 12 34 35 41 42 49
 3 7 7 24 26 42 42 47 48 48
 3 3 4 9 18 27 27 48 48 48
 5 5 5 10 17 21 47 47 47 48
 3 3 3 3 19 34 34 48 47 47
 2 2 2 2 2 37 46 48 48 48
 4 4 4 17 18 32 32 44 44 48
 4 5 5 7 7 25 43 43 45 47
 3 3 3 6 6 40 40 44 48 48
# name: collectedB
# type: matrix
# rows: 100
# columns: 10
 37 49 112 175 217 288 288 298 299 299
 40 128 160 248 248 289 289 296 296 299
 49 88 184 255 277 298 298 299 299 299
 133 204 204 267 278 284 284 284 298 298
 87 242 242 293 294 295 298 295 298 298
 140 260 265 270 289 290 298 298 298 298
 100 213 218 282 282 290 290 290 296 296
 139 206 224 282 292 293 297 298 298 298
 56 82 140 244 273 298 298 298 298 298
 162 199 199 256 270 284 289 291 296 296
 78 106 110 270 272 285 285 290 290 298
 36 136 141 258 280 289 298 298 298 298
 52 83 86 264 264 292 292 295 295 295
 66 106 113 250 285 293 298 298 298 294
 38 52 53 224 272 275 288 296 297 298
 41 41 87 190 259 289 289 291 291 296
 48 78 180 212 230 280 290 299 299 299
 3 3 198 275 279 280 295 295 295 298
 37 69 171 218 218 277 295 299 299 299
 5 5 5 119 269 287 292 294 294 298
 61 71 106 178 235 284 292 299 299 299
 84 88 155 265 265 283 283 299 298 298
 97 135 166 204 206 284 291 293 293 293
 87 116 116 228 268 293 293 293 299 299
 3 35 35 195 257 291 291 293 294 294
 11 11 40 268 273 288 269 297 299 299
 35 85 86 248 258 279 289 294 294 294
 45 75 75 270 277 291 293 293 293 294
 58 61 62 229 265 275 275 296 296 296
 36 41 41 222 267 290 293 298 298 298
 56 56 56 239 276 282 283 295 295 295
 37 37 37 245 250 285 298 295 286 295
 26 138 146 154 185 292 294 295 295 299
 40 156 156 194 197 283 283 296 299 299
 42 44 198 260 260 296 298 298 298 298
 36 136 151 216 262 289 289 281 292 292
 34 34 79 186 275 279 286 295 295 295
 90 90 90 236 247 290 290 295 295 295
 77 88 88 259 262 265 285 294 294 294
 58 58 58 60 284 291 291 295 295 295
 35 35 134 142 248 285 285 298 298 298
 84 110 110 248 276 284 284 296 296 297
 19 26 44 182 182 283 284 295 298 298
 38 81 81 118 232 285 294 293 295 295
 35 38 38 162 223 246 274 297 297 298
 42 42 43 220 234 273 292 294 294 294
 38 39 90 215 248 289 292 292 292 294
 37 37 37 175 233 290 290 298 298 298
 3 142 142 145 190 254 291 291 292 293
 14 19 19 221 249 284 288 291 291 294
 10 42 42 241 254 288 288 298 298 298
 38 41 41 179 245 291 298 298 298 288
 8 37 37 163 264 297 297 298 298 298
 39 135 135 152 273 279 279 281 297 297
 92 101 124 133 256 284 284 299 299 298
 41 44 65 175 212 289 289 295 295 295
 44 46 69 215 228 294 295 295 295 295
 88 88 88 201 202 287 298 298 298 294
 43 43 43 205 246 286 286 298 298 298
 7 59 60 175 246 283 294 296 297 299
 22 35 35 247 260 290 294 295 298 298
 44 44 110 165 250 272 272 293 295 295
 37 55 117 209 209 285 295 295 295 295
 43 111 130 232 239 283 283 284 298 298
 45 45 149 241 241 281 290 298 298 298
 3 27 27 179 267 297 297 298 298 299
 6 6 86 247 252 282 282 299 299 299
 111 120 172 212 241 283 288 295 283 295
 27 27 27 211 215 284 296 296 296 296
 9 47 137 140 275 281 281 299 299 299
 2 2 2 4 209 272 272 296 296 296
 40 88 88 211 212 290 290 299 298 298
 81 81 81 208 275 286 286 286 286 298
 37 37 40 66 261 277 298 298 298 298
 25 97 218 254 255 281 284 296 298 298
 50 96 96 215 215 261 293 294 294 294
 3 3 3 261 266 293 293 299 299 299
 14 150 150 254 256 282 282 292 292 296
 3 201 205 278 278 280 284 297 297 297
 42 59 69 233 233 250 284 296 298 298
 51 103 110 255 255 279 287 297 294 299
 32 32 148 228 230 275 275 298 298 298
 34 34 83 148 255 287 287 288 288 288
 2 2 2 234 271 290 290 299 299 298
 67 68 68 215 223 260 268 294 294 294
 34 36 36 191 256 275 277 294 294 294
 5 149 149 262 263 281 295 295 295 295
 2 2 2 205 248 295 296 297 297 297
 40 56 76 129 265 297 297 299 295 295
 3 3 136 239 241 278 293 295 295 295
 40 86 131 266 267 297 297 297 298 298
 13 66 84 190 260 261 298 298 298 298
 88 89 189 205 251 287 291 298 298 295
 50 150 150 230 230 295 295 298 298 294
 74 95 95 217 257 295 296 298 298 298
 3 34 38 209 258 281 295 295 295 295
 3 3 103 242 245 256 256 281 281 292
 42 127 127 244 275 295 295 294 294 294
 64 99 151 253 276 296 296 296 296 288
 14 147 169 224 225 286 295 295 295 295
# name: avgRateA
# type: matrix
# rows: 100
# columns: 10
 0.05283178360101437 0.0489451476793249 0.0443357284818835 0.02639915522703273 0.01791151710549883 0.006932035245548093 0.003896474988959988 0.0009361650095909151 0.0004784773094342055 9.161222377918746e-05
 0.05655803932130353 0.04750103263114416 0.04108463434675431 0.02240358457353176 0.01725468828043409 0.00599652832570617 0.003982014567536626 0.0009193746719939321 0.0004772558373745864 9.744836429937409e-05
 0.04174852652259332 0.0411413404114134 0.03721959561412333 0.02523735127989424 0.01881920434154668 0.00686852498425963 0.003982377977449785 0.0009333831137660676 0.0004777416275779767 9.746856241031401e-05
 0.03448975451410023 0.02926939097151863 0.02672738071668976 0.02015816405644286 0.01567335128400916 0.005879603805158975 0.00333336182360533 0.0009019182674150082 0.0004647168567326339 9.534229074154849e-05
 0.04696840307429548 0.04083021435862538 0.03632510973210231 0.02351935001069061 0.01819685690653433 0.006993618323280007 0.003691171947093202 0.0008310624069886551 0.0004296094654681864 9.7178337718919e-05
 0.05196733481811433 0.04053271569195136 0.03323047709470686 0.02528678919452325 0.01888269700179616 0.006495769827941316 0.003649277710033733 0.0007978873499825828 0.0004703387712987523 9.557693824057193e-05
 0.03465003465003465 0.04359740906826109 0.03987240829346093 0.02526138516595327 0.01736470004547898 0.006400780285596721 0.003611877918526354 0.0009285473350691484 0.0004764715434663597 9.741556505898512e-05
 0.05880623346074684 0.04549763033175355 0.03955174686882004 0.02451241607161889 0.01893705487629163 0.006989748369058714 0.004022222780864275 0.0009216147458359333 0.0004774492905006105 9.556888874288086e-05
 0.05426488044768526 0.04716981132075471 0.04076685764654032 0.02505097582289543 0.0189352239200317 0.006905977987195166 0.003994308110941908 0.0008703809367233059 0.0004684357272025506 9.738584590140737e-05
 0.0589622641509434 0.03631082062454612 0.03534817956875221 0.02422611036339166 0.01724137931034483 0.006080778339627472 0.003358670673501856 0.0007914859279593368 0.0004024737410425052 9.533734822741056e-05
 0.07075471698113207 0.05078720162519045 0.0410224045440202 0.02187975646879756 0.01439209060759652 0.006897608828939301 0.003974428358814774 0.0009042026183399225 0.0004605671247186375 9.758347469660501e-05
 0.07064364207221349 0.04920721705850191 0.03976143141153082 0.02718024384561622 0.01922877039808752 0.006106819832310028 0.003326291185328359 0.0009025912049208504 0.0004601482264712505 9.358331094966553e-05
 0.05888125613346418 0.04848484848484848 0.03977272727272727 0.02737293778205223 0.01954531426807941 0.007159477358152855 0.004116194284370222 0.0009412849500062432 0.000479803691746691 9.755206044883106e-05
 0.06839945280437756 0.04198152812762385 0.03156233561283535 0.01411233418007338 0.008039877793857534 0.005990950511595643 0.003325806508078209 0.0009155238513036679 0.0004683114153834446 9.740113883796863e-05
 0.03992015968063872 0.02219755826859046 0.01427551748750892 0.005241090146750524 0.01434916296549368 0.006159731565382309 0.003710575139146568 0.0008985430220487163 0.0004590964590964591 9.352055750986991e-05
 0.07510729613733905 0.0503235082674335 0.03575076608784473 0.01379098988660742 0.01434000143400014 0.005629862153678176 0.003018163858859683 0.0007913682950838657 0.0004024464819797226 8.165934985614012e-05
 0.0730816077953715 0.04705882352941176 0.03264417845484222 0.01800304666943637 0.01216452520337566 0.007047878588544849 0.003927592647546564 0.0009402608168371929 0.0004794173416014888 9.753838981635513e-05
 0.07194244604316546 0.04374453193350832 0.0295159386068477 0.01499700059988003 0.008384338056510439 0.0054418066798177 0.003424447039609437 0.0007566850211289741 0.0003838257785266207 8.553205413184468e-05
 0.06775067750677508 0.04198152812762385 0.02862049227246709 0.008385041086701326 0.0198235068423072 0.006189395502372602 0.003444056736303077 0.0008719341825326394 0.0004698640918114436 9.746753485707579e-05
 0.07992895204262877 0.05632040050062578 0.04926108374384237 0.01867816091954023 0.01910949742021785 0.007482229704451927 0.004179873907137134 0.0008482647202847086 0.0004315206198205266 9.549500332342506e-05
 0.06944444444444445 0.04269854824935952 0.029120559114735 0.0170261066969353 0.01535133626404299 0.005315682979526047 0.003775241439859526 0.0009019053229684582 0.0004599766488450182 9.356250174185509e-05
 0.0673854447439353 0.04187604690117253 0.02868617326448651 0.01346700583570253 0.01007830064346073 0.005625506709244031 0.003059314713504175 0.00082760107318688 0.0004784273215197586 9.745243426236661e-05
 0.075 0.04769475357710652 0.04594820384294068 0.01940670917660105 0.011206275514288 0.004608621667612025 0.00287637863929313 0.0007871959695566359 0.0004472197997816401 9.14483651716118e-05
 0.07944389275074479 0.0573394495412844 0.04323389537397319 0.01507840772014475 0.01164325079562214 0.006540990205286462 0.003747223040068521 0.0008903995571230029 0.0004521786656207578 9.164987913174093e-05
 0.05988023952095808 0.04125412541254125 0.02850627137970353 0.01230201445486699 0.02085122040966516 0.006702749803106724 0.00362519145542374 0.0008178318498772278 0.0004141084786739063 9.543885769231228e-05
 0.07858546168958742 0.05294506949040371 0.03870343492985003 0.02132196162046908 0.01894298162530782 0.005989971076996799 0.004033955380945699 0.0009097243728708579 0.0004620009161379869 9.747100535971178e-05
 0.05859375 0.05144694533762058 0.03786086133459536 0.02854006586169045 0.01995365602471679 0.007035293723512957 0.004004021817469992 0.0008757896703527682 0.0004524041345803952 9.165959459758349e-05
 0.03992015968063872 0.02219755826859046 0.01427551748750892 0.005260389268805892 0.004428305730227615 0.005622955288985823 0.003401835246502216 0.0007556074793515726 0.0003835498423020072 9.741370586985172e-05
 0.07518796992481203 0.04724409448818898 0.04076086956521739 0.01389532190829088 0.01737196859148079 0.005971065920567763 0.003994546575544691 0.000907067989570648 0.0004613152785657217 9.361483113876267e-05
 0.06493506493506493 0.03738317757009346 0.024906600249066 0.01701403658017865 0.01829144366912811 0.004838969837088015 0.002854144032997588 0.0009275577404693441 0.0004802071358780391 9.756804674345737e-05
 0.06420545746388444 0.03700277520814061 0.02472187886279357 0.01581823410986483 0.009617696561673479 0.00572294226561185 0.003156138689751567 0.0008067056446346392 0.0004112369517942171 8.361555241311497e-05
 0.05988023952095808 0.03329633740288569 0.0282326369282891 0.01233806292412091 0.01504685042062786 0.004098506717987099 0.002720422209526919 0.0009044601431356286 0.0004606397992786577 9.358824913908767e-05
 0.07380073800738007 0.04651162790697674 0.03260869565217391 0.01375726077652094 0.008958384233243749 0.00605554737238343 0.003921635492506266 0.0008866632356654504 0.000451213961737056 9.749179477221141e-05
 0.05988023952095808 0.0308641975308642 0.02440512507626601 0.01096319498825372 0.01882293888819174 0.005398533688591679 0.003961385106914339 0.0009214855883493505 0.000469864551754112 9.749798288611937e-05
 0.05825242718446602 0.03112033195020747 0.02004008016032064 0.005323868677905945 0.004440103010389842 0.005865608556887777 0.00312983283010531 0.0008317343401832137 0.0004225350728676473 9.736535315506467e-05
 0.07772020725388601 0.04815409309791333 0.04382120946538125 0.01743172574084834 0.01467028533704981 0.006057546693589096 0.003270527099950942 0.0008887961449433295 0.0004517647798285062 9.163673366042335e-05
 0.05988023952095808 0.03174603174603174 0.02040816326530612 0.00536480686695279 0.002799813345776948 0.00565358917252013 0.00399923492897011 0.0009079669268217293 0.0004615259225363108 9.362380084345085e-05
 0.05988023952095808 0.04222972972972973 0.029120559114735 0.01501501501501501 0.008411843876177659 0.005467561979940882 0.003243155590389449 0.000916756591575389 0.0004686122536246669 9.550307838255987e-05
 0.05988023952095808 0.03092783505154639 0.02009377093101139 0.005337128624799858 0.004474673348845534 0.006127045108299662 0.003561887800534283 0.0008502103304419741 0.0004321207109564207 8.765032778234511e-05
 0.07894736842105263 0.0487408610885459 0.03395585738539898 0.01281024819855885 0.01170686022008897 0.005837912087912088 0.003732603402001386 0.0009077266854263515 0.0004320570629546419 8.764058595699039e-05
 0.05988023952095808 0.05079825834542815 0.03642039542143601 0.01515840533575868 0.01183525327442007 0.006491820306413918 0.003845111901495224 0.0008860893601856935 0.0004510639716574934 9.550001919948303e-05
 0.07112375533428165 0.04269854824935952 0.02932551319648094 0.01131770412287793 0.006156010904933604 0.004728132387706856 0.002506637948641774 0.0009273803244671911 0.0004713919122896781 9.562032991802748e-05
 0.05988023952095808 0.03329633740288569 0.03241491085899514 0.01506024096385542 0.01409809304741411 0.006405501989076934 0.003530657879251501 0.0008874141523265685 0.0004514048011807179 9.162017938434426e-05
 0.08130081300813008 0.04962779156327543 0.03436426116838488 0.01013684744044602 0.014236475348419 0.00648851703235721 0.003480905401815567 0.0009170823788352671 0.0004687184164348301 9.550990049659179e-05
 0.05988023952095808 0.03329633740288569 0.02141327623126339 0.006967427277477791 0.004512228138254671 0.006298246180678918 0.004035928349391176 0.0009417317870994276 0.000480357307411031 9.757387537147769e-05
 0.08177570093457945 0.05227781926811053 0.03721424774056353 0.01875631222045881 0.01485994501820343 0.005080410637328755 0.00269323996768112 0.0008466406645359543 0.0004308588976279259 8.760043688726978e-05
 0.03992015968063872 0.02219755826859046 0.01427551748750892 0.006928806513078123 0.006098092168307343 0.007254979554148529 0.004026773570047963 0.0008766222381529374 0.0004437786668691613 9.751053611292755e-05
 0.06756756756756756 0.03824091778202677 0.02542911633820725 0.007005253940455342 0.008443806467955756 0.002781434849524375 0.00404271213253065 0.0008925366473607109 0.0004527251594133863 9.360274992930004e-05
 0.05988023952095808 0.03205128205128206 0.0205761316872428 0.005389867049946102 0.00281214848143982 0.004454263621138153 0.002342864104510482 0.0008130348850039587 0.0004408363351022299 9.346273879232619e-05
 0.07320644216691069 0.04359197907585004 0.02977963073257892 0.01949860724233983 0.01128486216346929 0.003465572275421797 0.002496024849314055 0.0008619550289329571 0.0004399893620349801 9.344744525620009e-05
 0.05988023952095808 0.03125 0.0202020202020202 0.006948063227375369 0.003673769287288758 0.006818956699624957 0.003815811658635714 0.0009259777263774401 0.0004710250879737482 9.56024848679192e-05
 0.06768189509306261 0.03824091778202677 0.02941176470588235 0.008538251366120218 0.00693000693000693 0.005205531745067759 0.002772233311155467 0.0009456283024621073 0.0004809310825758669 9.758604001824261e-05
 0.07256894049346879 0.04329004329004329 0.02956830277942046 0.01266624445851805 0.01299495489986241 0.006397091007036801 0.003454953767263404 0.0009287835837501572 0.0004717500353812526 9.563196992693318e-05
 0.06655574043261231 0.03784295175023652 0.02509410288582183 0.009918994875185981 0.01121166012653159 0.005650394671506601 0.003256150506512301 0.0007029245566693873 0.00035544005947697 9.349994360162977e-05
 0.08714596949891068 0.05710206995003569 0.04318618042226487 0.01428798221939991 0.007836990595611285 0.007024422118761742 0.003846016242710458 0.0008375633529024492 0.0004240317530754628 8.57291302400934e-05
 0.05988023952095808 0.03329633740288569 0.02891844997108155 0.01125040180006429 0.006141967184346757 0.006579596670724085 0.003591309032142216 0.0008911015758937652 0.0004523569765246396 9.165875445715601e-05
 0.05988023952095808 0.03154574132492114 0.02024291497975709 0.01626016260162602 0.009189640768588136 0.006858598559694303 0.0037561372599873 0.0008180644206253519 0.0004417177914110429 9.165930237307926e-05
 0.07984031936127745 0.03835091083413231 0.02530044275774826 0.007002801120448179 0.006147361025731097 0.005646720624219298 0.003783246377321638 0.0009453801778858212 0.0004808584009397347 9.758347469660501e-05
 0.0728862973760933 0.04336513443191674 0.02946375957572187 0.01273885350318471 0.009156746857570966 0.006235884990056292 0.003586800573888092 0.0007795568998581207 0.0004506516815185787 9.159088184895708e-05
 0.07005253940455342 0.04401408450704226 0.02983293556085919 0.008576329331046312 0.009208103130755065 0.005437642518856341 0.002881255111904231 0.0008638977145106019 0.0004404997420629288 8.958509558829238e-05
 0.0796812749003984 0.04878048780487805 0.03378378378378379 0.01535155050660117 0.009928843289756744 0.00656179019096492 0.003979870698423087 0.0008743636575603311 0.0004431947446952051 8.969351725155144e-05
 0.07741935483870968 0.04784688995215311 0.03331482509716824 0.0186219739292365 0.01065573770491803 0.005823214071625533 0.003508677228684786 0.0007606134835317429 0.0004510361083820159 9.160421482940806e-05
 0.08 0.0488599348534202 0.03380281690140845 0.01654384117912468 0.01250390747108471 0.006383550598037898 0.003723602319272302 0.0008165026857106198 0.0004227955635963187 8.760052409004458e-05
 0.09029345372460497 0.0580130529369108 0.04140786749482402 0.01429252024773702 0.007838355687162514 0.004412050191482978 0.003530294338290455 0.0009024560244699991 0.0004601094864786548 9.356592894245019e-05
 0.08547008547008547 0.05578800557880056 0.04022121669180492 0.01784651992861392 0.01442782291745767 0.005523717461851827 0.003265098814587736 0.0008706790135400261 0.0004790770434102464 9.752214150661757e-05
 0.05988023952095808 0.03329633740288569 0.0286368843069874 0.01383551114527287 0.007694280584765324 0.006358662003647863 0.004048262327398816 0.0009102053384511405 0.0004621153872625268 8.964738099160761e-05
 0.08385744234800838 0.05494505494505494 0.03972194637537239 0.01407129455909944 0.007768666378938282 0.006424194504842854 0.003576729795947565 0.0009232455929448649 0.0004703111206044281 9.750197938967342e-05
 0.08830022075055188 0.06592292089249494 0.05104043973301924 0.02002574738950079 0.01146507247563672 0.005064971356713707 0.004164208626852206 0.0009286542059329396 0.0004717106291145697 9.563225572383955e-05
 0.07473841554559042 0.0437062937062937 0.02960331557134399 0.01265422334704207 0.01755864587722995 0.006816632583503749 0.003702466203707884 0.0009099938623818219 0.0004620536021502205 9.364736149555234e-05
 0.07418397626112759 0.04347826086956522 0.02949852507374631 0.01953397516394586 0.01486546751895347 0.005696038664020023 0.003945361132055621 0.0009435324700332162 0.0004803752024438353 9.757717856982126e-05
 0.0768245838668374 0.04724409448818898 0.03291278113000548 0.02304442452950967 0.01432340746324915 0.006035003017501509 0.003530402194280748 0.0008868529829107285 0.0004512458308809103 9.161468694962725e-05
 0.05988023952095808 0.04694835680751173 0.03282275711159737 0.01643753735803945 0.01430399759090567 0.005359798056640963 0.003572321651841532 0.0008323864131307989 0.0004408739100617224 9.743315340014861e-05
 0.05988023952095808 0.03141361256544502 0.02018842530282638 0.005345687811831788 0.007575757575757576 0.005743437278286428 0.003491995272375632 0.000814780901535668 0.0004133016206343786 9.155903338341879e-05
 0.06666666666666667 0.03741814780168382 0.02487562189054726 0.009840905363293422 0.007600067556156055 0.005375691469991503 0.002863952994216662 0.000878323547663373 0.0004765878643222434 9.741994218027024e-05
 0.07984031936127745 0.05028735632183908 0.03593429158110883 0.0184528034066714 0.01059581057950933 0.002444022485006862 0.002135779884667886 0.0009261760506309575 0.0004710542095072478 9.560570295985298e-05
 0.07518796992481203 0.0437062937062937 0.02962085308056872 0.02042205582028591 0.021767522855899 0.006417817248317492 0.003783442933069093 0.0008718953260597888 0.0004425440183783613 9.552312943324337e-05
 0.0776196636481242 0.04739336492890996 0.03302146395156852 0.01955853590388377 0.01130034708208895 0.005048658623631204 0.003160584798490143 0.000885212903325129 0.0004595233276528429 9.548106043652748e-05
 0.08687258687258688 0.05802707930367505 0.05189028910303928 0.02092342028176873 0.0126702565726956 0.006209680201469624 0.003550651407969847 0.0008887669517805287 0.0004517328373437716 9.163476216496288e-05
 0.07429420505200594 0.04344048653344917 0.02942907592701589 0.01255098839033574 0.008335417187630241 0.006539153179663234 0.003646097341906109 0.0008337114117642497 0.0004230305713372193 9.727682463033318e-05
 0.07984031936127745 0.04659832246039142 0.03095975232198142 0.008638562543192813 0.006153305203938116 0.007000520969002345 0.00397084517233468 0.0009083758047339909 0.0004616365309684447 9.556293336794835e-05
 0.05988023952095808 0.03092783505154639 0.01993355481727575 0.01234758450378145 0.006844626967830254 0.006116106850039672 0.003330962648205331 0.0008691889887275845 0.0004418557154527744 8.964036286418888e-05
 0.08018327605956473 0.05128205128205128 0.03634475597092419 0.01135626216742375 0.006167944312274209 0.00597300203082069 0.003421666351513187 0.0008875956577276779 0.0004514393555016227 9.162269773074479e-05
 0.07072135785007072 0.0462962962962963 0.03232758620689655 0.02088500195796893 0.01400456991228717 0.006361530682151828 0.003485503878740213 0.000917276910611365 0.0004687509155291319 9.743235907602309e-05
 0.07042253521126761 0.03894839337877312 0.02549394518801784 0.01251760287904866 0.007612281146917027 0.007064187778955142 0.003898324606402112 0.000927194021143887 0.0004713275726630008 9.561701560569296e-05
 0.08465608465608465 0.05513439007580979 0.04975124378109452 0.02244224422442244 0.01598604853945648 0.005986487642179081 0.003209566341736284 0.0007561920495131287 0.0003836879495420832 7.77189682109492e-05
 0.09497964721845319 0.05728314238952537 0.03939223410241981 0.0129996750081248 0.007053429730206313 0.005710330507008133 0.003683472886045927 0.0007994088274232324 0.0004600964244634248 9.356648774896152e-05
 0.079155672823219 0.0644122383252818 0.04903964037597058 0.01988918880522801 0.01569634703196347 0.006312722563936549 0.00347132595750741 0.0008123241173228118 0.0004309610234932525 8.760382048225106e-05
 0.07473841554559042 0.04359197907585004 0.02944640753828033 0.009905894006934125 0.005341404789459628 0.006154562693369706 0.00334275931229503 0.0007222936924239201 0.0004228205077779307 8.568106081920659e-05
 0.05988023952095808 0.03102378490175801 0.0199468085106383 0.01593048515568429 0.01033879433752187 0.005391023077056849 0.002868458064993708 0.0006082713125513843 0.0004769478452664386 9.16449308797993e-05
 0.06655574043261231 0.03734827264239029 0.02475247524752475 0.006914433880726016 0.01986960571251164 0.005999417199472052 0.003519061583577713 0.000832312299059487 0.0004226567614269679 9.344040410787874e-05
 0.07518796992481203 0.04374453193350832 0.02956830277942046 0.00990916597853014 0.00534045393858478 0.006432392172794366 0.00389746133541198 0.0008552291430992728 0.0004798793446219236 9.755747927401308e-05
 0.03992015968063872 0.02219755826859046 0.01427551748750892 0.01731851638043008 0.009858692080184028 0.005689614779611098 0.003155455783048892 0.0007931426051059039 0.0004116670358601195 9.742098809933044e-05
 0.05988023952095808 0.04961020552799433 0.03546099290780141 0.02708192281651997 0.01781798245614035 0.0068762278978389 0.003761721793803907 0.0009036515212108162 0.0004691609740172788 9.552803419425985e-05
 0.05988023952095808 0.03329633740288569 0.02450980392156863 0.0135074290859973 0.01315116533937313 0.004655734312761885 0.002487012269260529 0.0009218147459632197 0.0004699110106023672 9.555909035709237e-05
 0.07407407407407407 0.04325259515570935 0.02934272300469484 0.01495438911320473 0.01289833080424886 0.0038060715903942 0.00409671739623102 0.0009103269817043644 0.0004621176590889203 9.555098680281621e-05
 0.05988023952095808 0.03138075313807531 0.02013422818791946 0.005321979776476849 0.013678905687545 0.005648309660270787 0.003069506260889976 0.0009192021325489476 0.0004606456684115664 9.358919956741877e-05
 0.03992015968063872 0.02219755826859046 0.01427551748750892 0.00366905155017428 0.001896633475580844 0.006102690131785119 0.003966337863006139 0.0009218005838070364 0.0004697105213199648 9.555098680281621e-05
 0.06655574043261231 0.03720930232558139 0.02469135802469136 0.02158730158730159 0.01343484102104792 0.005424280435298506 0.002920560747663552 0.0008488014537653989 0.0004317446112875703 9.550288836548001e-05
 0.0686106346483705 0.04273504273504274 0.02906976744186046 0.01112700683516134 0.006086427267194158 0.004350701333054889 0.00376525805152274 0.0008337227270876513 0.0004409914271266566 9.349663282817964e-05
 0.05988023952095808 0.03154574132492114 0.0202020202020202 0.009726049602852975 0.005277044854881266 0.006439461017112868 0.003549497746068931 0.0008495356515359218 0.0004685944120116367 9.550395247086632e-05
# name: avgRateB
# type: matrix
# rows: 100
# columns: 10
 0.1122232332423415 0.09531219607080334 0.095052193838581 0.07825775869779091 0.06644823468169153 0.03342424418267278 0.02106510433809492 0.005449940105524008 0.002849649083346994 0.0005920611529866218
 0.1083423618634886 0.09447191674662336 0.09118367812161624 0.0733163838467451 0.06323949408404733 0.03168790158110567 0.02037751281526974 0.005373855105616224 0.002815031507430352 0.0005907943180208272
 0.1201864115771401 0.09526902674028363 0.09070294784580499 0.07406331687481847 0.06372064134710496 0.03286317670022828 0.02108808876811594 0.005492799656102978 0.002861150929060681 0.0005924737602486567
 0.1110090977380853 0.1009001879513305 0.09769179197394887 0.07396736570906171 0.06260133309313637 0.03201659451659452 0.02038092230849827 0.005250644313219421 0.002830614328797701 0.0005895881113712158
 0.1073279052553664 0.09841398942659618 0.09575815131370688 0.07288557213930348 0.06389082058414464 0.03340013360053441 0.02103108790006705 0.005482160677483558 0.002861307252549732 0.0005909114253517261
 0.1074938574938575 0.09730538922155689 0.09426244086365737 0.07937674555343231 0.06484182185326452 0.03348845802972389 0.02083056640966315 0.005471785417875479 0.002850856213527217 0.0005904610034191258
 0.1098780353807274 0.09084705280218375 0.08737825163333199 0.06760320276166276 0.05975082634121535 0.03146769678161419 0.02030570590335884 0.005327259033378033 0.002813688212927757 0.0005857204906200623
 0.09852565920045364 0.0906251374774537 0.08693289866883999 0.06928746928746929 0.05842921460730365 0.03185232695924424 0.02011105092091008 0.005403023880277693 0.002832080438687359 0.0005896512252576509
 0.09766306243460063 0.08779443254817987 0.08712427655734643 0.07172251616696061 0.06055229011866475 0.03121301310318101 0.02039587154707477 0.005441570678333784 0.002842640756027972 0.0005901000615644662
 0.1136602820458851 0.106474050294275 0.1029967392992081 0.08176301501117854 0.06747638326585695 0.03305015710462004 0.02075538095819478 0.005354333606263282 0.002807680523898009 0.0005854597124601651
 0.1162790697674419 0.1056934888822415 0.09828448892065761 0.07948891571230901 0.06825595984943539 0.03361959137451045 0.0210130502101305 0.005355573120193835 0.002782644740705487 0.000589585311807534
 0.1133858267716535 0.112471055243136 0.106222690974838 0.08195419459356437 0.06903012671958976 0.03427744567795805 0.02127264680267835 0.005502053115122153 0.002859069919610246 0.0005910186583400468
 0.1151461470327724 0.1066563865330249 0.09811751283513977 0.07909875359539789 0.06818710127334246 0.0331028228092053 0.02101188034741561 0.005416620763100878 0.002822153618909768 0.0005844900126507415
 0.1052799489551763 0.09926952612848848 0.0931037323885639 0.07743054480131323 0.06547810504066534 0.03385326400924321 0.02126961015231325 0.005501982005934016 0.002859053461421487 0.0005825914539778512
 0.1131625967837999 0.09761591890369814 0.08715671764512416 0.08059293372670361 0.06831081420463107 0.03358860674459224 0.02113730440654082 0.005470661728285539 0.002857530458676935 0.000590960173448794
 0.1112920738327905 0.09764229578471065 0.09627088635609161 0.07863912917511692 0.06515887192130619 0.03284949475431078 0.02083844079431233 0.005360735102314511 0.002788649143855964 0.000585569394028656
 0.1119925338310779 0.1018010963194988 0.1048645499563064 0.08283191372978041 0.06795686216575565 0.03231316068873193 0.0203396012035433 0.005373426161217163 0.002828436858221528 0.0005910258944455426
 0.05988023952095808 0.03054989816700611 0.1019672468843341 0.08455034588777863 0.07237166351067417 0.03500043750546882 0.02170043106618999 0.005488790772877559 0.002841626065128143 0.0005903565456376316
 0.1044607566346697 0.09284176533907426 0.09533898305084747 0.07728852017301284 0.06502416035315875 0.03218348069572088 0.02029374333574107 0.005420368621322896 0.002841389639096001 0.0005917938578131139
 0.06925207756232686 0.04269854824935952 0.02913752913752914 0.0687027307892154 0.06525483346675399 0.03311449307134039 0.02084210676583322 0.005406995990730864 0.002814964889536565 0.0005898337599071784
 0.1153337114766497 0.1030628538249383 0.09787626962142197 0.0766217554130257 0.06497635966488788 0.03191154658636343 0.02045777780891595 0.00541197040973503 0.002839090959156971 0.0005914981342091463
 0.1237113402061856 0.1129073646394663 0.1022225153333773 0.08123103332005027 0.06986922590170849 0.03391780624902621 0.02110538522921343 0.005502868301086034 0.00285806905785384 0.0005909781044595446
 0.1209777999501122 0.110901174730962 0.1042189854344551 0.08080808080808081 0.06656756931428941 0.03353525334466919 0.02096738167119399 0.005396624254971157 0.002810956012855567 0.0005808967062561981
 0.1133550488599349 0.1059167275383492 0.1004938057697306 0.0796478725634039 0.0664089602537417 0.03344023556534542 0.02119119082920479 0.005428881650380022 0.002852669631280524 0.0005920918704796062
 0.05988023952095808 0.09107468123861566 0.07897111913357401 0.07818138080346404 0.06630546955624356 0.03329481356048557 0.02107962447844228 0.005437404891808633 0.0028244109806182 0.0005830438936861106
 0.08771929824561403 0.06271379703534777 0.08149959250203749 0.07638809713829665 0.06617379711550116 0.03323601029393097 0.02064197303498392 0.005521965150264385 0.002838673171880236 0.0005914825718374376
 0.1150558842866535 0.1011062210063043 0.09427757070817802 0.07793595424405267 0.06600491199345067 0.03275416764498709 0.02070912634716808 0.005381323512722986 0.002808006830906413 0.0005824812234007671
 0.1101591187270502 0.1014061654948621 0.09394964299135664 0.07779858809969745 0.06705398208666183 0.03350951739385774 0.02108050161521249 0.00542095671560329 0.002814147188542099 0.0005826158142145179
 0.1131707317073171 0.101261620185923 0.09200178067962606 0.082492795389049 0.06859598260509422 0.03355213391571703 0.02073202910022994 0.005398642314412551 0.002821845277079466 0.0005862217296551352
 0.1172638436482085 0.09745661991918232 0.08550573514077164 0.07559248161263961 0.06414106229130132 0.03267495183261411 0.02078028922190938 0.005434505095304441 0.002840743893592216 0.0005900092817567546
 0.1224846894138233 0.109204368174727 0.09791921664626684 0.0828164524065283 0.06697566065665268 0.03370867101771498 0.02096979756365037 0.005411434085064075 0.002820766579175093 0.0005844405675452822
 0.1002710027100271 0.08705882352941176 0.07633587786259542 0.07520181712145861 0.0643699469591637 0.03276389304025935 0.02072639764080736 0.005411265337268577 0.002755938517517073 0.0005846070004211152
 0.102970297029703 0.1092377107575398 0.1031510527059488 0.07825998577091169 0.06361760660247592 0.03215504900341372 0.02059573514164822 0.005400675175933859 0.002817840464380108 0.0005909170320865972
 0.1283697047496791 0.1096892138939671 0.1052489542571853 0.08238491591642602 0.06668020579474682 0.03371254988385252 0.02102432283850646 0.005509744429760066 0.002847768216430385 0.0005918835933233155
 0.1278928136419001 0.1083210241260463 0.1061434544869733 0.08465470647608504 0.07219214216298764 0.03474382299430718 0.02175118974628478 0.00554642525447483 0.002871068779439294 0.0005913262753846151
 0.1241379310344828 0.1179941002949853 0.1097463478450469 0.08553439195343127 0.06957722540896537 0.033978014226089 0.02129650781486039 0.005212236327617804 0.002779948951759318 0.0005779667209928992
 0.1153324287652646 0.09725400457665903 0.09657701711491443 0.07901108703963299 0.06702412868632708 0.03363431423370424 0.02093290491630498 0.005412565959913985 0.002820958092994079 0.0005844523780277605
 0.127262443438914 0.1178473222469556 0.1095823694143431 0.08742683559309476 0.07260221627818113 0.03466370232246806 0.02159569873255589 0.005458505183729584 0.002836704845188035 0.0005851414534834363
 0.110410094637224 0.1016870811185579 0.09533095005958184 0.08043478260869565 0.0688513389220298 0.03297906762575603 0.02074296194940173 0.00541354712548013 0.002816739480340308 0.0005827018417738554
 0.1186336674166496 0.1064415489080565 0.09623361539737846 0.05640157924421884 0.06882846202316902 0.03461689447200314 0.02160725290881145 0.00546971907893639 0.002836511187392429 0.0005851198662673835
 0.1074938574938575 0.09181532004197272 0.09620907524411258 0.0733016725170349 0.06699805489518046 0.03322026786026506 0.02089412178707057 0.005473775472342739 0.00285142906352563 0.000590475745118965
 0.1242787394584998 0.1148945059536244 0.1083743842364532 0.08041765297188624 0.06866525687274537 0.03421810426882899 0.02125716680888011 0.005399971905551573 0.002821702706928043 0.0005875846334550115
 0.1048565121412804 0.08433344145313007 0.08169327887114741 0.07617293768049219 0.06240142631831585 0.03288135987079833 0.02066927701197945 0.005401950928311534 0.002832174644433779 0.0005896463249897059
 0.1220687439768712 0.106076479832373 0.09864815491413957 0.07058260557482952 0.06635965790452218 0.03325631870055311 0.02103816924992486 0.005376975533843749 0.002812196735563898 0.0005840745635527573
 0.1195355191256831 0.1005025125628141 0.08719596145020651 0.07560907308877066 0.06443224501589136 0.03049082796232028 0.02001694865725724 0.005390639888920148 0.002824087852904009 0.0005893824142527699
 0.1133297355639503 0.09842981017108039 0.08662369057211926 0.0773286467486819 0.06529200033483076 0.03235708952128101 0.02062496468327965 0.005398566625473522 0.002812589687171147 0.0005825270419356066
 0.1190103351080489 0.1008794619762028 0.1004352192835621 0.08056658922281346 0.06876282371208341 0.0341188137514167 0.02134986729448925 0.00542399075692534 0.002810305351225611 0.0005826668503190299
 0.1103160405485987 0.09443593670239918 0.08231368186874305 0.07611343075852471 0.06545311534355862 0.03413531710532511 0.0213941616070704 0.005459035252910875 0.002846956049877141 0.0005902764434933114
 0.0594059405940594 0.1128148089298483 0.107927339059056 0.08112795837296481 0.06553532008830022 0.0321413205780376 0.02065089345274423 0.005373673432078429 0.002797996174794271 0.0005804842387632713
 0.0989399293286219 0.07704785077047852 0.06274768824306473 0.07679210535459884 0.06541442269801655 0.03274718939175555 0.02067257653519004 0.005354491240530739 0.002786947889820745 0.0005826565730994198
 0.09074410163339383 0.09604390578550194 0.08481421647819064 0.08091321134799395 0.06881417463628729 0.03392066333741638 0.02125633815291278 0.005458565276564254 0.002847277028589337 0.0005902924621831511
 0.1295160190865712 0.1084656084656085 0.09407985314364387 0.08382897016812625 0.06974890394579514 0.03376888620697659 0.0213745714326701 0.005508287384727996 0.002860746904537452 0.0005710618001890452
 0.08154943934760449 0.0960539979231568 0.08325832583258326 0.07701393810536263 0.06887555439603443 0.03392812264388038 0.02150241811705424 0.005504055084878809 0.002859604913914377 0.0005908214499908304
 0.1183252427184466 0.1091085427947951 0.1040703052728955 0.07887908666320706 0.06890807208844464 0.03417442430181283 0.02109991832289682 0.00523791504884682 0.002832428927014887 0.000588084807769531
 0.1215323645970938 0.1115898795713181 0.1055948224474155 0.07681644911632204 0.06852064987553866 0.03347635437785845 0.02097117202268431 0.005522729077815068 0.002868848526716752 0.0005906203932104817
 0.1218787158145065 0.1043148411569464 0.09149774774774776 0.07513631874973166 0.06315538608198283 0.03262071923606565 0.02076447765483546 0.005429491155450933 0.002825719217381143 0.0005846730438970539
 0.1170524075552009 0.1018149623727313 0.09047993705743508 0.07862785254534815 0.06538946885396352 0.03277445821813966 0.02095274623028134 0.005438850724749905 0.002828176305634782 0.0005847617046497476
 0.1308744794765021 0.12079615648593 0.1116043119847812 0.08521643278076907 0.06959997243565448 0.03396891903087976 0.02137533802443101 0.005508205932966243 0.002860730427036015 0.0005828495913015051
 0.1268810858660372 0.1089987325728771 0.09465111160026414 0.08571309110674416 0.0696489241223103 0.03408535640649767 0.02126567972101808 0.005487311972099412 0.002855084349538971 0.0005907644094972714
 0.08009153318077802 0.09506928778601353 0.08661758336942399 0.07453151618398637 0.06476240621297881 0.032796764361622 0.02090131592978864 0.005442326962501264 0.002837074546283003 0.0005924142445707909
 0.1015228426395939 0.08930849706557796 0.07746790615316511 0.07550284281958794 0.06539564364404647 0.03312392918332382 0.02097602739726027 0.005428272282137672 0.002854778017059694 0.0005906205102683736
 0.1166180758017493 0.1015697137580794 0.09671179883945841 0.0748435090265808 0.06698641515500657 0.03254912284900557 0.02027581065970928 0.005377232101892125 0.002812698140282128 0.0005840950328558406
 0.1171256726812282 0.101010101010101 0.09459131700218287 0.08026421905603133 0.06679877269240603 0.03328855924779536 0.02114983402757365 0.005452119303459416 0.002831770739840902 0.0005849133594607852
 0.1217095952448344 0.1097814261695183 0.103190982695666 0.08250942456789245 0.06904720633269774 0.03301908806645821 0.02076439383378213 0.005271539995025449 0.002832107353975404 0.00058978484727937
 0.1256281407035176 0.1086431675519073 0.1062540112672039 0.08602227298686466 0.07244416388613341 0.0332025711314869 0.02094059370193592 0.005437450164309526 0.002841228707469762 0.0005900370852167991
 0.05928853754940711 0.08896210873146623 0.07446221731936017 0.07562954199763393 0.064702176125624 0.03301210443829404 0.02113036796721591 0.005488120429252051 0.00285526216193169 0.0005922324847242642
 0.07792207792207792 0.04796163069544365 0.09131450414100659 0.07896167002333686 0.06743016161832388 0.03340638512112776 0.02088857942845291 0.005468218494648827 0.002854439799482764 0.0005921736039111185
 0.1368343195266272 0.1254705144291092 0.1167288768238887 0.08918430019771992 0.07266915932939332 0.03471157502238467 0.02140181915462815 0.00541433422042764 0.002731950303603665 0.0005846088540695415
 0.108433734939759 0.08846657929226737 0.07417582417582418 0.07598127475693194 0.06371503082029398 0.03199783676596512 0.02076799483606615 0.005450032773845735 0.002835879237531712 0.0005866798696064349
 0.08991008991008992 0.09983007646559049 0.1010995498487197 0.07631091246048186 0.06832298136645963 0.03377891041977209 0.02100557656943801 0.005476601722839993 0.002856722469889763 0.0005922722534909397
 0.03992015968063872 0.02219755826859046 0.01427551748750892 0.006919218128351496 0.06463584351322096 0.03154354632958367 0.01988071570576541 0.005384618183273484 0.002817952643163418 0.0005858947424260239
 0.1353637901861252 0.1147925906600574 0.1064473206725535 0.0817892859911621 0.06783565851785486 0.03390900693380728 0.02130582677628147 0.005459551842005317 0.002836347507773781 0.0005899632599390001
 0.1247881682329379 0.1144067796610169 0.1054412913303827 0.08572017308881104 0.07044779178194488 0.03451022033448368 0.02142916014176214 0.005345085044788448 0.002764150323386258 0.0005908605765331989
 0.118551746235181 0.09989200863930886 0.08550662676357418 0.05526712443476804 0.06419558747571144 0.03262162448623886 0.02088487388479679 0.005474952094169177 0.002851650081482552 0.0005904921256487983
 0.1059322033898305 0.1000515729757607 0.1006277695716396 0.08360763660302831 0.07116146676340905 0.03342214187163994 0.02090818069379822 0.005440436411223474 0.002858178707144104 0.0005909102536214569
 0.1225490196078431 0.1063711911357341 0.09975062344139651 0.08191100274306613 0.06825180153011015 0.03288520417805889 0.02117908980512346 0.005430726830746042 0.002821242613430266 0.0005829026330544652
 0.05988023952095808 0.03121748178980229 0.02010723860589813 0.0788877134653166 0.06764661004018108 0.0336510853336396 0.02128602459879839 0.005503141760195536 0.002863831058870405 0.0005925855458674095
 0.09728978457261987 0.1109877913429523 0.1062322946175637 0.08234721997082185 0.07017928614507374 0.0341222593291709 0.02116735723293101 0.005394311218504705 0.002802193003922111 0.0005861177225366225
 0.05905511811023623 0.1238447319778189 0.1182988054705984 0.09190386459056497 0.07827017287009404 0.03617197188921042 0.02189415256523918 0.005521759823898623 0.002859671031917587 0.0005892612786493576
 0.1155433287482806 0.1017592273197654 0.09176752227689852 0.07892151881583849 0.06695787114201965 0.03124375124975005 0.02047820945458741 0.005416265631232823 0.002832411532287115 0.00058966289289011
 0.1200282419392798 0.1076055160885917 0.09988195768637066 0.08544717354153403 0.07260613308277099 0.034489152605229 0.02116316282362311 0.005465325545704475 0.002824337721624052 0.0005910845472312137
 0.1098523858565053 0.09163802978235969 0.09835194045720362 0.07933470197292877 0.06685657810592407 0.03288175720110483 0.02049165058382575 0.005431790923440912 0.00284327541511344 0.0005901390926155974
 0.1119525847876194 0.09394860458690246 0.09512893982808023 0.07098321342925659 0.06450307338173171 0.03264442599269766 0.02072426616601076 0.005322678120281437 0.00276443022981246 0.0005710399470201827
 0.03992015968063872 0.02219755826859046 0.01427551748750892 0.08454673555659935 0.07066677097186368 0.03459093240454691 0.02157657825229716 0.005519456545817027 0.002868259589963586 0.0005907186210962271
 0.1144321093082835 0.1035953686776356 0.09473390916689886 0.0808118774666416 0.06747760832728153 0.03167564143173899 0.01962579180549961 0.0053188217543428 0.00279075860222862 0.0005817362134948159
 0.1203113941967445 0.09922822491730982 0.08496577767288176 0.07294809609288469 0.06400160004000099 0.03256249037926421 0.02036764705882353 0.005418545802377894 0.002817970601090382 0.0005827615563697919
 0.07267441860465117 0.1085056801631226 0.1038472260942292 0.08230711233978387 0.07042819270010443 0.03377038541503924 0.02079427064976809 0.005428402136030237 0.002825234805743558 0.0005846446549605613
 0.03992015968063872 0.02219755826859046 0.01427551748750892 0.08360181069287549 0.06953011102388695 0.03364584046168936 0.02130032742057352 0.005483377243430563 0.002849306237102572 0.0005888187483061548
 0.1282873636946761 0.109204368174727 0.09736100435562388 0.0753680766534237 0.06668847673452953 0.03288490284005979 0.02108132279977002 0.005486691561688579 0.002823271798768671 0.000584559041354877
 0.05893909626719057 0.03105590062111802 0.09996324880558619 0.08037666050109299 0.06806563673849804 0.03354287575863608 0.02106277137188372 0.005413817530491721 0.00282121978067168 0.0005844711368340051
 0.1211387038158692 0.1097638800255265 0.1009945262508673 0.07913604855264332 0.0682585131404029 0.03417760848801482 0.02160487091635205 0.005521965150264385 0.002846295279256907 0.0005904037985550165
 0.09651076466221233 0.1031088892360569 0.09354120267260579 0.08214084994163677 0.06627074146764203 0.03238735776241826 0.0213006247230204 0.00550348584883882 0.00285924548541449 0.0005908205128916838
 0.1265276779295471 0.1160365058670143 0.1085645355850422 0.0857417708812581 0.07046998708518165 0.03372780369713137 0.02115025402109211 0.005453969776222522 0.002845822323279686 0.0005852599794266238
 0.1148105625717566 0.1072654462242563 0.1027467634769505 0.08231041763590165 0.06921248232072463 0.03300920900983563 0.0210801617813094 0.005479361378592613 0.002852755685408059 0.0005827959815622382
 0.1267557382665296 0.1130279595478882 0.1053098326127924 0.08262574724898145 0.06823491928632115 0.03379616900375768 0.02137199546567123 0.00549707990688168 0.002857556559003269 0.0005909102536214569
 0.05988023952095808 0.0925925925925926 0.07924921793534932 0.07346479665366093 0.06324149426414355 0.03209557857705794 0.02055491297258881 0.00541208932332372 0.00282075848761448 0.0005844551570341854
 0.05988023952095808 0.03144654088050314 0.09287646528403967 0.07828928213257416 0.06652366341741563 0.0316710173077161 0.01948190313841284 0.005211414667257665 0.002702076367793942 0.0005780006995392028
 0.1215277777777778 0.1081311196253725 0.1027840725153771 0.08124396497186427 0.0683280741421721 0.03370311553884998 0.02136071366506401 0.005417607223476298 0.002817589810675215 0.0005827504672409996
 0.1232903101521865 0.1101713776986423 0.1038871689026488 0.08435582822085889 0.07054854046316651 0.03479282985600941 0.02182086251382234 0.005522851731955108 0.002855453288739385 0.0005711837783806939
 0.09582477754962355 0.1102858428989422 0.1034841712081318 0.08085475021657522 0.06771805212785169 0.03328329202015617 0.02090404688175395 0.005435864173416966 0.002827208672917833 0.0005848907453827832
