# Created by Octave 3.0.1, Thu Sep 10 06:14:20 2009 PDT <jwawerla@marvin2>
# name: prtA
# type: matrix
# rows: 100
# columns: 10
 211.4 254.8 274.9 737.1 773.7 1013 1677.2 1825.8 1893.1 2696.1
 672.9 699 722.1 812.7 866 1612.4 1677.8 1835 1903.7 3397.1
 340.4 492.2 525.6 1007.8 1062.2 1988.9 2054.4 2211.8 2280.6 3790.5
 138.2 258.8 287 1095.6 1142.9 1269.4 1333.6 2098.1 2166.6 2213.2
 108.8 565.3 619.5 916.2 1286.4 1415.3 2012.9 2169.2 2237.8 2117.1
 173.1 430.7 463.3 560.8 1483.1 1614.6 1680.1 1837.6 2212.7 2373.4
 157.6 375.1 908.4 1089.2 1509.4 1774.6 1840.4 1998.1 1906.7 2065.8
 109.4 269.1 842.8 1418 1471.3 1604.2 1670.3 1828.3 3268.9 3494.3
 168.1 334.3 359.1 790.4 1189.4 1615 1947.2 2103.5 2854.9 3033.6
 73.8 448.1 523.5 890.1 1379.1 1819.3 1884 2465.7 2533.4 2727.7
 74.2 367.5 395.5 784.5 834.4 1842.9 2082.3 2258.3 2323.3 2959.2
 129.3 389.3 512 1109.5 1228.9 1534.9 1600.3 2113.4 3746.4 3925.3
 138.9 219 241.1 1073.1 1173.6 1948.5 2013.3 2452.5 2518 2693.7
 182.1 237.3 260.1 321.6 760.3 1780.7 1845.7 2018.8 2084.4 2857.2
 77.59999999999999 126.5 363.6 1301.4 1655.2 2016.3 2081.9 2434.5 2510.8 2696.4
 152.6 288.7 569.2 944 1172.2 1616.8 1682.6 1710.5 1778 1937.2
 211.4 251.9 274.3 747.6 1067.7 1931.8 1997.2 2684.7 2750.8 2924.3
 59.3 168 476.3 1197.3 1244.5 1374.2 1805.1 2540.2 2606.5 2778.1
 107.2 268.6 527.8 901.5 1053.1 1182.5 1246.6 2629.6 2696.2 2866.5
 133.4 320.2 760.5 912.4 958.2 1087.2 1151.2 2109.2 2175.9 2345.1
 180.8 343.9 451.2 1127.9 1169.3 1296 1738.1 1897.9 1973.6 2741.3
 64 128.1 467.8 1118.5 1160.6 1221.6 1962.1 2317.6 2384.6 2543.5
 76.8 151.9 598.8 705.6 747.9 1791.5 1855 2132.3 2199.5 2138.5
 202.9 229.8 248.2 837.4 1097.6 1225.4 1931.7 2106.2 2182 2225.8
 246.7 367.7 385.9 818.3 859.6 986.7 997.5 1650.8 1718.4 1877.8
 132.5 335.7 353.4 930.6 970.9 1618.2 1686.6 1863.9 1938.6 2105.8
 57.5 185 429.6 898.2 1128.1 1469.8 1537 1709.6 3106.1 3272.6
 233 313 331 501.8 542.7 1580.3 1830.2 2002.8 2090.4 2735.1
 88.40000000000001 122.3 135.4 738 778.3 1195.7 1261.9 2221.8 2299.5 2462.1
 113.9 132.1 145.8 685.7 726.3 1606.4 1672.5 1840.6 1918.4 2080.9
 84 230.6 553.6 752.7 792.6 1482.8 1548.4 2194.9 2654 2816.2
 188.8 208.7 284 546.1 626.1 1381.1 1660.6 2145.8 2220.2 2222
 68.5 194.2 208.3 827.2 912.3 1107.2 1794.9 2155.7 2229.1 2346.4
 79.40000000000001 109.8 120.7 607.8 1000.5 1117.9 1181.7 1973 2530.4 2694.8
 68.2 78.8 127.5 900.2 936.8 1316.1 1769.3 2405 2477 2640.5
 170.1 206.6 219.4 293.9 715 1570.4 1631.5 1795.7 1867.5 2030.7
 139.5 307.6 460.4 707.9 743.1 1132.6 1386.1 1708.6 1780.1 2593.4
 133 150 160.9 424.7 765.2 927.9 1563.2 1875.9 1947.2 2112.1
 79.40000000000001 161.8 173.2 315 713.5 1107.5 1168.2 2160.8 2881.8 3048.4
 55.6 64.90000000000001 71.2 451.4 706.9 1262.9 1323.7 1823.9 1891.3 2050.5
 66.3 204.7 459.6 512 547.7 873.3 1670.7 2057.7 2129 2293.8
 130.1 146.9 421.9 549.2 828.3 1525.7 1585.8 1897.7 1968.7 2134.8
 67.2 78.09999999999999 385.8 649.2 725.5 1107.9 1591.3 1753.8 2359 3033.5
 76.8 182.8 194.9 658.5 693.9 1003.7 1454.3 2111.7 2182.5 2348
 54.7 189 201.2 319.3 719.6 830.6 890.2 1051.7 1905.7 2072.1
 90.59999999999999 139.8 150.4 237.6 658.7 1359.4 1419 2455.6 2495.9 3074.2
 132.5 165 262.8 310.8 896.1 1478.1 1537.3 1991.6 2058.9 2681.7
 40.1 82 146.2 1017.3 1051.1 1215.1 1274 1437.6 2445.8 2611.8
 104.2 136.1 146.9 327 652 1656.9 1715.7 2181.3 2249.1 2414.8
 40.1 69 75.90000000000001 151.7 830.4 942 1452.2 1615 1682.7 2381.7
 68.8 79.09999999999999 86.90000000000001 202.6 890.5 1303.5 1361.4 1932.3 2000 2140.6
 54.1 62.7 140.4 620.7 653.4 1492 1550.1 2363.1 2430.9 2843.5
 155.7 281.5 295.4 441.2 772.1 1069.9 1127.9 1948.4 2016 2638.9
 77.59999999999999 88.40000000000001 150.3 533.3 662 1315.4 1373.3 1905.8 1973.4 2137.9
 64.3 73.7 135.3 506.4 824.3 1396.5 1760 1918.8 1986.4 2150.8
 146.4 161.9 290.6 382 476.2 1193.6 1251.5 2387.8 2454.8 2968.5
 65.59999999999999 74.59999999999999 81.5 631.6 868.1 1338 1507.2 1800.6 2179.9 2789.2
 171.3 187.6 391.5 484.3 515 1168.1 1226.1 2292.9 2359.8 2623.3
 81.7 151.7 162.6 201.7 858.7 1386.4 1558.3 1711.4 1779.4 2283.8
 80 123.3 133.1 337.1 818.4 1162.8 1544 1697.1 1765.1 2516.1
 75.40000000000001 221.3 233.9 277.7 460.3 845.2 2134.2 2287.3 2795.8 2960.4
 219.8 237.4 250.3 600.7 783.3 1295.6 1562 1715.5 1783.5 2752.1
 50.9 58 63.7 720.3 751.9 1510.4 1670.4 1824 1892 2056.7
 136.1 184.8 196.9 664.2 695.7 1013.6 1602.6 1756.4 1824.4 1986.4
 74.7 132.2 142.6 558.6 986.6 1097.2 1569.1 1722.9 1790.9 1953
 92.09999999999999 195.9 246.2 493.4 856.3 1640.3 1698.1 1987.3 2055.3 2217.4
 51.6 59.1 64.8 412.5 444.3 1081.4 1139.1 2008.1 2075.1 2240.4
 40.1 41.4 45.4 312 806.9 1600.1 1657.9 2126.3 2195 2359.3
 204.9 294.8 408.2 569.8 910.9 1224.7 1282.5 1663.6 1732.4 1896.7
 63.3 72.2 176.6 339.9 371.5 1408.4 1466.3 1617.6 1686.4 2954.3
 65.2 150.2 289.1 361.9 393.9 960 1741.1 1892.5 1961.3 2654.1
 82.7 171.2 202 666 835.2 1038.3 1422.1 2344 2413 2577.2
 75.8 86.59999999999999 131.4 506.7 539.6 1425.7 1483.6 2028 2584.7 2748.9
 170 187.4 254.3 594 627.3 1476.9 1534.8 1307.4 1373.7 2756.2
 85.3 154.8 203 711.8 882.1 1342.1 1400.1 1551.2 1620.1 1784.4
 75.90000000000001 148.2 158.9 288 563.3 1471.2 1529.1 1918 1986.9 2152.9
 40.1 186.3 198.4 487.2 821.3 1106.8 1608.8 2015.3 2871.6 3017.9
 60.7 133.8 144.4 470.1 503.7 1303.4 1685.9 1837.3 1906.1 2072.7
 117 132 142.5 268.8 337.7 1215.9 1274 1425.4 1494.3 1661
 144.3 191.1 223.3 271.5 591.3 1016.2 1362.2 2141.5 2864.6 3031.1
 113.6 128.4 139.1 642.3 809.8 1245.3 1303.5 1992.1 2390.7 2726.9
 98.40000000000001 112.2 122.1 621.8 826.7 1126.6 1185 1896.8 1965.8 2131.4
 92 165.4 337.6 431.9 911.5 1163.6 1222.1 1919.1 1988.1 2152.3
 72.59999999999999 159.5 171.3 245.5 590.6 1380.8 1439.3 1589.2 1974.6 2757.8
 78.2 90.2 183.4 229.1 631.4 1195.8 1254.4 1737.2 1806.3 3416.8
 76.90000000000001 132.7 198.2 303.1 680.8 1196.5 1254.9 2016.9 2086 2249.9
 77.7 166.9 178.9 632.6 830.7 1372.5 2091.5 2435.9 2505 2668.2
 65.5 76.3 103.7 752.8 787.4 965.6 1469.2 1617.8 1687 2851.7
 151.1 187.6 200.3 740.1 940.8 1322.6 1381 1725.3 1794.4 2363.2
 109.3 125 270 701.5 802 1281.9 1708.2 1747.9 1814.8 3423.6
 159.1 241.2 255.2 580.7 782.9 1569 1627.6 2284.4 2351.3 2510.1
 79.40000000000001 92.40000000000001 230.3 715.5 794.4 1040.1 1276.9 1425.9 2462.8 2996.5
 87.8 214.1 227.8 439.7 749.9 1450.4 1732 2161.9 2230.9 2393.4
 76 284.6 299.2 456.2 780.9 1694 1873.6 2022.6 2091.7 2226.1
 64.7 140.8 152.6 515.1 587.9 1242.5 1301.4 2124.2 2193.3 2751.1
 66.59999999999999 111.2 177.7 677.3 750.7 866 924.8 2830 2899.7 2773.8
 51.4 60.4 66.8 336.5 610.3 1554.4 1613.3 2134.8 2201.9 2362.5
 80.90000000000001 142.7 154.6 493.8 574.3 1036.5 1095.6 2030.2 2100 2261.9
 88 148 159.8 578.7 913.3 1739.5 1798.7 1946.7 2016.4 2668.9
 128.7 197 320.2 540.7 577.1 1392.5 1642.1 2133.4 2203.2 2365
# name: prtB
# type: matrix
# rows: 100
# columns: 10
 508.8 584.4 602.3 1180.5 1478 1960.5 2021.4 2174.4 2242.5 3054
 387.2 788.7 876.6 1153.6 1623.2 2039.1 2102.1 2707.8 2776.2 2936.3
 558.1 865.5 889.5 1324.8 1374.7 2400.8 2465.1 3025.3 3093.9 3084
 456.1 989.4 1114.8 1573.6 1621.5 2631.6 2696.2 2853 2916.9 4035.1
 368.1 760.6 1128.9 1475.5 1520 1801.9 1865.7 2021.6 3011.7 3951.7
 326.4 383.1 409 1437.9 1484.6 2048.6 2112.9 3077.3 3146.3 3948.1
 90.3 688.3 1164 1292.9 1340.7 2241.5 2306.2 2308.2 2375.1 2533.9
 236.2 862.6 912.7 1513.9 1825.6 2125.1 2671.7 2842.5 2908.5 4109.8
 178.8 305.2 1090.8 1583.1 1690.8 2362.4 2821.4 3978.7 4044.7 4742.8
 409.8 790 1065.7 1758.6 2168.9 2301.3 2366.6 2537.7 2603.8 3752.2
 561.8 895.3 916.8 1554.2 1645.6 2839.7 2906 3735.9 3802.8 3965.3
 128.2 1130.2 1296 1563.2 1726.4 2191.5 2255.3 2805.8 2873.3 2720.5
 383.1 583.7 1128.4 1230 1855.6 2294.8 2689.8 3169.2 3237 3226.7
 321.9 887.8 906.6 1039.6 1242.6 1991.4 3266.5 3896.3 3970.5 4137.1
 528.8 782.5 1105.4 1387.7 1486.4 1612.3 1989.6 3192 2892.7 3070.3
 640.6 707.7 726.7 1651.7 1692.3 1924.4 1991.7 2164.4 2072 2587.4
 378.7 445.3 834.7 1727.4 1768.3 1892.5 1959.7 2131.6 3381.9 3547.9
 375.6 428.6 490.9 1199.3 1790.8 2081.6 2319.5 2722.3 2808.9 3905
 406.8 1039 1135.4 1311.8 1664.4 1893 1959.2 2128.5 2212.3 2375.1
 257.1 633.4 879.3 937.6 1024.1 2204.8 2416 2580.1 3500.5 3662.4
 256.2 592 983.2 1826.2 1864.8 2249.2 2313.6 2782.3 2856.4 2878.5
 243.2 519.7 646.1 1583.7 1663 2449.1 2513.2 2675.7 2749.5 4068
 706.1 729.1 745.8 1544.6 1632.7 1916.5 2325.7 2768.5 2841.9 3521.6
 492.9 631 995.1 1198.9 1237 2165.7 2229.2 2945.6 3012 3964.9
 338.1 408.6 980.3 1511.5 1549 2408.4 2470.8 2632.8 2705.5 2869.4
 391 413.2 428.4 1165.7 1241 2204.1 2266.6 2630.2 2702.9 2866.7
 268.1 480.6 495.8 1543.7 1580.9 2335.5 2814.5 2671.1 2740 3837.3
 358.2 473.6 489 1334 1533 2404.6 2466.3 2519.5 2586.3 2744.9
 447.1 470 874.2 1033.8 1480.7 1593 1941.4 3002.2 3073.8 3239
 329 397.4 686.5 1140.3 1253.2 2081.9 2142.4 2802.4 2873.7 3517.9
 163 500 1017.2 1490.9 1526.9 2113.6 2173.9 2551.5 2622.8 2787.9
 596.1 858.7 911.7 1060.8 1362.5 1742.1 1802.2 1965.5 2036.6 3013.1
 297.4 643.7 657.8 1008.4 1044 1564.4 1624.6 1788.2 1859.3 1939.6
 40.1 51.3 56.4 1053.6 1163.2 1999.5 2219.1 2382 2453 3830.7
 235.7 368.9 383.2 1114.4 1572.6 1816.2 2291.2 2452.6 2520.6 3451.8
 267.3 288.5 356.5 1532.3 1566.4 1755.6 2662.3 3275.2 3875.1 4041.4
 333.5 535.1 569.5 1086 1156.1 2029.4 2333.7 2809.8 3438.7 4091.5
 215.1 536.9 609.4 1154.4 1257.6 1461.1 2637.1 3278.9 3875.3 4040.5
 217.1 236.9 396.8 775.5 880.7 1732.7 1790.7 3487.3 3555.1 3624.8
 374 504.5 720.3 848.4 1336.4 1800.2 2119.4 2697.7 2765.4 2930.8
 40.1 709.7 724.6 802.6 1029.6 1446 1503.9 2731.4 3198.4 3363.4
 337.6 582.7 597.5 645.7 1436 1965.4 2023.4 2182.7 2250.4 3068.3
 241.6 325 339.2 911 942.7 1980 2037.7 2196.1 3821.7 3984.7
 303.5 323.5 1023.1 1234.2 1265.9 1775.9 1833.5 1990.9 3151.2 3314
 40.1 714.4 728.8 1010.6 1042.3 1724.8 1782.5 2340.5 2407.6 3147.3
 296.2 549.1 750.1 1026.8 1058.4 1263.5 1827.1 2382.3 2449.3 2551.7
 233.7 334.4 386.3 822.6 1605.6 1928.9 2603.9 2760.6 3140.8 3305.3
 40.9 63.6 596 933.4 1331.9 1668 1816 3356.9 3424 3588.4
 232.9 283 296.2 953.4 984.9 1092.5 1150.2 2842.3 2909.3 3073.7
 103 209.2 425.8 501.2 1709 1865.3 1923 2078.6 2902 3591
 284.5 493.4 922.6 970.5 1468.6 1779.2 1837 2930.7 3300.4 3464.6
 99.3 271.6 338.1 447.2 1388.5 2015.2 2073.1 2962.6 3029.6 3193
 141.3 554.7 647.5 1262.7 1549.7 2024.4 2082.3 2236.9 2638 2801.2
 281.1 606.1 620 1220.4 1311.5 1471.6 1529.7 2597.4 2664.4 3224.8
 202.3 392.7 460.3 1012.8 1388.7 2076.9 2372.3 2729.2 3457.5 3621.5
 55.4 373.2 386.8 1329.4 1399.2 1906.3 1964.4 2651.9 3546.2 3624.8
 365.4 384.6 417.6 1180.3 1211.4 1319.8 1378 2479.9 2479.5 3123.3
 254.3 333.1 544.4 1049.4 1791.3 1943.1 2001.4 2155.2 2707.7 3586.5
 220.2 380 394.2 892.8 1711.4 1866.1 2544.6 2698.3 2766.3 2928.3
 258.8 277.9 664.5 1102.4 1403.3 1806.2 2683.8 2837.5 2905.5 3067.5
 204.5 677.6 710.4 1020.5 1052 2029 2086.9 2240.8 2909.4 3071.4
 123.5 137.8 649.7 1146.6 1303.3 1413.6 2433.7 3040.2 3108.1 3270.1
 40.1 622.5 637 1194.9 1226.6 1845.5 1903.4 2813.6 2881.5 3211
 199.3 453.7 871.9 921.2 993.2 1847.2 2623.8 2777.4 2845.4 3073.6
 447 605.6 828.8 958.7 990.7 1179.1 2370.5 3797.1 3890.4 4484.4
 40.1 573.3 587.5 820.1 1082.3 2003.4 2362.7 2840.6 2907.2 3065.7
 353.5 419.3 510.4 1291.3 1713.3 1871.9 1929.6 2784.6 2853.5 3018
 276.9 296 363.3 1046.2 1778.7 2167.1 2224.9 2697.3 2766.1 3260.4
 211.7 509 840.5 1180.1 1535.5 2033.6 2091.4 2243 2311.7 3199.8
 153.3 169.1 180.6 1116.6 1149 1965.9 2023.7 2733.8 2802.6 2966.8
 91 358.1 372 1140.2 1172.7 1750.9 1808.7 2936.1 3004.9 3169
 147.8 268.5 706.2 1137.2 1169.7 2161.2 2219 2798.3 2867 3965.1
 137.3 184.1 319.2 1305.8 1339.2 2009.2 2067.2 2149.3 2216.5 3272.7
 76 539.9 610.8 1130.8 1464.8 2467.4 2851.6 3002.6 3071.6 3027.5
 186.1 403.6 843.8 1069.8 1262.4 1600.9 2174.5 2609.4 2678.4 2761.5
 399 641.7 656.1 982 1132.6 1866.1 1924.1 3313.8 3382.7 2941
 481.2 531.5 599.6 1158 1224 1860.1 1918.1 2069.2 2138.1 3312.1
 364.5 386.1 400.5 1316.1 1350.3 1461.7 2599.7 2894.2 2963.1 3129.6
 217.8 607.3 689.2 1256.9 1291.3 1835.4 1893.3 3146.5 3215.4 3381.9
 40.1 66.09999999999999 72.7 1207.4 1370.9 1797.6 1855.5 3122.7 3191.6 3358
 246 281.4 295.4 1058.3 1092.9 1550.2 1608.3 3354.2 3423.1 3589.4
 278.1 505 568.5 1348.3 1456.4 2287.7 2345.8 2495.5 2564.4 2730.7
 210.2 425 495.8 1345.6 1442.1 1872.3 2055 3093.5 3162.4 3240.3
 185.6 251.9 681.1 963 1611.1 2341.9 2400.4 2550.3 2619.3 2783.5
 40.5 694.8 709.9 1155.6 1190.4 1770.7 1829.2 2582.9 2651.9 2816
 280.2 345.3 503.6 586.9 1473.4 2250 2308.6 2925 2994.1 4346.3
 159.6 382.2 665.3 1128.3 1223.7 1394.7 2850.6 3000.4 3069.5 3233.4
 283.4 423.6 512.3 1155.3 1251.5 1890.5 2899.1 3047.6 3116.7 3280.6
 216.8 271.1 453.8 1826.5 1924.4 2037.7 2360.2 2909.3 2978.4 3141.5
 186.9 269 283.2 785.4 1636.8 2009.6 2068.1 2216.8 2286 3074.7
 153.4 172 267.7 1097.6 1132.5 2725.9 2784.4 2933.2 3675.4 3838.6
 204.9 386.8 611 1340.6 1375.6 1804.3 1862.8 2011.8 2733.9 2896.4
 377.5 415.9 430.9 1256.4 1352.5 2334.5 2393.1 3061.4 3128.5 3192.6
 337.1 713.7 729.2 1184.7 1328 1902.9 1961.5 3011 3080 3242.5
 128.5 390.3 637.3 1513.1 1653.1 2122.9 2181.6 2807.2 2876.3 3644.1
 158.6 602.2 617.9 1357.6 1518.6 1689.7 2073.8 3022.1 3212.8 3373.5
 105.4 121.1 959.6 1093.1 1128.8 1716.4 2209.6 2358.6 2342.2 3215.9
 117.4 422.2 437.7 1350 1513.4 1932.9 2200.4 2257.2 2324.2 2483.1
 238.9 318.6 726.2 1004.1 1389.1 1712.7 1771.8 2880.5 2950.3 3112.2
 89.09999999999999 667.9 683.4 1664.6 1814.1 2068.7 2128 2275.8 2724.7 2886.6
# name: collectedA
# type: matrix
# rows: 100
# columns: 10
 15 16 16 36 36 39 46 46 46 48
 34 34 34 34 34 43 43 43 43 49
 20 25 25 34 34 44 44 44 44 45
 9 14 14 41 41 41 41 48 48 48
 6 30 31 38 44 44 49 49 49 48
 10 21 21 21 47 47 47 47 49 49
 8 15 35 37 44 45 45 45 45 45
 5 9 26 39 39 39 39 39 48 48
 11 19 19 31 40 43 45 45 49 49
 4 22 24 35 44 48 48 49 49 49
 4 18 18 27 27 47 48 48 48 49
 8 20 24 40 41 43 43 44 49 49
 9 11 11 39 40 48 48 49 49 49
 12 13 13 13 23 48 48 48 48 49
 4 5 14 41 47 49 49 49 49 49
 10 15 26 39 42 46 46 46 46 46
 14 14 14 29 35 46 46 48 48 48
 3 7 20 40 40 40 44 48 48 48
 6 14 25 34 36 36 36 47 47 47
 9 17 35 37 37 37 37 47 47 47
 11 17 21 42 42 42 45 45 45 48
 3 5 21 38 38 38 46 47 47 47
 4 7 30 31 31 47 47 48 48 47
 13 13 13 34 39 39 46 46 46 46
 17 22 22 35 35 35 35 39 39 39
 8 18 18 38 38 48 48 48 48 48
 3 9 20 34 39 42 42 42 48 48
 17 20 20 24 24 47 48 48 48 49
 7 8 8 33 33 41 41 47 47 47
 7 7 7 27 27 48 48 48 48 48
 5 13 31 36 36 45 45 48 49 49
 14 14 17 25 26 40 42 44 44 46
 4 11 11 33 34 35 41 42 42 42
 5 6 6 26 37 37 37 46 49 49
 4 4 6 37 37 43 47 49 49 49
 13 14 14 15 29 48 48 48 48 48
 10 19 27 37 37 42 44 45 45 48
 9 9 9 20 32 33 40 41 41 41
 5 9 9 13 26 34 34 41 46 46
 3 3 3 20 27 40 40 44 44 44
 4 12 27 27 27 31 48 49 49 49
 9 9 25 28 35 46 46 47 47 47
 4 4 21 32 33 39 43 43 45 47
 5 11 11 31 31 34 42 45 45 45
 3 11 11 14 31 31 31 31 44 44
 6 8 8 10 25 38 38 48 48 49
 9 10 15 15 34 44 44 46 46 48
 2 4 7 44 44 45 45 45 49 49
 8 9 9 14 25 45 45 47 47 47
 2 3 3 5 33 33 39 39 39 49
 4 4 4 8 36 43 43 48 48 48
 3 3 7 30 30 45 45 49 49 49
 11 18 18 22 35 39 39 46 46 47
 5 5 8 25 28 43 43 49 49 49
 4 4 7 23 33 43 49 49 49 49
 10 10 17 19 21 39 39 48 48 49
 5 5 5 29 37 45 46 47 48 49
 12 12 24 26 26 42 42 48 48 47
 5 9 9 9 36 46 47 47 47 44
 5 7 7 15 34 40 46 46 46 48
 5 14 14 14 19 27 45 45 47 47
 16 16 16 30 35 45 47 47 47 49
 3 3 3 32 32 46 47 47 47 47
 10 12 12 31 31 36 46 46 46 46
 5 8 8 29 41 41 47 47 47 47
 6 12 14 24 37 48 48 49 49 49
 3 3 3 19 19 34 34 47 47 47
 2 2 2 13 31 46 46 48 48 48
 15 20 26 31 42 45 45 46 46 46
 4 4 10 15 15 46 46 46 46 49
 4 9 17 18 18 32 44 44 44 48
 6 11 12 33 38 39 43 48 48 48
 5 5 7 21 21 43 43 45 47 47
 13 13 16 30 30 48 48 36 36 47
 6 10 12 34 38 45 45 45 45 45
 6 10 10 14 23 45 45 47 47 47
 2 12 12 21 32 35 41 42 49 49
 4 8 8 22 22 44 48 48 48 48
 9 9 9 13 14 43 43 43 43 43
 11 13 14 14 26 31 34 41 46 46
 8 8 8 33 37 43 43 48 49 49
 7 7 7 29 35 38 38 46 46 46
 6 10 19 21 38 40 40 46 46 46
 5 10 10 11 25 39 39 39 40 43
 5 5 10 10 27 38 38 41 41 48
 5 8 11 13 29 40 40 46 46 46
 5 10 10 27 32 39 47 48 48 48
 4 4 5 35 35 36 42 42 42 49
 11 12 12 33 38 42 42 43 43 44
 8 8 15 32 34 42 47 41 41 48
 12 16 16 28 32 45 45 49 49 49
 5 5 12 36 37 40 42 42 47 48
 6 13 13 20 30 45 47 49 49 49
 5 18 18 22 33 48 49 49 49 49
 4 8 8 25 26 38 38 48 48 49
 4 6 9 30 31 31 31 49 49 48
 3 3 3 14 25 42 42 47 47 47
 5 8 8 22 23 30 30 47 47 47
 6 9 9 24 33 46 46 46 46 49
 9 12 18 25 25 43 45 47 47 47
# name: collectedB
# type: matrix
# rows: 100
# columns: 10
 42 46 46 75 84 92 92 92 92 99
 27 56 60 70 85 94 94 99 99 99
 45 63 63 78 78 96 96 98 98 98
 34 63 67 79 79 95 95 95 95 99
 29 54 73 82 82 86 86 86 95 98
 25 26 26 83 83 91 91 98 98 99
 5 47 69 71 71 91 91 91 91 91
 18 53 54 77 84 87 93 93 93 98
 13 18 63 80 81 89 93 98 98 99
 30 51 63 87 96 96 96 96 96 99
 46 66 66 93 94 95 95 98 98 98
 7 70 77 84 86 91 91 94 94 83
 29 39 68 69 85 90 97 98 98 98
 24 59 59 61 65 82 97 99 99 99
 47 61 77 85 86 86 90 99 94 94
 50 52 52 94 94 95 95 95 95 96
 29 31 54 86 86 86 86 86 99 99
 30 31 33 66 83 85 86 87 87 99
 31 74 78 82 93 95 95 95 95 95
 19 45 58 58 59 92 93 93 97 97
 21 42 64 95 95 98 98 99 99 99
 20 37 43 84 85 97 97 97 97 98
 54 54 54 82 83 87 93 95 95 97
 38 45 67 72 72 87 87 93 93 98
 26 29 64 84 84 97 97 97 97 97
 31 31 31 69 70 94 94 95 95 95
 21 34 34 82 82 93 98 87 87 99
 30 36 36 79 84 96 96 96 96 96
 40 40 64 69 84 84 88 97 97 97
 26 29 47 69 71 91 91 95 95 97
 11 33 66 85 85 97 97 98 98 98
 47 63 65 69 78 85 85 85 85 97
 24 46 46 63 63 73 73 73 73 73
 2 2 2 64 66 88 90 90 90 97
 17 24 24 68 85 88 95 95 95 97
 20 20 23 85 85 86 98 97 99 99
 26 39 40 69 70 92 94 96 98 99
 16 37 40 68 70 72 94 97 99 99
 18 18 28 50 52 82 82 99 99 99
 33 40 52 55 76 88 91 94 94 94
 2 58 58 59 65 75 75 94 96 96
 28 45 45 45 86 94 94 94 94 97
 19 23 23 53 53 86 86 86 99 99
 23 23 68 75 75 84 84 84 96 96
 2 54 54 65 65 85 85 89 89 93
 24 41 52 64 64 66 76 83 83 83
 19 25 27 48 83 88 97 97 98 98
 2 3 39 54 68 75 76 92 92 92
 19 21 21 54 54 54 54 95 95 95
 7 13 26 27 86 87 87 87 92 96
 22 35 62 62 83 89 89 98 99 99
 7 20 23 26 78 93 93 99 99 99
 10 40 45 77 88 97 97 97 99 99
 24 48 48 80 82 83 83 95 95 97
 16 28 31 64 77 91 94 95 99 99
 3 29 29 76 77 91 91 98 99 99
 33 33 34 74 74 74 74 95 95 99
 21 25 37 61 91 92 92 92 95 99
 18 28 28 55 84 85 98 98 98 98
 20 20 44 65 74 82 96 96 96 96
 15 49 50 62 62 90 90 90 97 97
 9 9 44 69 73 73 90 97 97 97
 2 47 47 73 73 85 85 95 95 99
 16 35 61 61 62 89 98 98 98 99
 39 49 62 66 66 68 89 99 98 99
 2 44 44 53 64 90 94 97 97 97
 31 34 39 74 89 90 90 98 98 98
 24 24 27 64 90 96 96 98 98 99
 16 38 60 75 85 95 95 95 95 97
 14 14 14 66 66 84 84 94 94 94
 6 25 25 69 69 88 88 99 99 99
 11 18 50 73 73 91 91 96 96 99
 10 12 19 77 77 89 89 89 89 96
 5 39 42 66 77 93 98 98 98 98
 14 28 60 69 75 82 91 94 94 94
 32 48 48 60 64 83 83 98 98 99
 40 42 45 73 74 89 89 89 89 96
 28 28 28 74 74 74 98 99 99 99
 17 46 50 76 76 90 90 99 99 99
 2 3 3 79 83 89 89 99 99 99
 22 23 23 64 64 70 70 98 98 98
 23 37 40 76 78 98 98 98 98 98
 17 31 34 81 83 89 90 96 96 96
 15 18 47 59 85 98 98 98 98 98
 2 52 52 73 73 85 85 94 94 94
 25 28 36 37 75 89 89 93 93 99
 12 27 45 65 67 68 98 98 98 98
 23 31 35 67 69 79 95 95 95 95
 16 18 28 91 93 93 95 98 98 98
 14 18 18 47 91 96 96 96 96 99
 11 11 16 61 61 95 95 95 98 98
 17 29 43 84 84 89 89 89 96 96
 32 33 33 75 77 96 96 97 97 97
 27 53 53 74 77 88 88 98 98 98
 10 29 44 84 87 96 96 99 99 99
 12 44 44 81 84 85 88 96 96 96
 7 7 66 70 70 84 90 90 90 98
 8 29 29 79 82 93 96 96 96 96
 20 24 50 59 73 78 78 97 97 97
 6 46 46 87 90 92 92 92 94 94
# name: avgRateA
# type: matrix
# rows: 100
# columns: 10
 0.06775067750677506 0.05249343832020997 0.04267804747932782 0.02910031525341525 0.020296555223544 0.006485947114585066 0.003939300517247285 0.000887588807119234 0.0004514535331636784 9.548512510839054e-05
 0.04978767022990189 0.04539385847797063 0.04135749908770223 0.02590081511388741 0.01822079314040729 0.006502933881797835 0.003682200414461628 0.0008295553197646378 0.0004219670139553324 9.733866166491623e-05
 0.05707762557077626 0.04610844706750276 0.0399616368286445 0.02254940973603926 0.01648724662981282 0.006295697463120091 0.003650119458455004 0.0008427213771599523 0.0004301891072207241 8.932284352325024e-05
 0.06072874493927126 0.04533678756476684 0.03617571059431524 0.025695663073452 0.01913295067431985 0.006539700768813603 0.003617561939719065 0.0009213387820285193 0.0004698208612207903 9.557693824057193e-05
 0.0505050505050505 0.04875670404680644 0.04308547602501737 0.0268323683095608 0.01924422673198041 0.00685860365064767 0.004078948463734819 0.000939251512386619 0.0004792747887767538 9.559523067427898e-05
 0.05461496450027307 0.04368629082587893 0.03728031244452334 0.01979638009049774 0.01892795296202328 0.007105493907416926 0.004023938151214459 0.0009066777782922049 0.0004793924825388626 9.753701131469142e-05
 0.0477326968973747 0.03528581510232886 0.03470844902816343 0.02328215454316637 0.01753407188969475 0.006642458595341422 0.003800547278808148 0.0008654162363624825 0.0004415803867655414 8.962968598936634e-05
 0.04187604690117253 0.02820432466311501 0.02757742893508698 0.02033368091762252 0.01578116780641767 0.005905332969928227 0.003341816405747924 0.0007524846464190413 0.0004648059580377055 9.533375055089999e-05
 0.06176305446378439 0.04944054124381993 0.04138531910259203 0.02402355858648481 0.01826984561980451 0.006500377928949357 0.003766572920851747 0.0008636655886840616 0.000476399277039791 9.740900011450528e-05
 0.0477326968973747 0.04416783778357759 0.03849238171611868 0.02517804474498238 0.01849438863435753 0.007038845629316792 0.004039044092898014 0.0009339435097597097 0.0004778930572866988 9.746827159116157e-05
 0.04750593824228028 0.04311377245508982 0.03632694248234107 0.02101985208252238 0.0147187091146969 0.006868432974323752 0.003972753532026188 0.0009185143795339688 0.0004691013679191348 9.742340929443183e-05
 0.05743000717875089 0.04552697473252902 0.0392156862745098 0.02485243864554209 0.01839472385481628 0.00658005478278168 0.00370680068618915 0.0008443125952250285 0.0004723055450598768 9.723663408048773e-05
 0.06044325050369375 0.04089219330855019 0.03224860744649662 0.02479181234505118 0.01840264998159735 0.006907965748003166 0.003995571574837888 0.0009341785424908251 0.0004779648451979165 9.747486391812747e-05
 0.06246746486205101 0.04524886877828054 0.03610108303249097 0.01582278481012658 0.01306595466681816 0.007078915156252304 0.004052103294866491 0.0009227433158781055 0.000470199168531137 9.744317074509423e-05
 0.04566210045662101 0.028328611898017 0.03019844693701467 0.02276007549683579 0.01770111479361253 0.006983737867537021 0.004055653498208064 0.0009344992323756306 0.0004779984157766791 9.747434037721376e-05
 0.06150061500615006 0.04428697962798937 0.03885236102809324 0.02700831024930748 0.01933523616609889 0.006952000967234917 0.003937479670621266 0.0008895678827317469 0.0004519640786810509 9.16449308797993e-05
 0.06323396567299006 0.04637297118251077 0.03740315255142933 0.02324462968900289 0.01692702036078735 0.006636082979889783 0.00383422798653019 0.0009110804465053422 0.0004671496474966618 9.544179909381989e-05
 0.0432900432900433 0.03211009174311927 0.0347041471455839 0.02356684145407412 0.01782134105591446 0.006275297292209219 0.003727202649702247 0.0009135861683054119 0.0004678066204382763 9.546955207476221e-05
 0.05119453924914676 0.04394224733207783 0.0398215992354253 0.02425972172672137 0.01753446008474989 0.005822887181560857 0.003200967403481941 0.0008930335780625352 0.000457660556086788 9.34641699138837e-05
 0.06276150627615062 0.04592112371690978 0.04067402672864614 0.02619654488813367 0.01889490348279032 0.006078328295439611 0.003318028552980845 0.0009019520545316375 0.0004599910546420438 9.356117935658176e-05
 0.05765199161425576 0.04315816197004316 0.03809869375907111 0.02580011057190245 0.01936108422071636 0.006670902160101652 0.003833669844353004 0.0008670871075708265 0.0004412906870013415 9.547654032004135e-05
 0.04054054054054054 0.02807411566535654 0.03698485382176823 0.02347852950262589 0.01758770711839304 0.006107753632506107 0.003845478636694226 0.0008983592519534536 0.0004590534123295886 9.352424218003019e-05
 0.04608294930875576 0.03467062902426944 0.04293073840870063 0.02571333775713338 0.01773556839636135 0.006920415224913495 0.003964571910586251 0.000920734362381863 0.0004696696167789471 9.359967419347451e-05
 0.06106153123532174 0.04646175839885632 0.03733486502010339 0.02542246149244803 0.01859267734553776 0.006264657692678382 0.003855276280831734 0.0008828124100394964 0.00045017713491613 9.159226786039268e-05
 0.06622516556291391 0.05266937993775437 0.0452768059271455 0.02654934385193052 0.01882125188212519 0.005846292615297242 0.003182541486701523 0.0007550705894197185 0.0003834114575140781 7.77081592371689e-05
 0.05614035087719298 0.0466683951257454 0.03970004411116013 0.02656228156018454 0.01928053173677 0.007252727327672177 0.004107268153269557 0.0009254992393553127 0.0004708716815808732 9.559738206569214e-05
 0.04444444444444445 0.03829787234042553 0.0377643504531722 0.02431697897296524 0.01832620647525962 0.006491699897987573 0.003640461125075843 0.0008122282902981265 0.0004655398662154809 9.537574666294172e-05
 0.06995884773662552 0.05509641873278237 0.04640371229698376 0.02395687762028349 0.01555714007908213 0.00714253149552452 0.004057412385251306 0.0009230272216111439 0.0004701715342480782 9.74668369087418e-05
 0.07113821138211382 0.04643064422518862 0.03398470688190314 0.02665589660743134 0.01855704886689535 0.006617492777248738 0.003640593505536366 0.0009000072766545772 0.0004594352856074565 9.353939331941653e-05
 0.05649717514124294 0.03844041735310269 0.02847843775427177 0.02277135869106857 0.01564038695475873 0.007265681763138775 0.004112229599485972 0.000925915209314707 0.0004709650072999576 9.560212308414839e-05
 0.05319148936170213 0.04632929436920884 0.04742962056303549 0.02873792607966792 0.02008256164230727 0.006941445054606034 0.003896643690900904 0.0009196300788008023 0.0004773316188360902 9.745111633236956e-05
 0.0704225352112676 0.05411673753382296 0.04427083333333334 0.02389828888251602 0.01598917655740729 0.006268511698609957 0.003601872973946452 0.0008437879944309992 0.0004304432979000237 9.159296088184109e-05
 0.05095541401273886 0.04504504504504505 0.03567953292247811 0.02486437613019891 0.01777963708623124 0.005730940529211422 0.003476078644159764 0.000805281110214224 0.0004108419227010704 8.360764603866973e-05
 0.05592841163310962 0.03754693366708385 0.02718622564567286 0.02346994042245893 0.01849537615596101 0.006047826868696775 0.003308978062369764 0.0008850749427587401 0.0004779070402534273 9.747465062300227e-05
 0.05115089514066496 0.03105590062111801 0.02637362637362637 0.02642479645764891 0.01910367616687319 0.006807998606735168 0.003993440561460749 0.0009350252838469612 0.0004781560740458834 9.74851807604043e-05
 0.07218212104386452 0.05455962587685113 0.04383218534752661 0.01889406726287945 0.01690962099125365 0.007305491294289541 0.004126724842023814 0.0009267178549570718 0.0004712003337669031 9.561168271183416e-05
 0.06688963210702341 0.05313199105145414 0.04817987152034262 0.03063167480751718 0.02122655039871493 0.006848644946678407 0.003864360931310984 0.0008702614265325304 0.0004421296500985949 9.550463655113656e-05
 0.06293706293706294 0.045 0.03449597546952856 0.02162863631448037 0.01812825742125538 0.00556689552792726 0.0034592500345925 0.0007903477337260654 0.0004021689658960717 8.165507264214506e-05
 0.05592841163310962 0.0424929178470255 0.03294289897510981 0.01595092024539877 0.01517362124306974 0.005566925910765452 0.00304435808814312 0.000786030889096793 0.0004471150388115293 9.144249340620107e-05
 0.04573170731707318 0.02610966057441253 0.01752336448598131 0.02102165230187093 0.01581814986232351 0.006386817608456147 0.003532414316875226 0.0008490291159098408 0.0004318327472512373 8.764058595699039e-05
 0.05242463958060289 0.04711425206124853 0.04824874910650465 0.0266798418972332 0.01744524132583834 0.00527812303134524 0.004112863838501546 0.0009412632521221645 0.0004797853694836922 9.755246829644324e-05
 0.06423982869379015 0.0457084814626714 0.04790189691511784 0.02668699961875715 0.01914346660832467 0.007049052208958426 0.003970377531115676 0.0009056278023881598 0.000460925754667854 9.360036388635083e-05
 0.05181347150259067 0.0312256049960968 0.04322766570605188 0.0278454577097111 0.01912489133584468 0.006385173300152262 0.003709678810832263 0.0008308568646167044 0.0004396291483894919 9.343314113274762e-05
 0.0576036866359447 0.04725085910652921 0.03730077992539844 0.02675873974967631 0.01830096227640356 0.005663174375801589 0.003666745239778948 0.0008635296871911683 0.0004403885205392313 8.957933544077015e-05
 0.0463678516228748 0.04602510460251046 0.03652058432934927 0.0170877578420603 0.01802744824377762 0.005316777004081913 0.002846596022111623 0.0006072275751835885 0.0004317717262135484 8.763681550916691e-05
 0.05964214711729623 0.04214963119072708 0.03194888178913738 0.01355748373101952 0.01507204437209863 0.005975406484888512 0.003327787021630616 0.0009150595932560108 0.0004683114153834446 9.740113883796863e-05
 0.06315789473684211 0.04651162790697674 0.04134509371554575 0.0185002466699556 0.0179315436949528 0.006792114971982525 0.003813717247536252 0.0008847583071111487 0.0004507201233797346 9.548786040947979e-05
 0.03992015968063872 0.0303030303030303 0.02843216896831844 0.02899887958874316 0.02145190385646726 0.007240430564270889 0.003991484832357637 0.0008748464158514394 0.0004783016970925114 9.749074733223534e-05
 0.07005253940455342 0.04836109618484686 0.03645200486026731 0.01692865779927449 0.01513317191283293 0.006759903258273371 0.00384099968418447 0.000900705808402627 0.0004596617476339645 9.354819961513873e-05
 0.03992015968063872 0.02521008403361345 0.01705514496873223 0.007672241829062451 0.01802884615384615 0.00555368562773477 0.003405459213076963 0.0007555943039814008 0.0003835460702754746 9.753539987622956e-05
 0.05076142131979695 0.03098373353989156 0.02140181915462814 0.01138627953316254 0.01904258132769109 0.006821607043705878 0.003784744837784076 0.0009242802648833191 0.0004705882352941177 9.559075685176622e-05
 0.046801872074883 0.02661934338952972 0.02911813643926789 0.02676898367091996 0.01814442966009435 0.006931608133086876 0.003896070163894685 0.0009357734740685712 0.0004783712727311778 9.744582558987041e-05
 0.0663850331925166 0.05429864253393665 0.04552352048558422 0.02337441563960901 0.01975057840979629 0.006425147037018732 0.003504704391664195 0.0008854940671897498 0.000450909661229611 9.35064914394807e-05
 0.05707762557077626 0.0361271676300578 0.03196164602477027 0.02419432884931772 0.01684717208182912 0.006808753206447731 0.003780784820588572 0.0009440178168913686 0.0004805174682809439 9.758275565337729e-05
 0.05383580080753701 0.03233629749393695 0.02974925626859328 0.02285373608903021 0.01808913007728992 0.006722426326897522 0.004166666666666667 0.0009437814433307395 0.0004804562176917707 9.758024880175437e-05
 0.06393861892583121 0.04719207173194903 0.04352278545826933 0.02154195011337869 0.01422571467280856 0.006296822526478946 0.003466204506065858 0.0009162438583028873 0.0004684992796823574 9.742160791381568e-05
 0.06613756613756615 0.04012841091492777 0.02754820936639119 0.02562743018734535 0.01980622022375676 0.007100031555695803 0.003997497219132369 0.0009073253977753153 0.0004697597081226347 9.745634949994949e-05
 0.06618863761720904 0.0505050505050505 0.04883011190233977 0.02641471096210505 0.01716171617161716 0.006809228125354647 0.00374128147798434 0.0009179066374211413 0.0004689340932670834 9.350939361545714e-05
 0.05452562704471101 0.04462072384729797 0.03427265803503427 0.01282599401453613 0.01936837574648948 0.007202805962670675 0.00406634193609787 0.0009088904960995061 0.0004617830327158541 8.759987879362225e-05
 0.05555555555555555 0.04039238315060589 0.03003003003003003 0.01791900609246207 0.01869775626924769 0.006490556240669825 0.003984753984753985 0.0008897984606486631 0.0004520213707842865 9.551932763945275e-05
 0.05854800936768149 0.05160339107998525 0.0419287211740042 0.018001800180018 0.01301102513182223 0.004619174707452269 0.00370852631405449 0.0008606296366421674 0.0004572171236568031 9.344672065633795e-05
 0.06962576153176675 0.05567153792623521 0.0456751355980588 0.02725538293813028 0.01962653507542197 0.007147849291568714 0.004065040650406504 0.0009088184393460375 0.0004617644313665771 9.746354117665546e-05
 0.04926108374384237 0.02777777777777778 0.01832620647525962 0.02622305990330247 0.01826588275586506 0.007065618087982306 0.004027282698108034 0.0009069157147267676 0.000461272720135045 9.361492437009604e-05
 0.06844626967830253 0.05110732538330494 0.04041764904008084 0.0266277271946401 0.01828153564899452 0.005986430756950911 0.003964628617723613 0.0008887789722623675 0.0004517581247716657 9.163594870299275e-05
 0.05903187721369539 0.04390779363336993 0.03297609233305853 0.02739467220857737 0.02063827645222994 0.006724398084366595 0.004062545919734465 0.0009086884146093896 0.000461730861992575 9.363426456261841e-05
 0.05876591576885407 0.04880032533550224 0.04043905257076835 0.02415945238574592 0.01993212304045682 0.007228589069770944 0.004103230439131141 0.0009425378890613669 0.0004801318500851989 9.756730850026302e-05
 0.0487012987012987 0.02749770852428965 0.01820388349514563 0.02082191780821918 0.01315516167001316 0.005590817903772158 0.003052311228016626 0.0009037053843535911 0.0004604452995882443 9.358068367259981e-05
 0.03992015968063872 0.02188183807439825 0.01375515818431912 0.01600985221674877 0.01715645580829044 0.00696959136982773 0.00394582214635569 0.0009208403435501847 0.0004696902979597828 9.554914181941093e-05
 0.06979990693345742 0.0580046403712297 0.05116096025186934 0.02897737894933633 0.02197917211785023 0.007229264060918598 0.003988477730999336 0.000890375428735125 0.0004521666647007247 9.16523260663001e-05
 0.05457025920873124 0.03273322422258593 0.03615328994938539 0.01785926896059055 0.01093693036820999 0.007178078771612259 0.004011756189878165 0.0008911689036297698 0.0004523712118828084 9.742435843574655e-05
 0.05319148936170213 0.04495504495504496 0.0436905679773837 0.02088409328228333 0.01291340842241194 0.005369127516778523 0.003747519397671427 0.0008479067302596715 0.000431536278960743 9.549310350795906e-05
 0.06472491909385113 0.04972875226039783 0.03973509933774835 0.02830188679245283 0.02070619006102877 0.006458771508537171 0.003764631722712986 0.0009170105456212746 0.000468690498276586 9.550771503363066e-05
 0.05827505827505828 0.03660322108345535 0.03025064822817632 0.02086023641601271 0.01363990646921278 0.006691877927696594 0.003744470375143683 0.0008649188898285538 0.0004581579904215736 9.348603249057332e-05
 0.07222222222222222 0.05475989890480202 0.04515946937623483 0.02742230347349177 0.01843544521600197 0.007410952770615572 0.004161320525713493 0.0007016531728366669 0.0003551216932991496 9.348467507710496e-05
 0.06295907660020987 0.048828125 0.0396039603960396 0.02805743522033339 0.02019021305987992 0.007095441572980558 0.003947333795317585 0.0008729185741554028 0.000442825779545582 8.967995019374855e-05
 0.06984866123399301 0.05045408678102926 0.03862495171881036 0.01776649746192894 0.01471246721678501 0.006953887996044011 0.003903166769305496 0.0009052737008359336 0.0004608435004887883 9.359699008011304e-05
 0.03992015968063872 0.05078290308929327 0.04021447721179625 0.02127228525121556 0.01756986767693406 0.005731315910132966 0.00353180345944456 0.000807454729666079 0.0004763219391941021 9.741204040651435e-05
 0.05657708628005657 0.04352557127312295 0.03273322422258593 0.02267807442531698 0.01463057790782736 0.006980359805819082 0.004107514183759916 0.0009259741537464335 0.000471021852470068 9.560368448633037e-05
 0.07086614173228346 0.04945054945054945 0.03711340206185567 0.01690946930280958 0.01046572475143904 0.006917743206937049 0.003814085506475075 0.0008361626744760371 0.0004236691124526205 8.571525392645631e-05
 0.0712896953985742 0.05391953546246371 0.04330343334364367 0.01814646791963707 0.0163388424558537 0.005152754230245005 0.002992378236609107 0.0007863218357738078 0.0004471898009616525 9.144563825179e-05
 0.06472491909385114 0.04484304932735426 0.03345880384776245 0.02888908342817123 0.02044424798320256 0.006885177653595503 0.003804131463705932 0.0009232171810717398 0.0004785590878859115 9.746842669449356e-05
 0.06457564575645756 0.04315659679408138 0.0315173345339937 0.02585131039400963 0.01916023430229375 0.006202461397838931 0.003397407241841752 0.0008863744970788179 0.0004511316539467155 9.160948707848185e-05
 0.05882352941176471 0.04642525533890436 0.04341864716636197 0.02253460671745896 0.01987967564739733 0.00648971380362126 0.003564395255789915 0.0008859937864870539 0.0004510330126750081 9.160567421477508e-05
 0.06053268765133173 0.0477326968973747 0.03685956505713232 0.0147551978537894 0.01571733936879165 0.006112086258776329 0.003409299520075529 0.0007559721802237678 0.000392254541817276 8.552826032733853e-05
 0.05668934240362811 0.03566333808844508 0.03528581510232887 0.01371553970648745 0.01655020228025009 0.006133186997643565 0.003376457207847597 0.0007924665424491469 0.0004027255680640589 9.534842698932574e-05
 0.05753739930955121 0.04378762999452655 0.03688799463447351 0.01618727431204084 0.01725368871965731 0.006455256999919309 0.0035540075878062 0.0008843279780225273 0.0004506004741100641 9.15878728895715e-05
 0.05701254275940706 0.04610419548178884 0.03585514521333812 0.0238389546176938 0.01747965259190474 0.006120047077285209 0.003887028077575156 0.0009154033782198837 0.0004682698404955856 9.549042489658188e-05
 0.05298013245033113 0.03167062549485353 0.02454590083456063 0.02793742017879949 0.01958151504979299 0.006034598363953332 0.003661981655215708 0.000813672802792835 0.0004130321476688269 9.744423654131029e-05
 0.06828057107386716 0.0505050505050505 0.03996003996003996 0.02661075719700024 0.0195795548227535 0.006642836807642425 0.003690361128196116 0.0008313146564640514 0.0004224200938362032 8.758603337187118e-05
 0.06705783738474434 0.04571428571428571 0.04054054054054054 0.02663337494798169 0.01886792452830189 0.006685875292507045 0.004014280589672195 0.0007923026828141818 0.0004026919465539391 9.534713906936425e-05
 0.07096392667060911 0.05494505494505494 0.04504504504504505 0.0259091329693717 0.01794828649952325 0.006850357740904247 0.003870102170697306 0.000937182027526375 0.0004787433085852353 9.751047789885218e-05
 0.05592841163310962 0.03511235955056179 0.03633060853769301 0.02961744138214726 0.02061970575122603 0.006622406913792817 0.003724427812608075 0.0008167090901666281 0.0004587030610133629 9.542809940029403e-05
 0.06134969325153374 0.04922377887163953 0.03965832824893228 0.02128338831541981 0.01714383679067375 0.006976311546570755 0.004006137061029662 0.000939382959593113 0.0004793071370789067 9.753312842087496e-05
 0.05813953488372093 0.0537955768081291 0.04509018036072145 0.02300773896674336 0.01852995676343422 0.00717060053779504 0.004126802317746934 0.0009418983288032509 0.0004799606628158802 9.756561835396449e-05
 0.0535475234270415 0.04192872117400419 0.03167062549485353 0.02462811545660526 0.01637382706719567 0.006087304765718862 0.003362415275983507 0.0009208774427233416 0.0004696981113243236 9.746373503707898e-05
 0.05221932114882507 0.03722084367245658 0.03240907454087145 0.02548203516520853 0.01770720283315245 0.005284691442209342 0.002837580550673697 0.0009275033125118304 0.00047619186450495 9.547036858324757e-05
 0.0488599348534202 0.02717391304347826 0.01798561151079137 0.01673640167364017 0.01552505744271254 0.006407909190772611 0.003616543101444034 0.0009015091647038062 0.0004598740336529948 9.355793873945607e-05
 0.055005500550055 0.04151530877010898 0.03142183817753338 0.02213725095592675 0.01460966778885854 0.004969767249233828 0.002703774469158946 0.0009033215324945898 0.0004603330068560235 9.357667782485591e-05
 0.06122448979591837 0.04545454545454546 0.03464203233256351 0.02224900343005469 0.01724768724193801 0.006825432153720602 0.003898734606354937 0.0008855230457372654 0.0004509078932406946 9.747967300145285e-05
 0.06488824801730354 0.048582995951417 0.04283674440742503 0.02402229268761411 0.01585188003297191 0.006726632772780602 0.003865282036745948 0.0009015333739982429 0.0004598681841664449 9.355747315199108e-05
# name: avgRateB
# type: matrix
# rows: 100
# columns: 10
 0.08095605242868158 0.0725094577553594 0.06549907446959989 0.04462957453138947 0.03389830508474576 0.01321744127577042 0.007653018783170013 0.00176331687570916 0.0008998215027997163 0.0001967979580720956
 0.06797583081570997 0.06677000119232145 0.06143764079459348 0.04233188195452347 0.03240317169868863 0.01335397991220469 0.007767247006717842 0.001878279875084902 0.0009632580305557123 0.000196844013844298
 0.07921140644252772 0.06881485527034407 0.06366851945426984 0.04274441034633933 0.03284625426369647 0.01297157064101178 0.007701502595245926 0.001848174362049814 0.0009505897051134937 0.0001947984829571205
 0.07294571980261746 0.06061189147585145 0.05515311162331248 0.0380979938271605 0.03013541865344269 0.01244824152209235 0.00748255383500575 0.001797438177586892 0.0009230748302756884 0.0001964148925342699
 0.0766992859032002 0.06661732050333087 0.05940271787777687 0.04150847886610984 0.03253968253968254 0.01264352607359708 0.007247781420396605 0.001653159456841004 0.0009222253394517322 0.000194463080489658
 0.07431629013079667 0.06003232509812976 0.05108055009823183 0.04282986738221786 0.03340577960235048 0.01291036517890077 0.007512651800972517 0.001846363699736045 0.0009501067900642097 0.0001964488009777198
 0.04985044865403788 0.06365975890559393 0.05458860759493671 0.03960064699648614 0.03033280642542829 0.0125664572257129 0.007394646600900358 0.001739688997136204 0.000888888020622202 0.0001810823110639899
 0.07311129163281885 0.05807582730659654 0.05332280043448207 0.03823427181091414 0.0297281993204983 0.01221035494238677 0.007339188901252396 0.001759947012348015 0.0009037154365285667 0.0001944020925599939
 0.06885593220338983 0.05067567567567568 0.05290560967416863 0.03840430128174355 0.03010257172588078 0.01208844941866783 0.007253498057934391 0.001815530940908173 0.0009419028552151143 0.0001961394991667043
 0.07146260123868509 0.06071428571428571 0.05404477996053873 0.03851943681926857 0.0302944239325949 0.01314834344568775 0.007762845082722817 0.001827259282381985 0.0009356378613657584 0.0001965251963167605
 0.08044770898915705 0.06981910504601714 0.06490952006294257 0.04527309901664882 0.03553069247051709 0.01211781063050882 0.007360917402758407 0.001823734226094659 0.0009440978470715626 0.0001944578327118951
 0.05065123010130246 0.05931198102016607 0.05515759312320917 0.04071345482745251 0.03154342723004695 0.01265382743516652 0.007425358824345385 0.001780107488192585 0.0009137453547227512 0.0001651016817496004
 0.07377257695242941 0.06154331702698437 0.05535656138065776 0.03988439306358382 0.02976607367978708 0.01233755551899983 0.007643934498573658 0.001843172362946969 0.0009492720633106348 0.0001947432439494963
 0.07231093702922567 0.06291320110897847 0.05861315318895291 0.03962068069628475 0.02898421475073576 0.01172869525416941 0.007311649643839747 0.001836860786361958 0.0009521931701780794 0.0001963751527114351
 0.08723088344469192 0.07327327327327328 0.06387921022067362 0.04502834136780209 0.03458815958815958 0.01300606445563571 0.007506505638219791 0.001861182132651527 0.0009135730717533897 0.0001868526128455606
 0.0768521364893944 0.06862874488583871 0.06290068948832708 0.04368638750755217 0.03491438546967277 0.01371960025417365 0.007922146151087835 0.001821165392489897 0.0009307155733207931 0.0001910115534133963
 0.07460766658091073 0.06258833030486574 0.05777254734139296 0.03861003861003861 0.0310659971823863 0.01247733043162858 0.007190815823139376 0.001649671216690069 0.0009576144373434808 0.0001966049307325083
 0.07780082987551867 0.06477225240284162 0.05584701303096971 0.03883952215618196 0.02974057617887344 0.01200293718933574 0.006980802792321117 0.001650155626746177 0.0008462302388217363 0.0001964656036356059
 0.07437619961612284 0.06795224977043159 0.06313744536182612 0.04525885859366376 0.03490466896862333 0.01378209778035688 0.007943675162218208 0.001822419597724853 0.0009294380421925736 0.0001891017289670607
 0.07113440658929239 0.06584723441615452 0.05922597773920147 0.04034501947690596 0.0291487574724569 0.01276926493448812 0.007490335051546392 0.001768729994807922 0.0009371935401278255 0.0001925893217361471
 0.07888805409466566 0.06542056074766354 0.05908419497784342 0.04083913678961396 0.03316112817648701 0.01351873310158362 0.007958679833679833 0.001875628761914505 0.0009625069514390938 0.0001968666387606549
 0.07898894154818326 0.06494646305072845 0.05763302506366438 0.04031290492873255 0.03191888847164852 0.01302170732034742 0.00775181408432695 0.001841456307177693 0.0009440435233261476 0.0001944182134156503
 0.0754084625052367 0.06931074316519061 0.06384488058642705 0.04010564413577228 0.03152656968131577 0.01257861635220126 0.007545210414012997 0.001800316476685902 0.000923748005433583 0.0001926431755857147
 0.07556174189699742 0.06607929515418502 0.06118162724865309 0.04238036376478898 0.03218596334376397 0.01214117253024827 0.007114120302227456 0.001756519899670605 0.0009028074399099134 0.0001944579870542571
 0.07469118069520252 0.06323593545573485 0.0592428029251134 0.04175988068605518 0.03295409964692036 0.01309324550510232 0.007778169804663695 0.001842957243391953 0.0009444479604305514 0.0001928930255052306
 0.07730673316708229 0.06692573402417962 0.05866767600302801 0.04142402593504232 0.03123605533244088 0.01304812537305146 0.007663085125462639 0.001805047292239057 0.0009249982230297295 0.0001889168640516463
 0.07551240560949299 0.06407840180927252 0.05706612957368245 0.04012330576894847 0.0317718625285753 0.01267807238770363 0.007647586718170822 0.001651759693646041 0.0008467977418726883 0.000196492002477784
 0.08147745790331341 0.06875477463712758 0.06112054329371817 0.0430752453653217 0.03316225819186735 0.01296491370229317 0.007700761252336299 0.001827892497072516 0.0009357974700325482 0.0001909517132844112
 0.08750820389411507 0.07692307692307693 0.06569492917265449 0.04498630851479984 0.03386141008586287 0.01274078568178371 0.007369320180213376 0.001830112712302508 0.0009410732892354798 0.0001927513567112247
 0.07669616519174041 0.06481895395619133 0.05975842339478703 0.04206547582759251 0.03151074028048997 0.01284965898981912 0.007494399789168534 0.001799160644213142 0.0009234624593068977 0.0001926445911853382
 0.06358381502890173 0.06 0.05907626208378088 0.04269425887789442 0.03363805453322252 0.01363585245164192 0.007967865679856086 0.001864837350028068 0.0009549534801233254 0.0001949132029629193
 0.07754495957762746 0.0693298118190822 0.06424829494909558 0.04420809841107125 0.03301587301587302 0.01260734785897569 0.007202047075968887 0.001635700609057933 0.0008330344209822749 0.0001928379201257383
 0.07807417046193885 0.06631108548363845 0.06070203219846926 0.04176610978520286 0.03082191780821918 0.0111205898482725 0.006279785971130189 0.001409587512213207 0.000716674864249018 0.0001454358253463166
 0.03992015968063872 0.01974333662388944 0.01278772378516624 0.0411946446961895 0.0305103550295858 0.01257232659475677 0.007365517918668314 0.001718147455232713 0.0008784515826769348 0.0001925249890489007
 0.06919006919006919 0.05729291000238721 0.04966887417218543 0.0421209117938553 0.03304050377050455 0.01291041929520848 0.007729107003384535 0.001811159027388538 0.0009266430356435682 0.000192669884187523
 0.07212405337179949 0.05908419497784342 0.05038335158817087 0.04182453377946169 0.03312032418952619 0.01273017940671443 0.007739510199568799 0.001820734600714779 0.0009530676745437549 0.0001964124375497727
 0.07569141193595343 0.06665527260297385 0.05974607916355489 0.04350567465321564 0.03246602662214183 0.0130878880132017 0.00762139503960693 0.00181784441524111 0.0009474210329402825 0.0001963929167621355
 0.07107952021323856 0.06304310785483047 0.05638567803777841 0.04110251450676982 0.03100637845499646 0.01114361331661791 0.007438415459243022 0.001820608158201464 0.000953065839521041 0.0001964127882580864
 0.07926023778071334 0.06273963053328686 0.05636070853462158 0.03920031360250882 0.02764927952358165 0.01217936340546883 0.006954633736758632 0.001850906663824871 0.0009560127893266483 0.0001965749105286316
 0.0859375 0.0721370604147881 0.06339144215530904 0.04078908335805399 0.0325286765964732 0.01294079585894533 0.007508622539069591 0.00178375906348854 0.0009147047547131623 0.0001869044409290503
 0.03992015968063872 0.07634592602343029 0.07033713315546931 0.04529402732995548 0.03202601497832085 0.01163512255662426 0.0065195281600153 0.001782619084644064 0.0009302469805733423 0.0001907170843172149
 0.08055235903337168 0.07112375533428164 0.06451612903225806 0.03927729772191673 0.03530377668308703 0.01349527665317139 0.007818088061613188 0.001801363287066403 0.0009193118070931752 0.000192816760666494
 0.07551669316375199 0.06133333333333333 0.05236794171220401 0.03756201275690999 0.02728161836619138 0.01232091690544413 0.007144221902855196 0.001647632677537211 0.0009535578785552539 0.000196434534619801
 0.07336523125996811 0.06157965194109773 0.06054670109518298 0.04324760696574789 0.03309943068979213 0.01239687716760873 0.00709849157054126 0.001615667357172121 0.0009306726436532004 0.0001907358030970726
 0.03992015968063872 0.07064364207221351 0.06515444015444016 0.04302925989672978 0.03182686187141948 0.01263978110873186 0.007214088690855082 0.001700404084790936 0.0008690761232564771 0.0001848365279909084
 0.07838014369693011 0.06843598731430479 0.06116927420303494 0.04191773644223212 0.03109211037699184 0.0105372395625449 0.006425920132576878 0.001584504689561168 0.000810156828792388 0.0001651571370666938
 0.07796471070988921 0.06503642039542144 0.05552128315854411 0.03629215182216846 0.03185446730119742 0.01270042863946658 0.007696030593705124 0.001838493117970607 0.0009501574546639158 0.0001947128313570312
 0.03929273084479371 0.02640845070422536 0.05603448275862069 0.03767266638760988 0.02916077018740083 0.01124775044991002 0.006431956668923494 0.001724238102288551 0.0008895420792079208 0.0001826888784570892
 0.07822149032523672 0.06306306306306306 0.0530035335689046 0.03715425897894592 0.02720540077585772 0.008863356585966353 0.0048429624580725 0.001797802139573788 0.0009231430006811823 0.0001888391303302081
 0.06194690265486726 0.05015432098765432 0.0494484594903005 0.02696763883339992 0.03174603174603174 0.01267242509431489 0.007296821269814644 0.001670551819749379 0.000894054537326777 0.0001906308889555215
 0.07470288624787776 0.06440927493559073 0.06062976725992568 0.04216252975178511 0.0336222960382403 0.01312839273070569 0.007518796992481203 0.00185147749793598 0.000958369957909166 0.0001966374597141487
 0.06404391582799634 0.06218905472636815 0.05249942935402876 0.02744932432432432 0.03265647896169144 0.01325692781388984 0.007703075432159097 0.001869243579431523 0.0009608889095949124 0.000196743595399777
 0.06609385327164573 0.06614850339011079 0.06020066889632107 0.04368298632779259 0.03451386437620112 0.01380900859859917 0.008028272762636254 0.001856924894088278 0.0009645550380950525 0.0001968969047806568
 0.08244589488148402 0.07315957933241883 0.06666666666666667 0.04650081376424087 0.03547479991347609 0.01282526732183695 0.007198799621846188 0.001806172928699898 0.0009253451050217993 0.0001927567957700018
 0.07536504945831371 0.06324824937881184 0.05532750312332679 0.04230565838180857 0.03223510696194583 0.01285873758283995 0.007597617257906776 0.001801658284214439 0.0009569146751081362 0.0001965761985935867
 0.04587155963302752 0.06852551984877127 0.05957271980279375 0.04154367552202908 0.03209403134378126 0.01317637519366376 0.007605897495904517 0.001861281359267187 0.0009560949605103809 0.0001965749105286316
 0.08790623335109217 0.07593189139438564 0.06568778979907264 0.04403975480568946 0.03346296463778602 0.01170923130478813 0.006503779223062049 0.001810216863980305 0.0009270146712269283 0.0001967708512008885
 0.07945516458569807 0.06525711302531975 0.05741775294847921 0.03937007874015748 0.03260129688675528 0.01325056530944391 0.007665772326561901 0.001763966009141946 0.0009249549936372833 0.0001965898609275666
 0.07819287576020852 0.06511627906976744 0.056657223796034 0.03948879954049397 0.03098030537729586 0.01237966239932422 0.007812126333242989 0.001859642531163244 0.0009536200096724316 0.000194858790010425
 0.0744047619047619 0.06099420555047271 0.05755395683453238 0.04056415376934598 0.03079099571422627 0.01204783873527078 0.007568709692678851 0.001816891412349184 0.0009328947432352984 0.0001908292624747176
 0.06993006993006994 0.06734469488730072 0.06169792694965449 0.04077606050641237 0.03021442495126705 0.01280409731113956 0.007446077985256766 0.001722791381448982 0.000942576674239671 0.0001928155725012394
 0.06741573033707865 0.04792332268370607 0.05869014272375617 0.04190453054779546 0.03169365692701775 0.01138206311587876 0.007238392433467109 0.001828801550522057 0.0009407602312524428 0.0001927394454786804
 0.03992015968063872 0.06988847583643122 0.06377204884667571 0.0430703876334887 0.03278541273690829 0.01241691622233584 0.007140816909454442 0.001798779102352424 0.0009233924466497864 0.0001967365578256437
 0.07644529383659818 0.06948580504268415 0.06276365881263504 0.0429214748100197 0.03110575958258078 0.01299801378665732 0.007763114117777531 0.001856855396438627 0.0009528865656606907 0.0001967902907248562
 0.08533916849015317 0.07474069554606468 0.06675279931093885 0.04524576677863851 0.03315416687597327 0.01100483889239533 0.00719453538660523 0.00184024789440323 0.000943301787268121 0.0001962399630196692
 0.03992015968063872 0.07059201026792877 0.064 0.04014847360048481 0.03073524468136195 0.01285090099094725 0.007603517031069264 0.001835709662645769 0.0009425968251006733 0.0001928177572034826
 0.08528198074277854 0.07244832729597273 0.06389252948885976 0.04131077988053369 0.0328013857664099 0.0130968145636578 0.00754425965665236 0.001856602115010818 0.0009528115231858906 0.0001948240420819931
 0.08365284071104916 0.06936416184971098 0.05827757392618174 0.04139179924977364 0.03238924677007234 0.0133945389348551 0.007852824971983412 0.001859677820305784 0.0009536218655762941 0.0001967172461811023
 0.07216959855660804 0.06797853309481217 0.06379585326953748 0.04464019998809595 0.03352395977124827 0.01350659690627843 0.007856823858279438 0.001818425434986505 0.0009285350551305471 0.0001927663723236774
 0.08573178199632578 0.06389776357827476 0.04989308624376336 0.04082642583199307 0.03071195905072126 0.01205874330667968 0.006986202250555153 0.001782537954784218 0.0009143737609749169 0.0001868910631874708
 0.0594059405940594 0.06125949522175937 0.05296610169491525 0.04206804048286794 0.03175772080821099 0.01303529899717075 0.007452132749582934 0.001870179329417921 0.0009611193253913164 0.0001967529796151989
 0.0697084917617237 0.0565149136577708 0.06201935003721161 0.04458832152455412 0.0336452044061391 0.01270736748031056 0.007447417955642851 0.001818240360011591 0.0009332438974598268 0.0001964421742696072
 0.0678886625933469 0.05126014523707817 0.04532442748091603 0.04264038099457304 0.03291723666210671 0.01269759744336016 0.007375364624767965 0.001706638440017412 0.0008707009142359599 0.0001907514554236699
 0.05813953488372093 0.06611290049160876 0.05908835115362972 0.04047093451066961 0.03123985718922427 0.01245413396898519 0.00762550966416633 0.001848965899786048 0.0009507953694325109 0.0001948203627038283
 0.07139214686384499 0.06172839506172839 0.06357279084551812 0.043954643903682 0.03315063649222065 0.01242254844036419 0.007474639615589963 0.001786752937687942 0.0009154797893227788 0.0001869673791648724
 0.07823960880195599 0.06939424606043082 0.06348366618172199 0.04048582995951417 0.03001031604614086 0.01208837622522247 0.00696069305020924 0.001838173230945834 0.0009479342288409956 0.0001968421743305875
 0.08143322475570033 0.07222699914015478 0.06432246998284734 0.04402895054282268 0.03327338129496403 0.01297357181382196 0.00746763326369136 0.001709263825831778 0.0008713692539806399 0.0001907365231235252
 0.07476635514018691 0.06420545746388442 0.05594405594405594 0.04074665491988327 0.03148534229672807 0.0114520946500147 0.007777962967372239 0.001871660787005002 0.0009615095116600024 0.0001967683873101483
 0.07462686567164178 0.0699832648714438 0.06335529650278762 0.0432580112698503 0.03316894339457949 0.01316674956842321 0.007567285782751633 0.001862775535547967 0.0009591591952363698 0.0001966697650432008
 0.03992015968063872 0.02583979328165375 0.01737116386797916 0.04626918121119831 0.03500780294402969 0.01309285630222431 0.007507064231791152 0.001863610095119412 0.0009593804146849162 0.0001966791031432897
 0.0859375 0.06940253470126735 0.05816894284269095 0.04107039722774819 0.03057957857518276 0.01068669658941712 0.00603016806939862 0.001836781359293177 0.0009475639388105752 0.000194602984097759
 0.07983339118361679 0.06666666666666667 0.05983545250560957 0.04111886598495915 0.03175378602833415 0.01344731533954471 0.007937922208362359 0.001866826680382128 0.0009554972290580358 0.0001949353799161261
 0.07720254314259764 0.06526315789473684 0.05706612957368245 0.04388816644993498 0.03398714221366857 0.01295054057593528 0.007465781833264205 0.001808130938815486 0.000930571603607516 0.0001907637365290498
 0.07668711656441718 0.05962239152037099 0.06017155293816413 0.04032809295967191 0.03255333001417027 0.01334804342200248 0.007902970871907358 0.001864879934082203 0.0009549860503823355 0.000194914908703249
 0.0396039603960396 0.06981740064446831 0.06420545746388444 0.04409277603285818 0.033327246165084 0.01255409337291565 0.007185608494234605 0.001787653400630243 0.0009157161241048632 0.0001869471138547699
 0.08614748449345279 0.0708322792815583 0.05964214711729622 0.03404177017204894 0.03032263281313172 0.01227586206896552 0.00723071673464082 0.001757203589985829 0.0009029643445595427 0.0001962936974059292
 0.07075471698113207 0.06247107820453494 0.05880047040376323 0.03991893385739729 0.03012996357422314 0.0106338061206937 0.007626103061335657 0.001849042648734726 0.0009508147415093699 0.0001947406511570973
 0.07839127471029313 0.06545608108108107 0.057161522129675 0.04047604663807165 0.03064623584277149 0.01146506059066831 0.007364854912358226 0.001790844449136247 0.0009212862707980376 0.0001887614980589357
 0.07054673721340388 0.05605730302086577 0.05055976886962803 0.03911454975284762 0.03180139515798112 0.01321454452448954 0.007685959774113687 0.001852226357181063 0.0009516558812333461 0.0001947762210034354
 0.07110208227526663 0.05642633228840126 0.04697286012526096 0.03656449354286603 0.03451152912621359 0.01369550330974663 0.00795485619111542 0.001838488762237441 0.0009385448643998201 0.0001967898604322579
 0.06731946144430845 0.04954954954954955 0.04351373402230079 0.03818227341011517 0.02860492379835873 0.01229630204895223 0.007430931447701887 0.001794714848148232 0.0009452579879122724 0.0001945067329101026
 0.07910656119125174 0.06639194139194139 0.06047819971870605 0.04563729218733022 0.0353594881293147 0.01307996414032303 0.007502444616785245 0.001711150162078605 0.0009344529897142035 0.0001908941881469026
 0.08258064516129032 0.07083065035415326 0.06215859860614052 0.04270097927579139 0.03273113708820404 0.01308882677755812 0.007746245894893125 0.001828070876380947 0.0009405741380898588 0.0001927691305476273
 0.07778738115816768 0.06939897865654052 0.06391702846116738 0.04392473437407254 0.03307560137457045 0.01274826522186328 0.007356936839025206 0.001848672916941767 0.0009507178890182383 0.000194737129713806
 0.07220216606498195 0.06586418351124233 0.05967720059677201 0.04172669017932542 0.03279182842712299 0.01347765657246346 0.007880738162474551 0.001874744353042767 0.0009623207677570052 0.0001965673776382966
 0.0711743772241993 0.06746396810794235 0.06128987324139853 0.0436046511627907 0.03335186214563646 0.0127061004230384 0.007288509002965098 0.001810565782947111 0.0009301171947665405 0.0001907132576506312
 0.06065857885615251 0.04091174751607247 0.0622876557191393 0.04393948904651309 0.03288237504697482 0.01250670001786672 0.007371248853361289 0.00171891532623103 0.0008794026315635193 0.0001947474235213951
 0.06279434850863422 0.06141465480728505 0.05393342012274502 0.0427027027027027 0.03262512930691493 0.0134142999322073 0.007868594472312383 0.001837067428029056 0.0009381944838073496 0.0001910512015229965
 0.08035355564483729 0.06511123168746609 0.06051803437424352 0.03922611528488797 0.03055543928676071 0.01161976551909068 0.006626004519274878 0.001834324561984096 0.0009422022082500002 0.0001927999360778769
 0.06054490413723512 0.06407577657055301 0.05871840694408987 0.04019218331331424 0.03198180590597349 0.01301512300705929 0.007585751978891821 0.001759896548689834 0.0009150671649564321 0.0001869208684423089
