# Created by Octave 3.0.1, Tue Sep 08 20:09:30 2009 PDT <jwawerla@daneel>
# name: prtA
# type: matrix
# rows: 100
# columns: 10
 216.3 301.3 629.9 930.3 973.7 1257.1 1320.5 2007.2 2074.4 2233.4
 294.5 354.2 451.8 813.4 1043.5 1181 1892.5 2048.2 2116.7 2732.8
 300 382.3 620.1 882.3 1417.9 1913.6 1978.5 2135.2 2203.9 2364.3
 374.8 575.5 611.7 1379.6 1586.3 1731 2316.7 2474.7 2543.6 2510.1
 485.4 604.7 642.9 1464 1520.4 2117.7 2184.7 2127.8 2195 2809.4
 157.1 766.9 830.4 1191.5 1244.7 2030.5 2355.9 2514.1 2583.1 2742.6
 178.3 567.3 603.1 933.8 1418.9 1567.9 1627.2 2101.4 2480.7 2639.5
 216.9 825.6 939.9 1343.6 1399.5 1341 1399.4 1549.5 1617.1 1776.4
 126.6 639.5 886.2 1311.1 1367.4 2051.5 2111.9 2271.1 2168.8 2329.4
 424.4 602.7 842.7 1525.6 1581.5 1880.7 1941 2100.3 1935.3 2094.5
 460.7 531.1 572.3 889.8 1665.4 2039 2099.5 2258.9 2327.9 2487.6
 88.3 550.3 895.9 1296 1340.6 1893.6 1956 2114.8 2183.8 2343.7
 113.5 504.6 583.9 1100 1152.4 1290.3 2143.9 2299.9 2368.4 2528.5
 78.2 618.9 647.5 1053 1105.9 1666.2 1729.9 2927.6 2996 3156.1
 77.59999999999999 136.7 822 1161.6 1281.8 1989.9 2053.7 2498.1 2566.6 2726.7
 186 210.2 285.9 603.9 1189.2 1629.4 1692.6 2167.4 2234.9 2961.7
 79.40000000000001 236.5 252.9 477.1 798 1058.8 2149.1 2294.5 2798 2956.5
 80.5 166.6 180.7 705.9 1030.4 1169.7 1231.2 1766.1 1844.5 2608.3
 80.2 131.6 143.2 543.5 742.3 1500.2 1562.4 2596.6 2663.9 2822.1
 143.6 164 275.6 911.5 953 1585.3 1647.6 1801.3 1868.6 2028.2
 150.8 224.8 303.2 745.8 1372 1736.2 2079.2 2232.8 2300.1 2459.8
 81.2 148.6 161.8 666.9 788.8 1763.1 1825.3 1978.9 2046.3 2206
 56.4 195.5 252.4 710.3 751.3 888.5 950.8 1104.1 2647.8 2816.2
 53.4 63.5 70.5 756.8 1043.5 1685.8 1748.2 1822.5 1969.1 2049
 180.1 222 236.4 588.9 630.7 1370.3 2061.4 2868.5 2936 1985.7
 167.6 256.8 434.5 530.7 728.4 1907.9 1970.2 2123.6 2191.1 2346.6
 68.8 134.3 146.6 634.2 715 1760.2 1821.1 2184.6 2216.6 2384.3
 150.1 253.6 268.8 837.8 1163.5 1510.8 1571.7 2038.9 2058.9 2681.7
 85 158.8 170.9 849.9 977.9 1544.2 1604.3 1756.6 1823.3 1939.5
 67.8 97.2 106.6 763.1 800.4 1433.9 1494.1 1646.2 1713 2876.4
 138.9 188.8 201.4 677.4 713.8 1041.9 1632 1755.4 1822.9 1982.1
 130.5 196.2 318.5 539.7 576.1 1395.5 1645.1 2144.8 2213.9 2375.7
 132.3 147.9 159.3 578.6 912.6 1741.5 1800.5 1955.4 2024.4 2676.5
 80.59999999999999 169.8 182 637.6 836.8 1382.9 2102.2 2452.5 2521.5 2682.6
 40.1 70.09999999999999 77.40000000000001 686.3 843.5 1414.5 1473.3 1628.1 1697.1 2755.3
 211.4 402 416.2 787.7 925.4 1244.8 1303.3 1686.3 1755.1 1921.5
 82.40000000000001 145.4 231.2 714.9 793 1040 1275.6 1428.7 2465 3002.1
 172.2 207.5 219.5 267.5 299.7 1701.6 1758.9 1911.8 1980.4 2146.1
 119.9 151.9 219.4 470.1 568.2 1477.7 1534.2 1924.1 1992.4 2157.1
 127.4 142.9 153.5 489.8 523.2 1028.5 1085.1 2023.9 2092.3 2257.2
 171.4 252.8 357.3 438.7 808.8 924.8 981.6 1644.8 1712.8 1879.5
 116.5 131.3 141.3 642.7 807.9 1247.2 1304.2 1995.9 2049.6 1876.9
 155.4 172.6 321.6 368.4 759.2 1228.4 1586.1 2007.3 2076.6 2908.9
 65.8 140.7 151.1 506.4 575.6 1229.2 1286 2112 2181.2 2742.8
 80.2 91.7 184.9 226.4 625.5 1190.8 1247.6 1732.8 1802 3418.2
 41 189.4 200.4 486 817.1 1102.5 1159.1 2011.2 2866.7 3035.4
 138.6 281.6 294 365.8 395.9 961.8 1741.6 1894.3 1962.3 2659.5
 103 148.1 158.1 418.1 754.1 915.5 971.9 1847.9 1916 2084.3
 221.6 240.9 252.7 602.6 784.8 1296.2 1560.9 1713.8 1781.7 2754.4
 55.2 126.6 154.3 312.8 917.1 1116.3 1545.5 1832.1 1900.1 2069.3
 172.4 190.1 392.9 485.1 515.7 1168.3 1224.6 2289.1 2357.1 2999
 148.1 164.4 292.3 383.6 478 1195.1 1251.7 2385.9 2453.9 2961.7
 120.3 135.3 144.6 275.7 305 1161.7 1218.5 1370 2053.7 2222.2
 80.5 125.6 134.1 338.7 820.6 1164.3 1544.1 1695 1761.6 2521.7
 64.3 73.90000000000001 178.1 340.7 371.4 1405.7 1462.6 1613.3 1680 2943.9
 179.9 213.6 224.4 727.8 759.9 996.5 1669.6 1820.3 1887 2703.3
 166 200.6 211.4 282.6 699 1549.8 1606.9 1757.7 1824.4 1993
 53.7 61.7 136.6 617.3 649.7 1485.5 1542.7 2344.5 2411.2 2055.4
 85.7 293.6 305.6 354.4 494.4 1404.7 1575.5 1909.4 1976.1 2621.9
 51.3 59.3 64.40000000000001 327.2 596.6 705.8 1591.7 2094.8 2408.8 2573.4
 68.09999999999999 78.5 139.6 532.1 872.2 1424.8 1482.3 1586.8 1971.9 2749.3
 83.7 173.9 203.9 805.3 837.5 1039.2 1422.7 2345 2410.8 2578.3
 66.09999999999999 76.2 82.7 842.9 875.2 1346.8 1515.4 1806.2 2184.4 2797.9
 67.09999999999999 77.09999999999999 170.5 396.5 463.4 865.8 1806.1 2131.5 2198.2 2823.3
 76.09999999999999 134.7 144.3 426.3 922.2 1033.1 1613.3 1764.5 1831.4 1997.9
 74.90000000000001 133.4 142.9 514 954.7 1262.9 1494.1 1644 1710.9 3784.1
 40.1 64 69.8 475.4 855.6 1208.2 1961 2321.7 2388.5 2555
 93.40000000000001 166 336.7 431.5 909 1160.6 1217.7 1915.1 1982 2148.3
 179.5 213.9 225.8 274 714.9 1416.8 1890 2282.2 2623.9 2790.3
 76.09999999999999 134.9 415.7 565.7 994.8 1370.3 1578.2 1728.7 1795.6 1962
 95.59999999999999 231.6 243.9 644.9 826.4 1095.8 1153.1 1303.9 1370.8 2756.1
 40.1 81.2 144.4 1017.9 1050.9 1214.5 1271.7 1422.5 1795.2 2596
 118.7 133.8 143.9 270.8 1105.8 1218.2 1275.7 1426.4 1493.5 1659.4
 79.09999999999999 90.7 230.7 695.7 762.2 1020.7 1502 1651.4 2198.3 2747
 94.09999999999999 199.9 250 798.1 866 1652.7 1845.7 1994.9 2061.9 2227.7
 53 61.2 66.90000000000001 420.1 453.6 1093.5 1151.3 2136.5 2203.6 2366.5
 121 136.3 202.2 770.5 843.9 1008.4 1066.2 2000.1 2067.3 2226.3
 54.4 63 123.4 601.2 901.4 1205.4 1481.6 1630.1 1697.9 3170.4
 138.9 235.8 458.9 707.8 741.9 1134.7 1385.6 1692.4 1760.3 2571.5
 55 63.8 69.8 449.8 703.4 1262.6 1320.5 1832.9 1900.8 2063.5
 68.7 79.09999999999999 106.8 363.9 397.2 1692.7 1750.7 2148.4 2869.8 3029.7
 53.4 61.7 67.40000000000001 726.8 760.9 876 1558.3 1699.2 1766.7 3259.1
 40.1 43.7 47.9 324.7 822 1619.2 1677.3 2142.2 2210.1 2372.8
 112.9 127.7 272.5 771.4 806.1 1287.1 1712.8 1768.8 1836.8 1996.9
 102.1 116 125.4 630.3 834.9 1137.8 1195.9 1890.1 1957.4 2116.4
 76.90000000000001 106.3 115.2 331.5 632.8 1102.9 1161.1 1310 2169.5 2329.6
 188.5 207.7 220 798.7 833.3 1166.9 1225.1 2017.4 2066.7 2225.8
 76.8 166 177.2 451.6 486.3 1498.3 1556.2 1705.1 1773.6 2648.6
 153.8 189.6 276.6 743.6 944.3 1326.8 1384.5 1728.9 1796.7 2362.7
 108.2 185 197.4 768.8 803.7 1235.9 1293.9 1821.5 1889.6 2161.9
 76.7 182.5 195 662.5 697.7 1011.4 1460.2 2104.1 2172.3 2315.7
 65.90000000000001 76.59999999999999 202.3 278.4 856.7 1098.6 1781.3 2129.1 2197.2 2357.9
 65.5 128.4 139.1 806.5 841.8 1726.5 1784.9 1933.5 2001.6 2162.3
 79.09999999999999 124.5 135 561.5 703 1576.5 1634.9 1783.7 1851.9 2011.3
 53 115.5 125.6 487.8 612.4 1297.2 1355.6 2438.9 2507.1 2666.5
 104.7 137.9 149.1 629 664.5 1672.8 1873.2 2182.6 2250.8 2410.2
 41.2 99.7 109.2 270.8 902.2 1467 1525.5 1674.8 1743 3284.2
 67.90000000000001 113.7 181.3 684.5 757.7 873.4 931.9 2837.5 2905.6 2368.3
 62.3 139.7 173.2 485.5 521.1 1325.8 1708.9 1857.6 1925.6 2054.4
 90.59999999999999 142.2 154 247.6 858 1376.5 1435.1 2458.9 2527 3108.7
# name: prtB
# type: matrix
# rows: 100
# columns: 10
 364.9 395.9 411.3 1212.2 1240.1 1534.6 1679.7 2847.7 2916 3267.4
 280.7 1052.1 1072.1 1570.2 1678 2350 2414.9 3945.3 4013.7 4698.2
 396.9 683.7 714 1250.4 2132.3 2270 2536.5 2694 2762.8 3294.3
 366.2 967.6 1117 1606.1 1885.4 2498.3 2564.6 2722.8 2791.7 2952.2
 450.7 964.2 996.4 1108 1563.9 1108 1563.9 1712.9 1780.4 1939.6
 342.3 872 1699.4 1950 1999.9 2404.6 2865.1 3022.6 3091.4 3251.2
 390.4 1070.6 1123.9 2001 2051.8 2194.9 2750.5 2908.3 3455.3 3615.1
 444.4 739.6 803.1 1396.8 1451.4 2653 2714.9 3271 3339.9 3499.8
 804.6 1040.5 1073.2 1552.7 1608 2547.8 2610.1 2768.7 2602.8 2761.5
 788.5 1055 1147.5 1966.1 2020.5 2620.5 2683 2841.7 2910.7 3070.6
 392.7 1126 1159.1 1873.1 2237.6 1827.2 1892.3 2060.9 3220.5 3379.8
 587.5 1009.7 1038 1277.9 1541.3 2943.6 3007 3962.5 4460.9 4621
 174.4 1031.4 1089.2 1987.3 2706.3 2843.6 2907.5 3735.8 3804.3 3964.5
 384.2 481.6 1148.6 1783.2 1831.2 2303.8 2598.5 2754 2822.5 3911.3
 325.3 1035.4 1193.2 1397 1760.4 1897.4 1961.6 3207.5 3276 3436.2
 524.8 606.2 1133.2 1772 1818.8 1954.2 2018.3 2171.6 3246.1 3406.3
 386.3 692.5 992.3 1554.6 1600.5 2463.6 2681.2 2834.7 2902.1 3995.4
 402 666.1 789.3 1115.8 2149.5 2279.3 2342.8 2496.4 2563.9 3699
 552.2 877.1 895 1542.2 1635.9 1930.6 2892.3 3060.5 3139.4 3311.8
 227.9 374.6 862.7 1498.8 1542.6 2105.3 2649.1 2802.7 2870 4057.1
 220.7 391.2 706.8 882.5 1664.9 1803.6 2814.7 2818.3 3466.8 3624.8
 312.9 598.4 891.2 1030.8 1233.7 1998.4 3267.4 3875.2 3942.5 4100.8
 217.7 437 1003 1436.9 1534 2058 2120.3 3162.4 3229.8 3389.5
 163.7 609.1 646.3 1413.5 1598.9 2060.6 2492.4 2935.8 2999.8 3051.2
 173.4 676.3 694.2 1803 1844.9 2122.3 2184.2 2716.7 2784.3 2790.7
 259.6 632.8 650 1225.9 1267 1908.8 2726.8 2880.1 2947.7 2822.8
 120.8 426 442.9 1365 1836.4 2177.1 2238.6 2391.9 2459.5 2483.1
 283.5 305.6 433.1 1102.9 2032.3 2216.3 2423.5 2751.2 3148.7 3311.7
 40.1 52 58.1 1138.9 1900.5 2187 2248 2400.8 2471.4 3845.7
 58.3 591.5 608.1 1324.8 1590.8 1808.3 1869.3 3405.9 3472.5 3134
 153.7 702.3 1049 1159.1 1196.4 2202.3 2262.5 2842.7 2909.5 2954
 262.8 283.7 671.2 1349.5 1654.8 2208.2 2720.6 2872.6 2939.4 2990.8
 318 679.7 695.3 1269.9 1307.4 1863.6 1923.9 3178.8 3245.7 3407.8
 265 348.9 491.1 1325.8 1578.5 2339.2 2816.2 2850.9 2920.4 3091.8
 238.1 370.3 1063.9 1118.8 1577.8 1825.2 2299.2 2453.6 2522.4 3346.4
 321 386 668.6 1192.5 1227.3 1401.9 2857 3010.3 3079.1 3245.2
 289.7 428.1 515.9 1157.1 1252.9 1893.7 2900.8 3053.5 3122.1 3287.5
 238.7 340.6 392.2 833.5 1772.3 1949 2623.2 2775.7 3157.4 3322.6
 556.3 836.7 870.7 1278 1311.4 1848.3 2386.7 2944.2 3012.7 3649.4
 106.4 320.5 432.4 1544.1 1723.4 1886.5 1943.2 2095.5 2920.1 3609.7
 208.7 467.3 611.5 1338.2 1371.9 1802.9 1859.7 2011.9 2733 2897.7
 594.2 772.9 907.6 1055.8 1355.7 1740.3 1797.2 1949.6 2017.6 2846.5
 189.5 269.5 282.1 780.3 1629.5 1902.9 2060.5 2212.6 2280.6 2357.2
 259.4 336.2 349.6 1391.7 1424.9 1979.5 2036.3 2189.3 2787.3 3471
 267 287.2 354.2 401.2 1558.2 1747 1803.6 3030.8 3101.6 3192.6
 119.4 596.4 1038.4 1214 1310.4 1841.8 1898.3 1977.9 2045.2 2204.3
 573.3 610.8 623.9 1224.5 1315.3 1477.1 1533.5 2598.6 2666.6 3306.6
 93.5 363.5 859.6 1142.3 1172.8 1749.3 1805.7 2934.8 3002.8 3170.5
 103.9 428 1010.2 1478.7 1509.8 2092 2148.4 2514.7 2582.7 2752.2
 578.9 600.5 682.8 1247.2 1485.7 1961.9 2018.5 2171.2 2239.1 2985
 77.2 542.1 611.2 1127.7 1459.1 2457.5 2840.3 2992.8 3060.7 3258.2
 234.8 286.1 298 956.2 987.4 1095.8 1152.5 2841 2908.9 3077.7
 367 388.2 419.8 1183.2 1214.3 1322.8 1379.6 2479.1 3036.1 3204.7
 242.3 326.5 338.8 910.8 942 1979.3 2036.1 2187.6 3813.4 3981.7
 331.8 401.6 414.3 1494.1 1525.5 2167.6 2434.8 2585.6 2653.1 2821.2
 105.7 119.7 954.7 1080.7 1112.1 1692.3 1749.2 2334.3 2401.8 3292.8
 400.5 643.8 656 978.3 1126.8 1856.1 1913 3302.1 3368.7 3138.8
 337.8 711.4 723.9 1173.7 1313.5 1882 1939 2990.1 3056.8 3225.3
 214 512.4 842.1 1180.7 1535.6 2030.7 2087.7 2238.3 2304.9 3197
 255.1 334.9 544.5 1051.3 1794.2 1945.2 2002.6 2153.7 2705 3505.7
 281.8 345.7 481.3 582.3 1466.2 2238.9 2296.2 2913.9 2980.6 4336.1
 223.4 315.2 719.7 878.3 1374 1690.9 1748.4 2860.3 2927 3094.5
 331.2 532.5 565.1 1082.9 1151.5 2022.1 2325 2405.3 2782.5 3500.3
 40.1 716.2 729.3 1014.6 1046.9 1731.3 1788.8 2341.4 2407.2 2885.5
 355.4 422.5 512.5 1294.6 1716.3 1873.6 1931.2 2785.5 2851.3 2935.8
 448.4 608.3 830.5 961.8 994.3 1181.8 2372.9 3796.8 3199.1 3362.4
 204.6 678.8 710.3 1023.1 1055.6 2032.5 2089.9 2240.7 2241.4 2993.7
 365.2 386.3 399.1 1313.7 1346.4 1456.7 2593.7 2889 2955.7 3123.4
 141.6 556.4 1000.9 1267.2 1556.2 2033.4 2090.4 2241.3 2642.2 2809.8
 40.1 574.8 587.9 822.5 1084.7 2005.3 2363.8 2913.9 2980.7 3148.2
 368.1 406 437 891.2 1424.3 1834.5 1891.6 2042.6 2109.5 3442.2
 138.8 185.8 320.2 1308.4 1341.2 2011 2068.1 2218.3 2285.2 3356.2
 221.7 383.1 396.4 899.7 1719.7 2314.6 2554.3 2704.7 2771.6 2938
 298.3 553 753.7 1036.4 1069.5 1280.1 1843.5 2392.7 2459.7 2626
 415.9 585.3 599.2 1410.5 1443.6 1976.3 2033.5 2184.3 2251.3 3070.7
 281 556.5 740.8 1383.9 1457.5 2289.2 2346.5 2497.2 2564.2 2730.2
 125.3 141 653.7 1155.4 1313.8 1427 2446.5 3048.6 3115.6 3281.5
 42.8 67.7 73.90000000000001 1210.2 1372.6 1800.8 1858.1 3124.6 3191.6 3357.4
 266.1 693.5 707.3 1624.5 1658.3 1771.8 1936.3 2085.6 2152.6 3136.5
 55.6 547.1 741.4 1342.4 1551.3 2123.1 2180.6 2329.9 3001.2 3163
 359.2 746.1 759.8 1273.6 1472.4 1744 1801.6 1951 1947.5 3024.8
 375.8 507.2 722 856.2 1700 1815.1 2134.3 2700.5 2768.4 4255.2
 42 723.7 737.6 910.9 1568.3 1900.8 2304.7 2734.3 2802.1 3480
 41.6 698.1 840.5 1160 1194.1 1777.4 1835.3 2587.7 2655.6 2818.5
 84.3 96.5 684.1 1191.4 1291.3 2182.2 2240.1 2388.6 2456.5 3365.2
 447.3 470 874.2 1037.6 1483.6 1598.1 1943.9 2990.6 3059.2 3220.4
 251.8 627 641.2 926.2 961 1123.6 2391.2 2540 2608.5 3615.5
 190 670.5 684.7 1370.4 1893.5 2351.8 2409.7 2558.5 2627 2788.1
 251.1 431.2 600 1400.2 1850.8 2061.8 2290.4 2439.2 2813.1 2974.2
 203.3 459.9 878 934.2 1009.1 1867 2643.6 2792.4 2860.9 4492.7
 238.6 514.5 638.6 1208.5 1652.3 2436.3 2494.2 2643 2711.5 2778.8
 288.1 499.5 929.1 1452.4 1689.8 1804.1 1862 2948.9 3320.2 3481.3
 215.2 537.2 609.2 1161.7 1266.3 1472.8 2859.3 3275.8 3872.9 4033.5
 264.8 286 389.4 1066.9 1102.1 1562.5 1620.3 3365.2 3433 3593.5
 259.8 391.2 637.5 1514.2 1654.1 2124 2181.9 2807 2874.8 2988.5
 356.5 378.8 393.3 1344.1 1817.1 1932 1990 2671.8 3090.4 3083.5
 255.6 276.8 344.5 461.4 1655.9 2040.6 2098.6 2981.3 2957.4 3115.8
 204.7 398.7 909.2 1028.3 1408.4 2103.4 2399 2750.1 3479.5 3640.2
 157.5 176.7 606 1135.3 1213.7 1992.4 2050.9 2758.8 2827 2986.5
 489.6 545.8 784.1 1365.9 1401.7 1575.4 1943.2 2092.6 3187.9 2744.6
# name: collectedA
# type: matrix
# rows: 100
# columns: 10
 11 13 29 37 37 40 40 46 46 46
 18 19 22 35 39 39 46 46 46 47
 18 20 29 34 45 49 49 49 49 49
 22 28 28 43 45 45 49 49 49 49
 27 30 30 48 48 48 48 48 48 49
 9 32 33 40 40 48 49 49 49 49
 10 25 25 32 39 39 39 40 48 48
 12 37 39 45 45 45 45 45 45 45
 6 31 38 44 44 49 49 49 49 49
 25 29 35 46 46 47 47 47 47 47
 27 27 27 31 48 49 49 49 49 49
 4 24 36 43 43 48 48 48 48 48
 8 27 29 41 41 41 47 47 47 47
 4 32 32 39 39 43 43 47 47 47
 4 6 35 42 43 48 48 49 49 49
 14 14 17 26 39 42 42 44 44 49
 5 14 14 19 27 29 45 45 47 47
 5 9 9 26 34 34 34 46 46 48
 5 7 7 21 25 43 43 47 47 47
 10 10 15 39 39 46 46 46 46 46
 10 13 16 30 45 47 49 49 49 49
 5 8 8 28 30 49 49 49 49 49
 3 11 13 31 31 31 31 31 47 47
 3 3 3 32 38 47 47 47 47 47
 13 14 14 26 26 34 41 46 46 48
 12 16 24 25 29 44 44 44 44 44
 4 7 7 30 31 47 47 48 47 47
 10 15 15 33 40 44 44 46 46 48
 5 9 9 36 38 47 47 47 47 46
 4 5 5 35 35 42 42 42 42 49
 10 12 12 31 31 36 46 46 46 46
 9 12 18 25 25 43 45 47 47 47
 9 9 9 24 33 46 46 46 46 49
 5 10 10 27 32 39 47 48 48 48
 2 3 3 29 33 39 39 39 39 48
 15 26 26 39 42 45 45 46 46 46
 5 8 12 36 37 40 42 42 47 48
 12 13 13 13 13 48 48 48 48 48
 9 10 13 21 23 45 45 47 47 47
 8 8 8 22 22 30 30 47 47 47
 13 17 22 23 35 35 35 39 39 39
 8 8 8 33 37 43 43 48 48 39
 11 11 19 19 31 40 43 45 45 49
 4 8 8 25 26 38 38 48 48 49
 5 5 10 10 27 38 38 41 41 48
 2 12 12 21 32 35 35 42 49 49
 9 17 17 18 18 32 44 44 44 48
 7 9 9 20 32 33 33 41 41 41
 16 16 16 30 35 45 47 47 47 49
 3 7 8 13 35 37 44 45 45 45
 12 12 24 26 26 42 42 48 48 47
 10 10 17 19 21 39 39 48 48 49
 9 9 9 14 14 41 41 41 48 48
 5 7 7 15 34 40 46 46 46 48
 4 4 10 15 15 46 46 46 46 49
 14 15 15 36 36 39 46 46 46 48
 13 14 14 15 29 48 48 48 48 48
 3 3 7 30 30 45 45 49 49 44
 7 20 20 20 24 46 47 48 48 49
 3 3 3 14 25 25 42 45 49 49
 4 4 7 24 35 44 44 39 40 43
 6 11 12 38 38 39 43 48 48 48
 5 5 5 37 37 45 46 47 48 49
 4 4 9 18 19 27 47 48 48 49
 5 8 8 20 38 38 48 48 48 48
 5 8 8 24 37 41 43 43 43 49
 2 3 3 21 32 38 46 47 47 47
 6 10 19 21 38 40 40 46 46 46
 13 14 14 14 29 42 46 47 48 48
 5 8 25 29 41 45 47 47 47 47
 6 14 14 29 33 36 36 36 36 47
 2 4 7 44 44 45 45 45 46 49
 9 9 9 13 43 43 43 43 43 43
 5 5 13 35 36 38 45 45 48 49
 6 12 14 36 37 48 49 49 49 49
 3 3 3 19 19 34 34 48 48 48
 9 9 12 35 36 37 37 47 47 47
 3 3 6 25 34 39 42 42 42 48
 10 15 27 37 37 42 44 45 45 48
 3 3 3 20 27 40 40 44 44 44
 4 4 5 14 14 47 47 41 46 46
 3 3 3 34 34 34 43 43 43 49
 2 2 2 13 31 46 46 48 48 48
 8 8 15 34 34 42 47 46 46 46
 7 7 7 29 35 38 38 46 46 46
 5 6 6 15 26 37 37 37 45 45
 13 13 13 34 34 39 39 46 46 46
 5 10 10 21 21 47 47 47 47 48
 11 12 16 33 38 42 42 43 43 44
 7 11 11 33 33 42 42 45 45 47
 5 11 11 31 31 34 42 45 45 45
 4 4 11 12 33 35 41 42 42 42
 4 7 7 33 33 49 49 49 49 49
 5 7 7 24 27 48 48 48 48 48
 3 6 6 20 23 40 40 48 48 48
 8 9 9 25 25 45 46 47 47 47
 2 5 5 9 27 39 39 39 39 48
 4 6 9 30 31 31 31 49 49 44
 4 8 9 22 22 44 48 48 48 48
 6 8 8 10 30 38 38 48 48 49
# name: collectedB
# type: matrix
# rows: 100
# columns: 10
 32 33 33 75 75 80 81 95 95 99
 18 63 63 80 81 89 89 98 98 99
 31 47 47 70 94 94 95 95 95 99
 30 63 71 85 89 96 96 96 96 96
 33 63 63 63 73 63 73 73 73 73
 22 49 87 93 93 95 98 98 98 98
 29 68 69 91 91 91 95 95 97 97
 39 58 59 75 75 94 94 96 96 96
 59 69 69 82 82 94 94 94 94 94
 56 68 70 94 94 99 99 99 99 99
 29 68 68 85 90 85 85 85 97 97
 43 67 67 72 77 93 93 98 99 99
 11 60 61 82 95 95 95 98 98 98
 30 33 66 83 83 86 87 87 87 99
 23 68 74 77 84 84 84 96 96 96
 42 45 73 89 89 89 89 89 96 96
 30 47 63 79 79 94 95 95 95 99
 30 46 51 63 96 96 96 96 96 99
 46 66 66 93 94 88 98 98 98 98
 18 25 53 77 77 87 93 93 93 98
 18 28 49 52 82 82 96 96 99 99
 24 41 59 61 65 82 97 99 99 99
 17 31 66 83 84 90 90 96 96 96
 12 44 45 82 85 88 92 98 96 98
 12 46 46 90 90 92 92 94 94 94
 20 47 47 73 73 85 95 95 95 98
 8 29 29 79 93 96 96 96 96 96
 24 24 30 65 95 96 97 98 99 99
 2 2 2 66 88 90 90 90 90 97
 3 39 39 68 75 76 76 92 92 97
 11 50 71 73 73 91 91 96 96 96
 20 20 44 73 81 87 96 96 96 96
 24 50 50 76 76 90 90 99 99 99
 21 25 34 74 82 93 98 96 96 96
 17 24 68 68 85 88 95 95 95 97
 24 27 45 67 67 68 98 98 98 98
 23 31 35 67 69 79 95 95 95 95
 19 25 27 48 87 88 97 97 98 98
 45 62 63 78 78 87 96 98 98 99
 7 20 26 81 86 87 87 87 92 96
 17 34 43 84 84 89 89 89 96 96
 47 58 65 69 78 85 85 85 85 94
 14 18 18 47 91 95 96 96 96 96
 21 25 25 83 83 91 91 91 95 97
 20 20 23 23 85 86 86 97 97 97
 8 43 74 80 82 95 95 95 95 95
 47 48 48 80 82 83 83 95 95 97
 6 25 57 69 69 88 88 99 99 99
 7 29 66 85 85 97 97 98 98 98
 46 46 50 77 84 92 92 92 92 99
 5 39 42 66 77 93 98 98 98 99
 19 21 21 54 54 54 54 95 95 95
 33 33 34 74 74 74 74 95 99 99
 19 23 23 53 53 86 86 86 99 99
 26 29 29 84 84 95 97 97 97 97
 7 7 66 70 70 84 84 90 90 98
 32 48 48 60 64 83 83 98 98 97
 27 53 53 74 77 88 88 98 98 98
 16 38 60 75 85 95 95 95 95 97
 21 25 37 61 91 92 92 92 95 99
 25 28 35 37 75 89 89 93 93 99
 19 24 50 55 73 78 78 97 97 97
 26 39 40 69 70 92 94 94 96 98
 2 54 54 65 65 85 85 89 89 93
 31 34 39 74 89 90 90 98 98 98
 39 49 62 66 66 68 89 99 96 96
 15 49 50 62 62 90 90 90 90 97
 28 28 28 74 74 74 98 99 99 99
 10 40 67 77 88 97 97 97 99 99
 2 44 44 53 64 90 94 97 97 97
 29 30 31 55 76 86 86 86 86 99
 10 12 19 77 77 89 89 89 89 96
 18 28 28 55 84 96 98 98 98 98
 24 41 52 64 64 66 76 83 83 83
 34 45 45 86 86 94 94 94 94 97
 23 40 50 77 78 98 98 98 98 98
 9 9 44 69 73 73 90 97 97 97
 2 3 3 79 83 89 89 99 99 99
 21 52 52 94 94 94 95 95 95 97
 3 36 48 78 84 91 91 91 97 97
 29 54 54 77 82 86 86 86 86 95
 33 40 52 55 88 88 91 94 94 99
 2 54 54 59 82 87 93 95 95 97
 2 52 60 73 73 85 85 94 94 94
 5 5 47 69 71 91 91 91 91 95
 40 40 64 69 84 84 88 97 97 97
 19 45 45 58 58 59 93 93 93 97
 15 47 47 78 93 98 98 98 98 98
 21 32 42 81 95 96 98 98 99 99
 16 35 61 61 62 89 98 98 98 99
 20 37 43 71 85 97 97 97 97 97
 22 35 62 83 89 89 89 98 99 99
 16 37 40 68 70 72 96 97 99 99
 23 23 28 64 64 70 70 98 98 98
 21 29 44 84 87 96 96 99 99 94
 29 29 29 76 91 91 91 98 98 96
 20 20 23 26 85 93 93 99 99 99
 16 28 61 64 77 91 94 95 99 99
 14 14 42 66 67 84 84 94 94 94
 45 47 61 85 85 86 90 90 99 95
# name: avgRateA
# type: matrix
# rows: 100
# columns: 10
 0.04860804242156429 0.03700540848277825 0.03973147006439239 0.02586869887436202 0.01874651669453311 0.006392737849802624 0.003533412835122123 0.0008844929163654264 0.0004506516815185787 9.159088184895708e-05
 0.05911330049261083 0.04700643245917863 0.03986951794128308 0.02664839348256434 0.019084903352092 0.006309658631289436 0.00386798402354425 0.0008837961735468278 0.0004504650071927511 9.348902637743151e-05
 0.05806451612903226 0.04626416840157298 0.04027218441883072 0.0245966866816176 0.01861119152983994 0.007087479750057857 0.004090662436866051 0.0009398640457886419 0.0004794337593770884 9.753877813371691e-05
 0.05717255717255717 0.04476418864908074 0.03934241955880286 0.022877207916578 0.01739937362254959 0.006685485069083346 0.003978338353617446 0.0009337833279656673 0.0004778455213197118 9.751047789885218e-05
 0.05450141299959629 0.04582251412860852 0.04038228563736708 0.02443991853360489 0.0190445960958578 0.006743751492757492 0.00393936658268156 0.0009208138459708638 0.0004696902979597828 9.745243426236661e-05
 0.05385996409335727 0.03917248133186436 0.03546861564918315 0.02364765001477978 0.01781975319641823 0.006827394922125027 0.003965716783075292 0.0009330827339704956 0.0004776615251440052 9.746538288181667e-05
 0.05310674455655868 0.04049894702737729 0.03555681979803726 0.02231831496721998 0.01612303112985241 0.005937971040972 0.003354203935599284 0.0007677336885381199 0.0004683808756185311 9.549587726392374e-05
 0.05288673424416042 0.04225673823663773 0.03750360611597268 0.02440876545888479 0.01875390706397166 0.007096672449140514 0.003947576188220433 0.0008729473612741151 0.0004428388529095988 8.968137999316029e-05
 0.04392386530014641 0.04496011602610588 0.0385317379841817 0.0242946275744023 0.01858579031849286 0.006948876125647025 0.004045608038375482 0.0009374204866551498 0.0004795984684169727 9.754555476944013e-05
 0.05755064456721916 0.04443082580052091 0.03712740002121565 0.02270932069510269 0.01781909742397831 0.006830700364788466 0.003936018758897914 0.0009021061299071214 0.000461076781056219 9.360787660490207e-05
 0.05736137667304016 0.04646360351058337 0.04016064257028112 0.0223053676788027 0.01800855406318001 0.006961216081829805 0.00404975412207116 0.0009376393303341631 0.0004788527859948265 9.751484414739787e-05
 0.04069175991861648 0.0399800099950025 0.03614820765137062 0.02394209354120267 0.01837135777151158 0.006962980155506556 0.004014720642355303 0.0009210435423334638 0.0004697417790295526 9.555210904406684e-05
 0.06477732793522267 0.04868373602596466 0.0424038602134815 0.025625 0.01904850399553986 0.006517972115797338 0.003870255848615354 0.0008986632861630711 0.0004591260584320943 9.352703379012334e-05
 0.04535147392290249 0.04783973688144715 0.04280936454849498 0.02511268512556343 0.01851939788214065 0.006450451531607213 0.00366584540362663 0.0008880055018553648 0.0004563284011029555 9.341037503073103e-05
 0.04566210045662101 0.03213711837171934 0.03796095444685466 0.02527684159845932 0.01884477167148742 0.006867051030772973 0.003982179745638269 0.0009333671123335892 0.0004777383670707618 9.74684654704037e-05
 0.07142857142857142 0.05380476556495004 0.04405286343612335 0.0235528580487363 0.01781472684085511 0.006335414969680515 0.003592015462771325 0.000843438622588053 0.0004303814059582393 9.74229250457838e-05
 0.05592841163310962 0.04886561954624782 0.03967129498441485 0.01944529730836148 0.0150166852057842 0.004786426355053806 0.003703978072449811 0.0008605111436193099 0.0004572073386641763 9.344744525620009e-05
 0.05524861878453038 0.04155124653739612 0.03206270039187745 0.02156066008790115 0.01674546887312845 0.005510802794301182 0.003027281145380725 0.0008886124316879193 0.0004516689659235403 9.550180528256298e-05
 0.05543237250554323 0.03854625550660793 0.02878289473684211 0.0201245807379013 0.01434884922229237 0.006615181071351651 0.003718951082820176 0.0008935938824943057 0.0004578045447328613 9.347242295038345e-05
 0.06510416666666667 0.04672897196261682 0.03993610223642172 0.02763018065887354 0.01996927803379416 0.006985255037735562 0.003949311446134826 0.0008880086021007195 0.0004515621104049727 9.16283188872657e-05
 0.06218905472636815 0.04730713245997088 0.03968253968253968 0.02408091186386258 0.01897133220910624 0.006977227516997714 0.004056560037088549 0.0009381078556003124 0.0004789829139951965 9.752023943009969e-05
 0.05482456140350877 0.04028197381671702 0.03055767761650114 0.02399520095980804 0.01677101967799642 0.007245198207922402 0.004143658089012541 0.0009426902069878354 0.0004801741954387371 9.756952326336204e-05
 0.04518072289156626 0.04480651731160896 0.03688989784335982 0.0256134842601008 0.0177011362987495 0.005264498598964083 0.002830843408700734 0.0006066049495050299 0.0004578763500045787 9.347351974737489e-05
 0.04731861198738171 0.02643171806167401 0.01759530791788856 0.02546148949713558 0.01859554685588451 0.007029824403960633 0.004000612859842359 0.0009069419653625355 0.000460923946568127 9.361636015608038e-05
 0.0683850604944766 0.05147058823529412 0.04161712247324614 0.02387730737441454 0.01594407309744281 0.005337268260521482 0.003399273716152354 0.0008700833199353112 0.0004468796145177586 9.562025372435908e-05
 0.06756756756756757 0.05215123859191655 0.04490177736202058 0.02425536043465606 0.01677852348993289 0.006369518956556986 0.003675794890645102 0.0008441473727831539 0.0004305658711962196 8.758892764477754e-05
 0.05076142131979695 0.03798155181768855 0.0283860502838605 0.02645036148827367 0.01807580174927114 0.006952457027898583 0.003975941325257379 0.0009198115919255873 0.0004598078981300493 9.355387897273064e-05
 0.06246096189881324 0.04940711462450593 0.04067245119305857 0.02466736432949619 0.01848856020337416 0.006758002088837009 0.003802379944174149 0.0008839541189379483 0.0004507201233797346 9.548786040947979e-05
 0.05263157894736842 0.04310344827586206 0.03322259136212625 0.02666864212163864 0.01921229586935639 0.007181932092539959 0.004050222762251924 0.0009080967451494109 0.0004615839400215864 9.164451094205576e-05
 0.05141388174807198 0.03396739130434783 0.02420135527589545 0.02770960335682052 0.01944012441679627 0.006527922410979345 0.003654048598846364 0.000813225367984479 0.0004129265678920099 9.743945033014076e-05
 0.06715916722632639 0.05025125628140703 0.03981420039814201 0.02632919993205367 0.01808845839654569 0.005958390572502028 0.003954607977991747 0.0008887961449433295 0.0004517647798285062 9.163673366042335e-05
 0.06405693950177936 0.0487408610885459 0.04301075268817205 0.02404539771087814 0.01586193769430874 0.006723477445078571 0.003864286266326609 0.0009013362789770025 0.0004598200440448902 9.355548048999981e-05
 0.06324666198172874 0.04547751389590702 0.03470883146934053 0.02225106619692194 0.01725399979086061 0.00682340725357858 0.003898139909325876 0.000885374763739669 0.0004508725363736518 9.74781991996841e-05
 0.05518763796909493 0.04549590536851683 0.03546099290780142 0.02373417721518987 0.01742160278745645 0.006110075357596077 0.003883591413131497 0.0009151136742767265 0.000468194476280585 9.548768944857053e-05
 0.03992015968063872 0.02497918401332223 0.01691093573844419 0.02444575571103431 0.01790073230268511 0.006079975056512588 0.003399196395108644 0.0007554025811525119 0.000383491761318661 9.547388162790128e-05
 0.06775067750677506 0.05752212389380531 0.0503680743897714 0.03028655742797235 0.02181364911187286 0.007205995388162951 0.00398113825166102 0.0008899843865782615 0.0004520657932624507 9.16477975141531e-05
 0.05411255411255411 0.04094165813715455 0.03623188405797102 0.02963206848300272 0.02063580591187953 0.006622516556291391 0.003724857213806804 0.0008166646250051042 0.0004586932123164007 9.542703698453744e-05
 0.06586169045005488 0.05048543689320388 0.0406885758998435 0.01693811074918567 0.01000230822497499 0.007162468664199594 0.00408201447414299 0.0009246452636972711 0.0004706786794325184 9.558970984739302e-05
 0.06928406466512702 0.04952947003467063 0.04070131496556043 0.02164725286052984 0.01466649662032904 0.00694691016873273 0.003901440932184286 0.0009051673500359178 0.0004608186492326879 9.359620724271349e-05
 0.05822416302765648 0.0414722654224987 0.03155818540433925 0.02222671246716508 0.01444327731092437 0.004976362279173924 0.002706335531479193 0.0009034309230949621 0.0004603677260674899 9.357755349251339e-05
 0.07166482910694598 0.05614266842800528 0.04810846271594139 0.02450197081069564 0.01934984520123839 0.005907372400756144 0.003187149413564508 0.0007551583121630832 0.0003834325669925516 7.770789601886508e-05
 0.06324110671936758 0.0441257584114727 0.03315375051802735 0.02887897085849304 0.02046573372421041 0.006883083621462415 0.003803895897100193 0.0009231497098809713 0.0004703595114532541 7.770829858875751e-05
 0.06650544135429262 0.04941599281221923 0.04506641366223909 0.02187931828650392 0.01762164620281946 0.006422195106287329 0.003711343765374026 0.0008652631457506927 0.0004408454043336082 9.743315340014861e-05
 0.05277044854881267 0.04195070791819612 0.03185981680605337 0.02484101748807631 0.0165016501650165 0.006100301804405061 0.003367003367003367 0.00092109303039607 0.0004697537316062055 9.746534410835919e-05
 0.05543237250554323 0.03528581510232887 0.0351000351000351 0.01376651982378855 0.01661027376191941 0.006138140466498675 0.003378498524129592 0.0007925339436489036 0.0004027425787312627 9.534816182648938e-05
 0.0392156862745098 0.05012531328320802 0.03994673768308922 0.02129817444219067 0.01761047823454956 0.005735354362965997 0.003136453656656899 0.000807518380656474 0.000476344628533821 9.740865155812096e-05
 0.06056527590847914 0.05126658624849215 0.04314720812182741 0.02079002079002079 0.01289490651192779 0.005367506457781207 0.003747359814676024 0.0008478773198597919 0.0004315320466486142 9.549207763903795e-05
 0.06194690265486726 0.04543160020191823 0.03487020534676482 0.02178411937697419 0.01824297360469757 0.005578564787422872 0.003007683263609767 0.0007907745540320823 0.0004022920836767534 8.165959381721357e-05
 0.0690846286701209 0.05500171880371262 0.04536433229373405 0.02720841647016144 0.01961004034065442 0.007147168133159684 0.004065427432120337 0.0009088483151499212 0.0004617725976280609 9.746309530060801e-05
 0.0460122699386503 0.03963759909399774 0.03145890680298859 0.01599409448818898 0.01825674195399301 0.006049408956395206 0.003811008618076307 0.0008681878604185438 0.0004416089876261162 8.962906116745239e-05
 0.06578947368421052 0.04997917534360683 0.04869141813755326 0.02639325956755659 0.0171537903279013 0.006809007344000778 0.003741781444327637 0.0009179733443490135 0.0004689464629224548 9.343954958160951e-05
 0.06325110689437065 0.04664179104477612 0.04333418302319653 0.02150294250792214 0.01420838971583221 0.006295297896724831 0.00346614289396269 0.0009162770898276062 0.000468503395185542 9.74229250457838e-05
 0.06907137375287797 0.04856988667026443 0.03679476696647588 0.0180482145159211 0.010727969348659 0.006654007822516513 0.003654677541560815 0.0007981312049834534 0.0004703406147939761 9.557522546793033e-05
 0.05524861878453038 0.03986332574031891 0.0299017513882956 0.01788482174794324 0.01867516203449412 0.006488976850575086 0.003984719467087084 0.0008898346068285134 0.0004520369176585274 9.551826319142039e-05
 0.05383580080753701 0.03228410008071025 0.03595828838547285 0.01784227429523016 0.01093772786933061 0.007181104328957023 0.004013051140229965 0.0008912431485682954 0.0004523996852871755 9.742637300104445e-05
 0.0737230121116377 0.05690440060698027 0.04623921085080148 0.02932073627626649 0.02045570771066538 0.006503793879763195 0.003941866045108659 0.0008876830122558147 0.0004514805617988556 9.54837575166107e-05
 0.07386363636363637 0.0558659217877095 0.0449582530507386 0.01916687963199591 0.01706886403766922 0.007328468044825796 0.004135471142165436 0.0009273982421939152 0.0004713997823704339 9.561886321124e-05
 0.04709576138147566 0.02685765443151298 0.02958579881656805 0.02685044303231003 0.01818512456810329 0.006938555238609205 0.003898567926048498 0.0009361059901231266 0.0004784632930773197 8.763973059546815e-05
 0.07314524555903866 0.05820721769499418 0.04930966469428007 0.02340823970037453 0.01605995717344754 0.007182225553109435 0.004060299771068205 0.0009246880141169036 0.0004706985264194257 9.748878829195465e-05
 0.04893964110929853 0.02744739249771272 0.01824817518248175 0.01692456479690522 0.01565827383189277 0.004381506537207753 0.003623282176039752 0.0008638098236292297 0.0004784745060971322 9.749819628336876e-05
 0.05121638924455826 0.0311284046692607 0.02921535893155259 0.02325356070148242 0.01869458391197521 0.006848462208940356 0.003831984881077833 0.0007560073507176254 0.0003922649278869963 8.552970635662745e-05
 0.06403415154749199 0.04912907548012505 0.03948667324777888 0.02911208151382824 0.02068027210884354 0.006457808981322029 0.003764433977956175 0.0009169930270321902 0.0004687005667371019 9.55075059945883e-05
 0.0657030223390276 0.03961965134706814 0.02736726874657909 0.0275523121602502 0.01973122866894198 0.007090187180941576 0.00399465064174931 0.0009072273202821284 0.0004697390208290111 9.745466319568956e-05
 0.05188067444876784 0.03147128245476003 0.033271719038817 0.02007808142777468 0.01298346316796501 0.004602952708922909 0.00398099287656381 0.0009207484917947881 0.0004696755911552259 9.744974029644212e-05
 0.05807200929152149 0.04331348132106119 0.03274662300450266 0.02159127712404189 0.01976901467068983 0.00629858613316537 0.004133192115936039 0.0009272764153039245 0.000471367377842198 9.561792987580227e-05
 0.05889281507656065 0.04362050163576881 0.03293536434746809 0.02366863905325444 0.01892873586739653 0.006546488048667551 0.003741049755961754 0.0008326233444349779 0.000422766881425688 9.726388744702344e-05
 0.03992015968063872 0.02631578947368421 0.0176678445229682 0.0215296288702071 0.01724509592584609 0.00612093682548887 0.003845832288270212 0.0008982888552933105 0.0004590359268863202 9.352210205848116e-05
 0.05802707930367505 0.04629629629629629 0.04350812915044653 0.02254428341384863 0.01990570979570456 0.006492874070707398 0.003565793344446722 0.0008860620513106977 0.0004510599909788002 9.160640392489629e-05
 0.06860158311345646 0.05305039787798409 0.04297114794352364 0.01808785529715762 0.01691060703248003 0.006545318538835557 0.003868797308662742 0.0008989675262326375 0.000467727303289 9.546723554531581e-05
 0.05807200929152149 0.04326663061114116 0.04847779716889664 0.02721216102092521 0.02055343894124724 0.007064031521278433 0.004059352921870411 0.0009085865293347794 0.0004617095434380268 9.363258573358143e-05
 0.05681818181818182 0.04971590909090909 0.04070950857807502 0.02532972311992314 0.01806833114323259 0.005905705567767971 0.00322780213572908 0.0007017010402717922 0.0003551318525650384 9.348469367154372e-05
 0.03992015968063872 0.03048780487804878 0.02864157119476268 0.02898741682587785 0.021453995806719 0.00724112961622013 0.003992299298242501 0.0008751033108075259 0.0004518877117978058 9.749381212743436e-05
 0.06993006993006994 0.04896626768226333 0.03690036900369004 0.01686559418785677 0.02041979295279703 0.006915184458524975 0.003813510469416533 0.0008361464150708585 0.0004236724519304192 8.571552730797031e-05
 0.05611672278338945 0.03553660270078181 0.03931055337163593 0.02927155641047085 0.02042900919305414 0.006311558456657864 0.003912363067292645 0.0008712251749226546 0.0004696751315824236 9.74645298728784e-05
 0.05763688760806917 0.04801920768307323 0.04 0.02773284030506125 0.01982851018220793 0.007215115667323042 0.004136522113509543 0.0009424001200117704 0.0004801008015723791 9.756530752883602e-05
 0.04761904761904762 0.02697841726618705 0.01797483523067705 0.02064992935550483 0.01307099614749587 0.005579716090916551 0.003048971868750729 0.0009206601900779685 0.000469650775510843 9.554777239326268e-05
 0.06870229007633588 0.04830917874396135 0.03970880211780278 0.02754820936639119 0.01952383534898856 0.006158045403102324 0.003343514485550595 0.000903844415683816 0.0004604804868944314 9.358331094966553e-05
 0.04658385093167702 0.02654867256637168 0.02685765443151298 0.02270250635670178 0.01788156095508573 0.006284848680181777 0.003658026755852843 0.0008134789589793551 0.0004129878788057571 9.53951186317796e-05
 0.06715916722632639 0.05248425472358292 0.04830917874396135 0.03063421096207982 0.02124117343131064 0.006846300552594259 0.003864530635188308 0.000870534159760429 0.0004422156774301962 9.550879825059718e-05
 0.04615384615384616 0.02636203866432337 0.0176678445229682 0.02105706464518846 0.01585065163790067 0.006387123558905246 0.003533412835122123 0.0008488816948308892 0.0004317924883808567 8.763831666711482e-05
 0.05082592121982211 0.03098373353989156 0.0241779497098646 0.01620557934946174 0.01002004008016032 0.007022576837449759 0.003999761716323283 0.0007862177938345184 0.000447167195814515 9.144589275742565e-05
 0.04731861198738171 0.02685765443151298 0.01792114695340502 0.02771437887186175 0.01930830825146232 0.005786249149081007 0.00372027028196188 0.0008317343401832137 0.0004225350728676473 9.736535315506467e-05
 0.03992015968063872 0.02134471718249733 0.01352265043948614 0.01576330786952831 0.01701427003293084 0.006949480299734107 0.003939266782561037 0.0009205595467778498 0.0004696209083055393 9.554657417758286e-05
 0.06509357200976404 0.04501969611705121 0.04026845637583892 0.02674217398143778 0.01882509274126571 0.006680345469294269 0.004012704050269791 0.0008885660861368237 0.0004517031171442936 9.163403200298647e-05
 0.0624442462087422 0.04216867469879518 0.03105590062111801 0.02565690524639476 0.0190746089705161 0.006191143406432272 0.003394099625755857 0.0008864889449047121 0.0004511688214881902 9.161222377918746e-05
 0.05753739930955121 0.03838771593090211 0.02788104089219331 0.01803968731208659 0.01592356687898089 0.006062691507316195 0.003315085430647517 0.0007211069966868057 0.0004404445553712214 8.958261667239996e-05
 0.0654911838790932 0.05044625533566163 0.040625 0.02618002618002618 0.01854579174166803 0.006324085034620312 0.003474356575887965 0.0008843194777132267 0.000450685679070647 9.159226786039268e-05
 0.0576036866359447 0.04629629629629629 0.03607503607503608 0.02206809583858764 0.01412904528022606 0.007232660849760706 0.004067080874335854 0.0009090012397229674 0.0004618093493794068 9.549414839711083e-05
 0.06715506715506715 0.05008347245409015 0.04248539564524694 0.02653586362174333 0.01954430900581186 0.006638427008914459 0.003689226579999122 0.0008312568022904025 0.0004224105496543601 8.758612054597206e-05
 0.05922165820642978 0.04680851063829787 0.03698722259583053 0.02600882723833544 0.01829572545323502 0.006735194599015379 0.003718821664792499 0.0008683654467740224 0.0004416544966316483 9.359531258743445e-05
 0.05767012687427912 0.04731182795698925 0.03728813559322034 0.02666666666666667 0.01825999882193556 0.005655920417872709 0.003664857506849793 0.0008636556432219345 0.0004404324851256162 8.958509558829238e-05
 0.05270092226613966 0.03159557661927331 0.03638769434336751 0.01541623843782117 0.01777346905800614 0.005739022070639163 0.003480091331177374 0.0008056920223061592 0.0004109701635661251 8.36057320886165e-05
 0.05298013245033113 0.03923766816143497 0.02927645336679214 0.02525832376578645 0.0179172548593767 0.007284620530736639 0.004157863028112246 0.000943514301943832 0.0004803846214177032 9.757801412013606e-05
 0.05611672278338945 0.04011461318051576 0.02978723404255319 0.02260951483749411 0.01585437463300059 0.007298715122025393 0.004125518912925767 0.0009269326062062 0.0004712725044893615 9.561537758213809e-05
 0.04761904761904762 0.03625377643504532 0.02659574468085106 0.02024701356549909 0.01426445050855867 0.006352029473416757 0.003522491105709958 0.0009153510085070434 0.0004682602473389648 9.54907478417599e-05
 0.06974716652136007 0.04789781798829165 0.03613006824568447 0.02214348981399469 0.0150195253829979 0.006743795707948687 0.003874271468517333 0.0009006833695523029 0.0004596541053957524 9.354905612983176e-05
 0.0390625 0.03340013360053441 0.02390057361376673 0.01167618059159315 0.01419409105246557 0.006030616978506263 0.003383801136610125 0.0007547199021573378 0.0003833187541157622 9.537354838478934e-05
 0.05134788189987163 0.03665241295051924 0.03199431212228937 0.02532714225411566 0.01763668430335097 0.005278033166479382 0.002835737611943029 0.0009273716583865626 0.0004761645624727906 8.758514420595409e-05
 0.05532503457814662 0.04217185028993147 0.03294289897510981 0.02232369355657027 0.01446321740845441 0.006955641974137658 0.004099445720776504 0.0009256116750485946 0.0004709317384445124 9.560716926293245e-05
 0.05964214711729623 0.04162330905306972 0.03149606299212598 0.01337613697164259 0.01614639397201292 0.005959382106171097 0.003323101678166347 0.0009150020301607544 0.0004681693602660762 9.739445968634611e-05
# name: avgRateB
# type: matrix
# rows: 100
# columns: 10
 0.08535609495865565 0.07400762502803319 0.06454136514766282 0.04380329400770938 0.03348064818534887 0.01224252440853304 0.006935109634665274 0.001797618439402283 0.0009230829025613121 0.0001967145100199218
 0.06191950464396285 0.05716359676980311 0.05374968006142821 0.03864360931310985 0.03024645257654966 0.01210884353741497 0.007168805225978462 0.001816655019065609 0.0009421835777402401 0.0001961568319443184
 0.0761857950356353 0.06405887965108355 0.05773955773955774 0.0399908592321755 0.03000989688088625 0.01292984869325997 0.007577872611973038 0.001802861805898205 0.0009244590454911699 0.0001967039960516143
 0.07974481658692185 0.06191037735849057 0.05834018077239113 0.0403589573144675 0.03084494350869896 0.01280290199111799 0.007640513824554701 0.001820844112983377 0.0009339275447336701 0.0001908730094032793
 0.07163012806598655 0.06211792545848945 0.05746078073695731 0.03917910447761194 0.02847224930769531 0.01031434184675835 0.006312749159020746 0.001411640035658414 0.0007172304294343508 0.0001454358253463166
 0.06244677831393698 0.05314533622559653 0.04834944981660554 0.03795918367346938 0.03100103336777893 0.01282986251789428 0.007617507831264429 0.001848268474197795 0.000950612757223202 0.0001947337631783094
 0.07242757242757243 0.06068177761913261 0.05637715499632322 0.03638544582167133 0.02981846778950127 0.01264784778106715 0.007450688208305556 0.001795559486885801 0.0009376030034227343 0.0001926074099049056
 0.0858274647887324 0.0734549138804458 0.06533052818071089 0.03954027836355968 0.03059476217671534 0.0122827649287861 0.007392901241850113 0.001802106211634848 0.0009289732233145185 0.0001906654183378027
 0.07242818561257058 0.06327372764786796 0.05881350153426525 0.03994738636917231 0.03144171779141104 0.01245396009433212 0.007454342154304882 0.001781359025331304 0.000916154334969416 0.0001869673791648724
 0.07013149655604257 0.06153846153846154 0.0561122244488978 0.03811686468513037 0.03112067538487005 0.01299127353848173 0.007805724197745013 0.001873520344727744 0.0009619990924170179 0.0001967914642596884
 0.07201390613359822 0.05782312925170068 0.05400683027559368 0.03581812818675994 0.02779836916234248 0.01245019920318725 0.007147481984140999 0.001632703237938645 0.0009397358082938951 0.0001926974423685654
 0.07196652719665272 0.06322544116259318 0.05887521968365553 0.04049721581641262 0.03029945303584779 0.0117075381439146 0.007149996155916045 0.001816075978688904 0.0009477230236385098 0.0001961868412135048
 0.0596529284164859 0.0554836323284631 0.05129498822737975 0.03296747477184095 0.02563203194560613 0.01211178540466112 0.007360061979469301 0.001823737619985187 0.0009440842046042409 0.0001944581413968643
 0.076103500761035 0.06207674943566591 0.05285920230658338 0.03635248773651016 0.02931619101441085 0.01177469262575646 0.006905583998095011 0.00164916404443265 0.000846118310681028 0.0001964631473832796
 0.06859528780196839 0.06264971439100792 0.05722239406124342 0.04059040590405904 0.03043037240979568 0.01217850204424856 0.007022471910112359 0.001804256918667481 0.0009295480072814594 0.0001906895054427949
 0.07853403141361258 0.06857665345931119 0.05919558871229322 0.03917253521126761 0.03157371931318291 0.0127980213396221 0.007405373472121682 0.00170590896196398 0.0009298172037491004 0.0001907008315152194
 0.07570022710068131 0.0632996632996633 0.05767646251029937 0.03845030662902755 0.03037877331282446 0.01259445843828715 0.007491404598933854 0.001798060744170025 0.0009232075924592403 0.0001964303642453879
 0.07281553398058252 0.06423683843038681 0.05734847632969751 0.038989974006684 0.0304810287347198 0.01318808127155084 0.007777813786174937 0.001828696824925138 0.000936001848603651 0.0001965459530394144
 0.08182141586623977 0.07118973142055873 0.06633165829145729 0.04553912447360689 0.03566144390910125 0.01269731336392231 0.007601436516370237 0.001846948294870949 0.0009501703519702461 0.0001947103167460012
 0.07566204287515763 0.05887894488930758 0.05505349537758387 0.038523113868321 0.03028396129945725 0.01224438095506171 0.007352301744788166 0.001761273571237834 0.0009040536599591718 0.0001944224176189563
 0.07802340702210664 0.06346328195829556 0.06073376301437779 0.03761301989150091 0.03077038538031446 0.01205244282438709 0.007491396599218085 0.00181755187122645 0.0009568286638805877 0.0001965749105286316
 0.07432641684732116 0.06323257248611969 0.05952380952380952 0.03984844525738176 0.02909970004924565 0.01171696387745771 0.0073111536548231 0.001837580185317178 0.0009524496716934844 0.0001963892935698575
 0.07465963987703118 0.06365503080082136 0.05983680870353581 0.04285197996799008 0.03314917127071823 0.01275148767356192 0.007425558773297691 0.001805787549094849 0.0009299640220168982 0.000190707195918866
 0.0690846286701209 0.06675769989379457 0.06029746750636474 0.04285340998170891 0.03270614490746085 0.01246353001161374 0.007364477602382249 0.001851299120821826 0.000932040644739116 0.0001948111842293588
 0.06543075245365322 0.06333471017485888 0.05791991941576428 0.03907946157186279 0.03163555836760519 0.01291717563146736 0.007550762462861738 0.001783116166224365 0.00091453655859893 0.0001869565208743917
 0.07418397626112759 0.06883421206795548 0.06266666666666666 0.04229677269830234 0.03220114689016321 0.01230314960629921 0.007464562969481724 0.001796517026253733 0.0009227986637875349 0.0001948996743982174
 0.06116207951070336 0.06092436974789916 0.05341683551298582 0.04235924932975871 0.03278804117895924 0.01337587605021527 0.007844034448384619 0.001832344312765905 0.0009369555775696739 0.0001910512015229965
 0.0817717206132879 0.06749156355455567 0.05627462014631401 0.040551500405515 0.03132935395574316 0.01330321632969804 0.007807783635851411 0.001857777642973051 0.0009597794252375454 0.0001966971957933821
 0.03992015968063872 0.0196078431372549 0.01265022137887413 0.04027091341753615 0.03033959662127219 0.01252261026854042 0.007348138471587198 0.00171753103006061 0.0008782938458926101 0.0001925192573837586
 0.04392386530014641 0.06079501169134841 0.05507696653015111 0.03726435773783428 0.02894858730893932 0.01116284535052803 0.006403073475268129 0.001722656111028931 0.0008891251298654232 0.0001927915823617565
 0.06719609040928529 0.06646284726837698 0.06179286335944299 0.04399975890543066 0.03323620469859771 0.01263485275536981 0.007420998980632009 0.001816712620664728 0.0009328584824530291 0.0001908723262962418
 0.07331378299120234 0.05993407252022775 0.05705394190871369 0.03947012706136794 0.03051077293958113 0.01206958741433368 0.007546813829536343 0.001815685250961746 0.0009325875223675289 0.0001908583616241092
 0.07317073170731707 0.06852131012744964 0.0628693574751666 0.04294027911181422 0.03293750541735287 0.01311265225246226 0.007547866050537156 0.001861644113819793 0.0009588777062870416 0.0001966596465132245
 0.07636363636363637 0.06267234895963901 0.05751987819319912 0.04053017855186768 0.0318014349427962 0.01267168083714846 0.007646572306924049 0.001816430751415775 0.0009327596861263657 0.0001908200451686949
 0.06852075775896815 0.05710206995003569 0.05842426325285677 0.04200642451198418 0.03297385367367522 0.01289339506534607 0.007724079614934304 0.001811124498604481 0.0009266267664432359 0.0001927102289794861
 0.07250755287009064 0.06192660550458716 0.05854800936768149 0.0395864106351551 0.03008126431104925 0.01062184663927896 0.007622306914521273 0.00184869732863236 0.0009507261898871837 0.0001947360849144711
 0.07674341007674342 0.06483999163354946 0.05682740704659848 0.04043208014000362 0.03062719161969018 0.01145973860191189 0.007363884410269131 0.001790645292016549 0.0009212380275421078 0.0001887589101656608
 0.07639726578206675 0.06400409626216078 0.05485574969524584 0.0359955005624297 0.03138188507737258 0.01266369261764283 0.007684263895050383 0.001837967094704571 0.0009500045561442999 0.0001947061387666678
 0.07946318205897934 0.06992218337656479 0.06490161738951272 0.0438695163104612 0.03374578177727784 0.01270388271541842 0.007750248250139262 0.001851005398136151 0.000951339009656091 0.0001965653091217819
 0.06013745704467353 0.05398110661268556 0.04883546205860256 0.0396262413776234 0.03157817434089741 0.01263341319973862 0.007284479871391252 0.001670009885690703 0.0008938973048024633 0.0001906238104627453
 0.07773205304069503 0.06572588439976804 0.06043569922698525 0.04569687738004569 0.03541464648593954 0.01308265592614914 0.007504405676366181 0.001711146872158102 0.0009344611760583259 0.0001908936946818409
 0.07778881165177093 0.0704824401506866 0.06450972608177848 0.04435017354415735 0.03311117714479773 0.01261071465661766 0.007205099515139185 0.001636201241203012 0.0008331895672903498 0.0001869357746350029
 0.07017543859649122 0.05633802816901409 0.04710808688824915 0.0367101460595173 0.03460733979844077 0.0137623317736024 0.007959868993822811 0.00183863665092334 0.0009385944157543072 0.0001910990824855302
 0.0779510022271715 0.0647332988089073 0.05560498220640569 0.0438758788391394 0.03422821559651944 0.01303818325094921 0.007560462932961126 0.001743652434502858 0.0009242386948582169 0.0001926625366704339
 0.07220216606498195 0.05931198102016608 0.05063848524878908 0.02552152685308478 0.0332264873739348 0.01274640580998962 0.007285912772374529 0.001829125715621865 0.000940819541112844 0.0001927691305476273
 0.06182380216383308 0.06652227722772278 0.06500351370344343 0.04667444574095683 0.03549168975069252 0.01388523487971002 0.007984333896438987 0.001827699849359055 0.000930960005958144 0.0001891660425846613
 0.08057603291616665 0.07263922518159807 0.06630750103605471 0.04639025804581038 0.03541657668552671 0.01281437680443408 0.007196427797286167 0.001806131722137091 0.0009253252761852442 0.0001927254679354493
 0.05797101449275362 0.06045949214026602 0.05939974989578991 0.04201424831029654 0.03175625920471281 0.01303838916628391 0.00745402644485291 0.001870225258242215 0.0009611389204953651 0.0001967523930755082
 0.06145741878841088 0.06066945606694561 0.05944874797333814 0.04295749734674281 0.03386724041756315 0.01367738296672307 0.007984590563366369 0.001866144146305701 0.0009553267753724556 0.000194927043581311
 0.07811173374087281 0.07071483474250577 0.06387327542156362 0.04407051282051282 0.03379329766263025 0.01321478332064523 0.007654865415817282 0.001763425031434968 0.000899851426704656 0.0001968249550185393
 0.0573394495412844 0.06586725215335247 0.05905511811023622 0.04054801253302205 0.03131226871619698 0.01247066711364398 0.007632220430986815 0.001849307830497728 0.0009508959283218531 0.0001967181061331936
 0.07761437908496732 0.06248140434394525 0.05276381909547739 0.03708281829419036 0.02717117842407165 0.008858558351651957 0.00484196368527236 0.001797846369296569 0.0009231465888761808 0.0001888376288593193
 0.08753315649867374 0.07530807850296668 0.0654097729896114 0.0439638783269962 0.03341913923135979 0.01170367558676536 0.006502864775563289 0.001810244459222814 0.0009608282922199112 0.0001967390209193197
 0.07530717399920729 0.06108897742363878 0.05241567912488605 0.03756733768074851 0.02729145211122554 0.01232215265141203 0.007145171608743696 0.001647901033962091 0.0009536341165976648 0.0001964357039154398
 0.07606787595084845 0.06421612046058459 0.05638732257437294 0.04212426658642997 0.03326074044743615 0.0132540878397232 0.007800688390645608 0.001844611452564961 0.0009449300605631978 0.0001929115160617731
 0.06050129645635263 0.04124926340601061 0.0625770361240163 0.04428417789586891 0.03314237015292837 0.01255173856521674 0.007149422939434174 0.001719713457522122 0.0008788908007476431 0.0001947176673300314
 0.07795371498172959 0.06918420294032863 0.06349206349206349 0.04058716092809308 0.03009215723152153 0.01210600778868453 0.006967178712331067 0.001838576716489594 0.0009480626146986468 0.0001927897431086611
 0.07763082231167337 0.0696086157079065 0.06432819516931666 0.04421341937025751 0.03328290468986384 0.01278698052891601 0.007370801574671245 0.00184940205812029 0.0009509319132750095 0.0001947437857357331
 0.07142857142857142 0.06756756756756757 0.06368750663411528 0.04462426369964895 0.03352263764000631 0.01351216806292403 0.007859228802832631 0.001818589042905301 0.0009285967729795934 0.0001927674449569453
 0.07921539041870991 0.06495193556767992 0.0574088440651668 0.03932185908592793 0.03256746116956553 0.01324655877440535 0.007665005915384999 0.001764016742819781 0.0009249793096733363 0.0001966214086553538
 0.08567511994516792 0.07076067728076826 0.06020987441940479 0.03418645477224429 0.03041115886789393 0.01229468565666054 0.007238008490427937 0.001757572206924834 0.0009030827165504958 0.0001962976673690422
 0.08140531276778064 0.06571741511500548 0.0609979260705136 0.03990422984836393 0.03074978938500421 0.01165762453481595 0.006639201933880358 0.001835025529556208 0.0009424154983629174 0.0001928067192147797
 0.07620164126611959 0.06695278969957082 0.06014133213050669 0.04359087750331669 0.03253544039042529 0.01310149385511457 0.007626774847870182 0.001793711704732155 0.0009340111400287014 0.0001946374212686666
 0.03992015968063872 0.07047768206734534 0.06511515736163029 0.04291562128614816 0.03175533733939127 0.01262757565403414 0.007210233441910967 0.001700374846679684 0.0008690795178464014 0.000184932753081964
 0.0848385331143952 0.07195767195767196 0.0636734693877551 0.04123481555778447 0.03276515848764864 0.01309357541899441 0.007543247954941665 0.001856570459690635 0.0009528319039234311 0.0001948558841903877
 0.08507853403141362 0.07443414856448428 0.06663084363245567 0.04514981529621016 0.03309431880860452 0.01100003235303633 0.007193139845953657 0.001840258156618981 0.0009302406707035236 0.0001907174632034494
 0.06989748369058714 0.0672338090010977 0.06170554115759595 0.04070645394261704 0.03016151002140494 0.01279772484891575 0.007444230307942994 0.001722794679244344 0.000880269636370394 0.0001928453577052754
 0.0746268656716418 0.06417602567041027 0.05610098176718092 0.04080057341346419 0.03153767473576543 0.01146096303065033 0.00778166861208382 0.001871844807048725 0.0009615786207077413 0.0001967708120910298
 0.06596306068601583 0.06596306068601583 0.06085929693886819 0.04357175192394749 0.03442610124403411 0.0137913384707254 0.008022894197048899 0.001856768495424118 0.0009645155696195132 0.0001968935370790307
 0.03992015968063872 0.07042253521126761 0.06396278528855938 0.04007561436672968 0.03069986089125534 0.0128474155282429 0.007602840550639771 0.001833166710448483 0.0009419240692673482 0.0001927861413396689
 0.0766992859032002 0.06578947368421052 0.05772811918063315 0.03953421506612996 0.03134925545518294 0.01258321749945131 0.007231995694439773 0.001652492381241521 0.0008422330929051655 0.0001966462088398629
 0.06720430107526881 0.05089058524173028 0.04521656354117087 0.04257907542579075 0.03288911669229455 0.01269433746969049 0.007374814593846587 0.001704383329216003 0.0008701161067290283 0.0001907198123317047
 0.07768666378938283 0.06465019625952435 0.05640612409347301 0.03929413445738372 0.03088575945876383 0.01312443605938807 0.007806090343547629 0.001859416712361516 0.0009535708308521031 0.0001948550318329496
 0.07784625364904314 0.06799336650082918 0.06091132716410917 0.04165581879718823 0.03092534428605943 0.01050938679320393 0.006417021995187233 0.001584190163896879 0.0008100745951823009 0.0001651327229391237
 0.07983094623150974 0.07083267747520856 0.06435926773455378 0.0450143941376603 0.03519397610083484 0.01347419119017244 0.007811526156147421 0.001801308056254467 0.0009193037154539845 0.0001928158407953395
 0.07903780068728522 0.06595218466611706 0.05946717411988583 0.04087265778438346 0.03173957273652085 0.01344454809855677 0.007937472158101486 0.001866766227532135 0.0009554990922758624 0.0001949355737928615
 0.06651884700665188 0.04712041884816754 0.05837866525142629 0.04168176875679594 0.03154983144610597 0.01135833203672009 0.007230948459406259 0.001828511968270605 0.0009406918060894762 0.0001927350796721119
 0.03787878787878788 0.02548853016142736 0.01725129384703853 0.04619342766927845 0.03498271937958358 0.01308669568286084 0.007505418237323011 0.001863543443150631 0.0009593804146849162 0.000196679337583991
 0.0760593987685621 0.0699394754539341 0.06441223832528181 0.04424570487173453 0.03536094496482714 0.01388109512980301 0.007958915241741579 0.001823920622974488 0.0009299812241685477 0.0001927906244130569
 0.04573170731707318 0.06029140847429241 0.0570477775136677 0.04233608336951802 0.03292439148669306 0.012775336580983 0.00747089634336568 0.001738967588319489 0.0009417366011269772 0.0001927804707420856
 0.07854821235102925 0.06783067453837457 0.0628053035589672 0.04341452413170952 0.03316615434395729 0.01275207591933571 0.007287147505422993 0.001655406055706339 0.0008435714460874469 0.0001888574877421551
 0.08553654743390357 0.07178750897343862 0.06326034063260341 0.04055449048812859 0.03259259259259259 0.01291250311807604 0.007499402520128891 0.001783664291610137 0.0009146780527866543 0.0001963291603140632
 0.03846153846153846 0.06979449398991856 0.06446991404011461 0.04181727975051385 0.03192773429895261 0.01260723394389056 0.007558087560038034 0.001801484043592121 0.0009241056359743623 0.0001926590927147057
 0.03875968992248062 0.06950942387381366 0.06379585326953748 0.04397590361445783 0.03327104507542956 0.01254168265116416 0.007181904979172476 0.001787490230605256 0.0009156831190894602 0.0001869461843587696
 0.05302226935312832 0.03412969283276451 0.05994133401351869 0.04079460801702731 0.03098677606598874 0.0126702124697168 0.007434579782844911 0.001737019122480845 0.0008881818137453456 0.0001887297731348929
 0.08746993221080253 0.07692307692307693 0.06569492917265449 0.0448751300728408 0.03382187147688839 0.01273093769418469 0.007367777694053032 0.001830513336327575 0.0009412066074644477 0.0001927584811744516
 0.07257448433919021 0.06646971935007386 0.06071235833783054 0.04066750806338522 0.02957674655787863 0.009634855313867659 0.007505326360643037 0.001770079939094024 0.0009063576604277423 0.0001926072569251741
 0.075 0.06523247744621791 0.05989550146552822 0.04170230966638152 0.0321410057024365 0.0133300688266819 0.007897048276751251 0.001864588981801231 0.0009549143987449696 0.0001949131254299774
 0.08042895442359249 0.06650041562759768 0.06 0.04262709188506473 0.03332397923389925 0.0135942677504319 0.007973703052789169 0.0018688309508917 0.0009629123137032148 0.0001968291812979672
 0.07501172058134083 0.06864090998234948 0.06237218813905931 0.04253242225631014 0.0308595888706386 0.01296053589631571 0.007750957005916036 0.001856327804759776 0.0009527429761940641 0.0001962367344463061
 0.08045052292839903 0.06554472984942426 0.05821825074465204 0.04155692127597307 0.03204765675074463 0.0130441214044619 0.007763602311472523 0.001842600155766199 0.000944392789512372 0.0001929277845446149
 0.07380073800738007 0.06369426751592357 0.06024681760761831 0.04251178037287441 0.03308796193025504 0.01308034861333608 0.007502950598549991 0.001850841093960403 0.0009581862985166502 0.000196630937435015
 0.07104795737122559 0.06301089918256131 0.05640157924421883 0.04092194740326172 0.03088734942417155 0.01112347052280311 0.007465414136072726 0.001820714095330338 0.0009530878602599909 0.0001964155160321685
 0.08369723435225618 0.06845238095238096 0.05721291377196568 0.04084498053481396 0.03044574473145902 0.01066666666666667 0.006023940862111994 0.001836402749357259 0.0009474732435489641 0.0001946013997400681
 0.07783543365455893 0.0657298277425204 0.05966101694915255 0.04170390229371462 0.03277947326777439 0.01347557551937114 0.007880544085897931 0.001874751453405798 0.0009623347991928052 0.0001868830003071641
 0.0791268758526603 0.06763059701492537 0.05878775592945469 0.04121251559026083 0.03230272265805261 0.01312752452394691 0.007589658048373644 0.001860578146180689 0.0009506219783801402 0.0001908231933665087
 0.0753012048192771 0.06119951040391677 0.05174353205849269 0.02704389432078219 0.03200421702624346 0.0132091014970315 0.00768683979964624 0.001868583821084043 0.0009615627434259219 0.0001967737844846057
 0.07452258965999069 0.062402496099844 0.06044391597304796 0.04187659490937643 0.03197143331672479 0.01281076667511333 0.007581256552947818 0.001800944453185871 0.0009567112326596089 0.0001965688997820269
 0.08358208955223881 0.06175562417291575 0.0594900849858357 0.04035956705191708 0.03026607037990695 0.01201304273210915 0.006970433743537827 0.00178169329097705 0.000914156787614148 0.0001868837434006678
 0.09007205764611689 0.0788855320577375 0.06899671982807375 0.04555442413848545 0.03539159761835367 0.0130790522249597 0.007535668832473709 0.001727692608931019 0.0009594148151091359 0.0001889627456963237
