# Created by Octave 3.0.1, Thu Sep 10 00:52:51 2009 PDT <jwawerla@marvin2>
# name: prtA
# type: matrix
# rows: 100
# columns: 10
 78.5 559.8 623 985.1 1151 1515.7 1715.6 2180.2 2248.4 2852.4
 234.1 278.5 680.5 1028.2 1076.2 1922.9 1986.4 2654.7 2723.1 2883.2
 383.3 483.6 513 984.4 1036.5 1923.7 1988.2 2144.8 2213.4 2373.8
 229.7 555.2 585.7 910.1 1388.3 1530.2 1596.4 2068.4 2749.3 2943.9
 179.1 592.1 639.8 1069.7 1263.6 2143.6 2403.2 2557.8 2626.4 2786.7
 164.7 560.9 878.8 1143.7 1196.3 1634.8 1700.4 1855.9 1924.6 2085.1
 189.3 635.6 651.5 736.1 983.7 1499.3 1564.3 2213.2 2281.9 2442.2
 65.09999999999999 708.4 724.6 1106.6 1497.5 1724.8 1788.9 1944.4 2013 2908.6
 142.2 258.8 274.8 1150 1199.2 1327.1 1391.6 1547.5 1616.2 2546.3
 82.7 453.5 524.3 1069.6 1400.2 1846.8 1911.9 2073.9 2650.4 2811
 287.7 357.3 380.2 862.5 1411.1 1911.9 1977.2 1999.8 2067 2226.1
 77 169.6 184.6 1161.4 1260.5 1797.4 1873.3 2027.3 2096.1 2268.6
 73.90000000000001 145.4 490.2 849.9 1131 1793.2 1867.8 2022 2090.8 2261.8
 146.2 201.8 368.1 712.3 964.1 1621.1 1693.5 1847.1 1915.7 2084.5
 179.9 297.8 337.7 779.5 822.3 1137.5 1868.4 2022.2 2090.8 2716
 105.1 177.8 193.3 742.9 785.1 909.2 978.2 2885.7 2954.2 2431.5
 174.5 251.7 468.8 863.2 950.9 1701.5 1905.4 2056.7 2125.1 2207.2
 157.3 263.7 281.3 895 1240.8 1529.9 1913 2064.4 2600.5 2773.3
 73.7 143.7 587.6 696.2 738.9 1780.6 1849.3 2211.6 1847.8 2006.7
 148.1 297.6 341 406 903.6 1751.3 1820.1 1971.8 1965 2644.1
 130.5 150 256 319.3 1109.5 1235.6 1304.7 2071.6 2140.2 2370.6
 88.7 233.6 627.8 792 965.5 1268.7 1337.3 2462.5 2902.1 2972.6
 85.5 138.8 153.7 711 754.2 1495 1563.8 2602.1 2670.6 2843.5
 59.8 141 196.6 654.6 911.2 1544.4 1611.1 2417.9 2408.2 3008.1
 178.1 252.2 267.3 617.6 947.4 1513.9 1579 1859.2 1926.6 2085.8
 173.6 211.1 224.6 278.5 314.7 1717.7 1781.8 1940.2 2012.1 2186
 166.4 253.8 346.1 511.5 549.1 1059.6 1927.1 2054.4 2121.6 2280.6
 172.5 255.3 361.4 447.7 821.7 936.3 997.8 1665.1 1736 1905.5
 85.7 178.3 336.3 818.6 856 1389.4 1451.5 2378.1 2449 2619
 113.3 146.9 159 810.4 1067.7 1236.5 1944.8 2367.6 2438.4 2608.1
 65.40000000000001 202.8 436 511.4 547.9 874.4 1672.2 2050.5 2125.7 2294.4
 155 204 216.5 266.2 829.5 1160.6 1221.3 2018.5 2093 2260.6
 93.2 167 338.9 436.1 915.9 1168.5 1229.2 1929.9 2004.3 2171.7
 66 76.59999999999999 123.8 897.1 932.8 1311.1 1763.4 2098.4 2459.8 2626.8
 75.90000000000001 135.5 417.4 604.1 1002 1529.4 1590.2 1743.9 1816.1 1983.1
 75.40000000000001 135.9 187.7 556.7 1010.9 1451 1511.8 1665.6 2074.3 3811.1
 78.09999999999999 90.40000000000001 152.8 604.2 676.3 1333.8 1767.8 1921.1 1993 2159.3
 128 144.1 155 548.5 826.1 1524.1 1584.2 1886 1957.5 2124.8
 172.3 190.6 395.5 494.4 528.2 1184.7 1244.4 2309.1 2380.4 2726.9
 86.5 295.1 308.5 361 503.1 1415.5 1589.1 1924.4 1995.7 2133.1
 76.7 225.2 237.2 439.9 473.6 1026.7 2152 2304.5 2816.1 2980.9
 75.09999999999999 102.4 110.5 622.2 870.1 1304.9 1364.3 2053 2123.5 2287.5
 55.3 126.1 154.2 516.6 924.3 1125.4 1691.3 1842.3 1912.8 2076.7
 79.90000000000001 90.7 182.6 228 628.6 1190.3 1249.6 1733.5 1804 3414.2
 108.6 183.5 194.5 762.6 795.7 1222.7 1282 1811.9 1882.4 1965.3
 41 97.09999999999999 104.7 167.1 548.5 1444.6 1503.3 1653.8 1723.8 3270
 129.2 193.9 205.1 531.3 564.3 1372.3 1621.3 2116.2 2179.1 2338
 53.8 61.7 120.7 596.3 894.8 1191.7 1468.4 1618.4 1688.1 3161.3
 137.3 231.9 314.7 668.4 733.3 1118.3 1369.6 1677.7 1747.3 2558.4
 80.90000000000001 125.2 134.4 793.8 826.3 1169 1550.1 1699.9 1769.6 2524.7
 219.9 238 250 602.9 786.7 1295.9 1562.2 1711.3 1781.5 2748
 82.09999999999999 153 163.2 205.5 864.6 1390.1 1561.9 1711.2 1781.4 2370.6
 67.2 76.40000000000001 82.90000000000001 136.5 385.2 1671 1729.1 1640.3 2190.7 2737.2
 51.4 58.5 63.6 324.8 594.3 699.5 1586.1 2665.9 1893.6 2057.3
 52.1 59.1 119.2 472.2 593.4 1268 1325.9 2408.1 2478.9 2641.7
 40.1 63.4 68.7 471.3 851.1 1197.8 1596.2 2310.3 2381 2543.6
 83.90000000000001 111.7 119.6 576 738.3 1139.4 1197.5 2138.2 2210.7 2373.5
 65.5 138.6 147.5 503.7 573 798.3 1277.2 2102.6 2169.7 2721
 77.8 88.40000000000001 166.3 305.2 700.1 1089 1147.4 1996 2066.9 2225.8
 148.2 163.9 291.2 385.6 482 1198.5 1257 2387.6 2454.5 2961.7
 95.59999999999999 107.9 240.9 528.3 821.1 1085.4 1143.9 1294.3 1364.9 2747.5
 111.6 125.2 133.5 696.3 794.7 1268 1694.2 1899.3 1970.2 2132.5
 167.6 202.1 212.3 285.6 702.2 1551.9 1610.3 1761.6 1832.2 1995.7
 100.4 113.3 121.3 620.6 822.7 1118 1176.6 1888.9 1959.5 2122.8
 140.3 156.6 203.3 713.5 882.6 1339.1 1397.9 1548.3 1618.9 1782.2
 181.6 199.9 210.5 433.5 598.2 1248.3 1403.4 2090.4 2161 1995.6
 40.1 68.5 74.2 152.3 830.2 938.7 1449.8 1600.2 1670.8 2527.8
 101.8 147 156.4 420 757.5 917.1 976 1850 1920.5 2085.8
 64.8 74.8 179.6 346.7 377.9 1412.7 1471.6 1621.8 1692.4 2959.4
 118 150.5 216.5 468.6 565.9 1470.6 1529.5 1917.5 1988.2 2150.6
 146.1 193.3 223.6 272.1 590.1 1012 1359 2138.5 2857.7 3016.1
 152.5 187.4 198 543.1 935.2 1311.6 1370.5 1716.2 1787.7 2355.6
 67.59999999999999 77.8 171.4 399.7 466.6 867.9 1809.7 2134.6 2206 2824.9
 75.5 163.5 173.7 444.8 477 1483.1 1541.8 1692.2 1763.5 2652.2
 115 130.1 139.5 644.6 810.2 1242.8 1301.5 1990.8 2391.9 3047.2
 87.7 146.2 156.2 452.4 644.6 1723.5 1782.3 1932.8 2002.6 2637.6
 153.5 171.3 299 372.6 764.3 1228 1587.7 2006.8 2075.1 2908.9
 54.2 187.7 199.2 320.2 717.3 826.6 885.4 1036.3 1104.6 2250
 89.59999999999999 119.9 148.7 238.1 267 1355.2 1414.1 2440.2 2508.5 3074.2
 160.5 241.8 254.6 581 779.8 1405.6 1620.2 2297.6 2365.9 2527.6
 61.6 136.7 147.2 476.8 508.4 1307 1690.5 1841.2 1909.5 2071.1
 180.3 215.4 228.1 737.1 769.5 1009.3 1683.9 1834.8 1903.1 2712.5
 52.5 60.7 66.5 420.9 453.5 1090.8 1149.7 2308.3 2377 2749.3
 78.3 122.4 132 554.8 693.8 805.5 1622.2 1772.4 1840.8 2003.1
 54.3 62.9 68.8 447 699.9 1255.3 1313.7 1827.8 1896.2 2057.7
 66.40000000000001 76.8 103.7 751.8 785.9 962.4 1466.2 1616.2 1684.6 2847.6
 40.7 189.5 201.3 491.9 826.9 1112.6 1615.1 2020.6 2876.3 3037.8
 65.3 75.59999999999999 199.7 272.6 849.7 1088.8 1771.8 2121.1 2189.4 2350.8
 52.4 60.9 66.7 723.8 758.4 871.2 1554.1 1704.4 1772.7 3278.6
 40.1 80.90000000000001 144.5 1018.6 1053.3 1217.7 1276.1 1426.6 1800.6 2595.1
 78.7 90.5 230.8 730.1 764.9 1024.7 1507.2 2137 2205.2 2726.9
 103.1 134.9 145.8 329.5 656.1 1663.3 1864.1 2174.1 2242.3 2403.5
 118.2 133.5 199.8 648.8 926 1201.1 1259.9 2022.2 2090.4 2251.7
 66.2 76.40000000000001 157.8 648.6 725 1110.7 1593.1 1742 2344.5 3014.6
 74.90000000000001 103.7 113.5 327.9 630.3 1101.8 1161.4 1312.6 1695.3 2857.4
 119.7 135.4 202.8 772.9 848.7 1015.4 1074.4 2020.2 2067.3 2226.3
 76.90000000000001 137.4 149 435.2 935.1 1051.6 1633.7 1782.7 1850.1 2010.2
 144.7 214.5 228.3 680 752.4 1454.6 1736.6 2165.2 2232.6 2392.7
 208.2 401.2 416.7 824.3 929.2 1248.6 1307.7 1685 1752.4 1912.5
 40.1 43.4 48.2 326 1030.4 1625 1684.2 2148.7 2216 2374.8
# name: prtB
# type: matrix
# rows: 100
# columns: 10
 287.3 523.8 536 1038 1146.5 1411.2 1469.3 2921.2 2987.7 3939.5
 498.9 838.9 1069.5 1779.9 1985.3 2124.4 2190.3 2348 2416.9 2398.8
 388.7 905.5 990 1407.8 1910.4 2390.8 2454.5 3469.7 3538.1 3698.3
 523.5 984.5 1026.9 1171 1971.4 2343.4 2407.4 3433.9 3502.4 4149.1
 527.8 897.7 939.6 1092.1 1138.9 2390.7 2670.7 1977.9 2045.2 2204.3
 376.6 1050.1 1136.1 1487.4 1690.7 1817.2 1881 1880.1 1947.5 3024.8
 328.4 1101.6 1191.4 1379.5 1740.3 1868.2 1932.2 3176.9 3245.4 3236.5
 387.7 689.2 1081.6 1257.4 2016.5 2147 2706.6 2859.2 2927.8 3581
 172.3 608.7 629.4 1214.4 1261 2052.6 2672.7 2825.6 2894.2 3068.6
 501.7 749.5 892.8 1472.3 1832.8 2366.7 2431.2 2584.5 2653.2 3114.1
 537.7 668.3 690 1486.9 1727.4 2880.1 2944.7 3098 2411.1 3149.8
 342.2 496.6 1047.7 1578.5 1625.7 2809.6 2190.7 3076.4 3143.5 3313.9
 441.1 724.4 742.7 1042.6 1396.1 1960.7 1457.3 2654 2720.7 3276.5
 563 870.3 888.7 1314.6 1361.4 2390.8 2463.9 3022.8 3091.4 3732.7
 573.5 603.7 622.7 1449 1720.9 2043.2 2116.6 2923.7 2992.3 3162.2
 360.2 436.2 454.9 1461.2 1854.3 2190.2 2261.9 2415.8 2484.4 2652.4
 304.9 652.4 967 1031.8 1073.5 1604.3 1672.6 1826.2 1894.7 3895.1
 366.4 486 1109.1 1521.9 1618.8 2445.7 2513.8 2671.6 2740.1 2912.2
 267.7 714.8 1063.4 1178.7 1221.2 2223.3 2718.3 2874.8 2943.3 4047.7
 246.9 682.6 928.6 1604.3 1920 2383.4 2449.5 2605.1 2533.8 2692.5
 728.4 865.8 921.3 1347.4 1656.1 1776.2 1842.1 1999.3 2072.3 0
 317.5 391 856.5 1702.7 1786.9 2524.6 2589.3 2624.1 2690.9 2849.5
 517.3 594.6 610.1 1206.9 1368.2 1886.6 1950.8 2109.2 2181 3361.3
 40.1 721.9 737.4 1029.7 1642.2 1758.4 2223 2380.9 2452.5 3113.4
 259.5 631.5 647.1 1213.7 1252.1 1876.4 2696.4 2854.4 2926 2966.6
 261.4 339.8 354.6 1401.6 1439.4 1993.1 2056.1 2406.2 2476.3 3389
 288.8 428.4 517.3 1223.2 1260.6 1900.9 2912.7 3069 3139.9 3309.6
 260.3 392.7 639.1 1514.7 1656.1 2125.2 2337 2819 2889.6 2966.5
 236.5 340.8 393.2 836.6 1777.7 1953.5 2632.2 2787.5 3171.1 3226.7
 373.6 504.9 720 854.3 1699.5 1812 2133.9 2705.4 2779.9 4271.5
 142.2 637.2 1003.9 1529.7 1565.2 2044.9 2105.6 2593.3 2667.6 2834.8
 520.2 600.9 685.1 1256.8 1584.7 1981.1 2041.8 2195.4 2925.9 3092.6
 369.6 426.8 441.1 1289.1 1732.8 1845.5 1906 2059.2 2130.9 3463.4
 248.3 284.2 297.8 1063.1 1098.2 1556.2 1616.6 3365.1 3436.7 3604
 104 428 1011 1485.9 1519.8 2104.6 2164.7 2530.4 2601.5 2766.4
 265.7 655.8 705.3 1452.8 1657.3 1768.2 1934.8 2086.9 2157.8 3141.9
 243.1 326.4 339.4 916.8 1321.9 1990.1 2049.7 2201.7 3830.4 3994.8
 119.4 595.1 1037 1249.8 1584.9 1846.9 1906.4 2058.4 2129.1 2293.3
 125.8 140.5 652 1152.9 1311 1420.9 2442 3045.4 3115.9 3192.6
 444.7 465.4 478.1 1027.5 1060.2 1580.3 1926.6 2974.9 3044.8 3209
 159.6 599.5 612.6 1316.3 1419.1 1672.7 1920 3006.5 3015.2 3651.8
 325.9 346 482.1 585.1 1469.4 2241.1 2299.6 2916.4 2986.1 4338.1
 366.1 386.2 418.4 1185.2 1217.5 1324.2 1382.2 2479.5 3038 3200.5
 153.9 170.1 263.6 1090 1122.4 2707.9 2765.9 2915.1 3657.3 3819.7
 126.4 583.2 632.7 1031.8 1211.4 1535.2 2187.8 3008.7 3878.3 3964.9
 134.1 256.8 876.2 1078.1 1450 2006.7 2064.9 2669.6 2739.6 2902.6
 205.6 677.7 708.9 1020.9 1053 2025 2082.8 2231 2241.4 2993.7
 105.7 118 952.2 1081.4 1113.7 1691.4 1749.3 2331.8 2402.5 3288.3
 55.4 127.7 736.6 1335.8 1543.4 1769.9 2165.1 2313.7 2757.9 2921.3
 41.2 693.6 705.5 1149.3 1181.8 1755 1812.8 2565.2 2570.4 2729
 42.8 66.2 71.5 1202.1 1363.9 1690.3 1842.8 3108.4 3180.8 3343.6
 266.8 285 350.6 399.7 1558.3 1740.9 1799 2781.1 2851.7 3015.4
 217.4 235.3 392.3 773.8 878.7 1726.8 1784.9 3470.2 3540.8 3703.6
 56.6 64.7 596.4 937 1336.5 1762.5 1820.9 3355.3 3425.9 3588.7
 401.8 643.6 655.5 980.6 1130.1 1858.3 1916.8 3304.8 3375.5 3226.8
 379.9 414.9 426.7 1249.1 1342.8 1672.6 2376.1 2521.8 2592.2 3599.7
 104.8 212 426.8 506.5 1715.5 1871.4 1929.9 2017.9 2085.1 3515.7
 357.1 423.3 512.2 1295.1 1716.5 1871.5 1930 2783.7 2854.3 3017.6
 280.4 300.5 365.7 1082.3 1783 2168.1 2226.8 2697.9 2768.5 3261.7
 286.9 497.8 925.4 978.8 1680.5 1789.1 1848 2936.3 3309.7 3472.9
 312.1 458.8 691 1125.7 1158 1650.8 2441.3 2745.4 2816.1 2978.5
 355.4 376.8 389 1337.3 1408.6 1916 1974.9 2658.4 2913.2 3074.5
 85.59999999999999 577.1 589.6 1055.2 1087.9 2006.3 2366.6 2915.9 2987.4 3149.7
 385.8 407 419.6 1155.2 1225.5 2181.9 2240.8 2592.8 2664.2 2826.5
 255 335.1 544.8 1054.7 1839.7 1948.2 2007.1 2642 2713.4 3591.5
 296.9 551.8 751.7 1034.8 1067.6 1274.3 1839.1 2387.8 2459.2 2551.7
 236.1 256.6 613.7 1203.3 1645.1 2423.9 2482.8 2633.3 2701.6 3147.5
 100.2 275.3 341.7 458 1649.9 2029 2087.9 2972.9 3041.2 3204.1
 188.1 269.2 282 784.6 1633 1899.9 2059.7 2210.5 2278.8 3067
 165.2 251.1 282.7 1248.7 1567.2 2102.4 2336.3 3136.6 3937.8 4099.5
 338.4 713.7 728 1184.2 1324 1894 1953 3004.1 3072.4 3234.1
 260.5 282.1 669.2 1113.8 1644.4 1818.1 2696.6 2847.4 2915.7 3077.4
 42.5 388.3 572.9 1154.6 1223.3 2229.6 2288.6 2791.7 2861.6 3038.5
 248.8 270 598.5 1397.4 1845.4 2052 2281.7 2348.4 2415.3 2878.5
 40.1 50.1 55.1 1052.4 1158.7 1994 2212.8 2364.6 2432.9 3806.4
 92.90000000000001 364.1 861.6 1150.9 1559.6 1760.7 1819.6 2947.3 3015.5 3177.1
 282.2 610.3 624.5 1291.1 1323.4 1485.9 1545 2609.1 2677.4 3310.9
 161.5 384.1 666.6 1130.1 1223.2 1392.2 2848.5 2999.3 3067.6 3229.1
 201 457.5 875.7 930.7 1003.4 1858.2 2635.7 2786.6 2854.9 3075.8
 83 95.40000000000001 682.3 1189.8 1288.3 2175.2 2233.9 2384.9 2453.2 2533.9
 212.3 427.5 497 1410.9 1443.6 1872.9 2056 3095.7 3164 3326.3
 219.4 609.5 690.5 1259.6 1292.5 1836.5 1895.3 3149.3 3217.6 3379.9
 234.3 367.1 380.6 1114.3 1571 1812.4 2286.6 2356.3 2423.3 3346.4
 89.2 336.8 679.7 1659.5 1805.8 2056.2 2114.8 2265 2712.4 2874.7
 219 338.3 454.2 1826.9 1923.4 2035.1 2093.8 2908.6 2976.9 3139.2
 366.6 388.4 401.9 1318.3 1351.3 1463 2601.5 2896.1 2964.4 3126.7
 139 186.8 322 1311 1345 2015 2073.4 2223.7 2292 3358.3
 238.9 316.5 722.2 997.9 1380.6 1700.2 1758.7 2869.6 2937.9 3099.6
 366.9 389.1 402.7 1166.3 1200.7 2030.4 2089 2640.8 2709.1 3802.3
 166.6 417.9 669.5 1079.3 1113.7 2217.9 2276.4 2426.6 2494.9 2656.3
 222.9 243 376.8 1466 1500.5 2047.2 2105.8 2739 2807.2 2968.6
 249.2 624 638.5 920.8 955.6 1116.4 2238.1 2535 2603.3 3609.1
 41.6 721.6 736.2 909.2 1567.4 1897.9 2302.2 2733.7 2802 3477.1
 487.7 540.6 777.9 1212.2 1390.2 1561.8 1620.4 2080.2 3175.7 3216.5
 332.1 402.6 417.2 1503.5 1538.4 2288.6 2455.9 2605.9 2674 2835.3
 229.3 813.4 848.1 1077.3 1448.1 1612.6 2187.1 2621 2689.2 2850.5
 549.5 715.1 884.8 1516.4 1552.2 2220.8 2399.5 2199.2 2919 3081.3
 207.1 467.9 614.1 1345.1 1381.9 1813.2 1872.4 2020.2 2740.6 2899.3
 235 288.3 303.4 969.4 1006.6 1124 1183.2 2867 2934.3 3093.2
 308.4 331.1 885.3 941.2 1048.7 1953.4 2012.9 3822.7 3890 4048.8
# name: collectedA
# type: matrix
# rows: 100
# columns: 10
 5 27 29 40 43 46 47 48 48 49
 14 14 29 35 35 46 46 48 48 48
 19 22 22 30 30 47 47 47 47 47
 11 25 25 32 39 39 39 40 43 49
 10 26 27 36 38 47 48 48 48 48
 10 26 39 42 42 46 46 46 46 46
 11 31 31 31 34 42 42 45 45 45
 3 32 32 39 46 47 47 47 47 49
 9 13 13 43 43 43 43 43 43 49
 4 22 24 38 44 48 48 46 47 47
 18 20 20 34 45 49 49 49 49 49
 4 8 8 42 43 48 48 48 48 48
 4 7 23 33 39 49 49 49 49 49
 10 12 20 31 36 46 46 46 46 46
 12 18 19 35 35 39 46 46 46 47
 6 9 9 31 31 31 31 49 49 45
 11 14 24 37 38 48 49 49 49 49
 10 15 15 34 41 44 46 46 48 48
 4 7 30 31 31 47 47 48 46 46
 9 17 18 18 32 44 44 44 44 48
 9 9 14 14 41 41 41 48 48 47
 5 12 34 37 40 42 42 47 48 48
 5 7 7 25 25 43 43 47 47 47
 3 7 9 30 35 45 45 49 49 49
 13 16 16 30 37 48 48 41 41 41
 12 13 13 13 13 48 48 48 48 48
 12 16 20 25 25 34 44 44 44 44
 13 17 22 23 35 35 35 39 39 39
 6 11 19 38 38 43 43 48 48 48
 8 9 9 33 39 40 48 49 49 49
 4 12 26 27 27 31 48 49 49 49
 11 13 13 13 34 39 39 46 46 46
 6 10 19 21 38 40 40 46 46 46
 4 4 6 37 37 43 47 48 49 49
 5 8 25 30 41 47 47 47 47 47
 5 8 10 25 38 43 43 43 44 49
 5 5 8 27 28 43 49 49 49 49
 9 9 9 28 35 46 46 47 47 47
 12 12 24 26 26 42 42 48 48 48
 7 20 20 20 24 46 47 48 48 48
 5 14 14 19 19 29 45 45 47 47
 5 6 6 31 38 44 44 49 49 49
 3 7 8 21 35 37 45 45 45 45
 5 5 10 10 27 38 38 41 41 48
 7 11 11 33 33 42 42 45 45 47
 2 5 5 6 18 39 39 39 39 48
 9 12 12 25 25 43 45 47 47 47
 3 3 6 25 34 39 42 42 42 48
 10 15 19 36 37 42 44 45 45 48
 5 7 7 34 34 40 46 46 46 48
 16 16 16 30 35 45 47 47 47 49
 5 9 9 9 36 46 47 47 47 47
 4 4 4 5 14 47 47 45 48 49
 3 3 3 14 25 25 42 49 47 47
 3 3 6 20 23 40 40 48 48 48
 2 3 3 21 32 38 43 47 47 47
 7 8 8 29 33 41 41 47 47 47
 4 8 8 25 26 28 38 48 48 49
 5 5 9 13 26 34 34 46 46 46
 10 10 17 19 21 39 39 48 48 49
 6 6 14 25 33 36 36 36 36 47
 8 8 8 32 34 42 47 49 49 49
 13 14 14 15 29 48 48 48 48 48
 7 7 7 29 35 38 38 46 46 46
 10 10 12 34 38 45 45 45 45 45
 14 14 14 22 26 39 40 44 44 48
 2 3 3 5 33 33 39 39 39 48
 7 9 9 20 32 33 33 41 41 41
 4 4 10 15 15 46 46 46 46 49
 9 10 13 21 23 45 45 47 47 47
 11 13 14 14 26 31 34 41 46 46
 11 12 12 25 38 42 42 43 43 44
 4 4 9 18 19 27 47 48 48 49
 5 10 10 21 21 47 47 47 47 49
 8 8 8 33 37 43 43 48 49 49
 6 9 9 20 25 46 46 46 46 49
 11 11 18 19 31 40 43 45 45 49
 3 11 11 14 31 31 31 31 31 47
 6 7 8 10 10 38 38 48 48 49
 12 16 16 28 32 43 45 49 49 49
 4 8 8 22 22 44 48 48 48 48
 14 15 15 36 36 39 46 46 46 48
 3 3 3 19 19 34 34 48 48 43
 5 7 7 24 27 27 48 48 48 48
 3 3 3 20 27 40 40 44 44 44
 4 4 5 35 35 36 42 42 42 49
 2 12 12 21 32 35 41 42 49 49
 4 4 11 12 33 35 41 42 42 42
 3 3 3 34 34 34 43 43 43 49
 2 4 7 44 44 45 45 45 46 49
 5 5 13 36 36 38 45 48 48 49
 8 9 9 14 25 45 46 47 47 47
 8 8 11 29 37 40 40 46 46 46
 4 4 8 32 33 39 43 43 45 47
 5 6 6 15 26 37 37 37 42 49
 9 9 12 35 36 37 37 47 47 47
 5 8 8 20 38 38 48 48 48 48
 10 13 13 29 30 45 47 49 49 49
 15 26 26 40 42 45 45 46 46 46
 2 2 2 13 37 46 46 48 48 48
# name: collectedB
# type: matrix
# rows: 100
# columns: 10
 20 37 37 65 68 72 72 96 96 99
 38 60 72 92 95 95 95 95 95 95
 28 61 64 77 89 94 94 99 99 99
 39 67 68 70 92 94 94 98 98 99
 44 65 66 68 68 89 91 95 95 95
 29 70 73 82 86 86 86 86 86 95
 23 71 74 77 84 84 84 96 96 96
 29 47 68 71 91 91 95 95 95 97
 14 42 42 67 67 84 94 94 94 94
 37 50 56 78 86 98 98 98 98 94
 39 44 44 77 80 98 98 98 96 98
 25 34 65 82 82 98 93 99 99 99
 39 58 58 65 75 82 75 94 94 96
 45 63 63 78 78 96 96 98 98 99
 45 45 45 86 91 94 94 97 97 97
 26 29 29 81 93 96 96 96 96 96
 24 46 63 63 63 73 73 73 73 99
 30 36 71 84 85 96 96 96 96 96
 18 50 71 73 73 91 96 96 96 99
 18 47 59 85 93 98 98 98 98 98
 56 63 65 78 85 85 85 85 85 0
 25 28 55 84 85 98 98 98 98 98
 42 45 45 74 77 89 89 89 89 96
 2 54 54 65 85 85 89 89 89 97
 20 47 47 73 73 85 95 95 95 95
 21 25 25 83 83 91 91 91 91 95
 23 31 35 69 69 79 95 95 95 95
 21 29 44 84 87 96 97 99 99 98
 19 25 27 48 87 88 97 97 98 98
 33 40 52 55 88 88 91 94 94 99
 10 45 67 88 88 97 97 99 99 99
 42 46 50 77 86 92 92 92 99 99
 29 31 31 73 86 86 86 86 86 99
 22 23 23 64 64 70 70 98 98 98
 7 29 66 85 85 97 97 98 98 98
 21 50 52 88 94 94 95 95 95 97
 19 23 23 53 70 86 86 86 99 99
 8 43 74 81 92 95 95 95 95 95
 9 9 44 69 73 73 90 97 97 97
 40 40 40 69 69 84 88 97 97 97
 12 44 44 80 82 85 87 96 98 99
 28 28 35 37 75 89 89 93 93 99
 33 33 34 74 74 74 74 95 99 99
 11 11 16 61 61 95 95 95 98 98
 9 43 45 67 72 77 87 93 98 98
 10 18 60 68 81 94 94 99 99 99
 15 49 50 62 62 90 90 90 90 97
 7 7 66 70 70 84 84 90 90 98
 3 7 48 78 84 86 91 91 94 94
 2 52 52 73 73 85 85 94 94 94
 2 3 3 79 83 88 89 99 99 99
 20 20 23 23 85 86 86 98 98 98
 18 18 28 50 52 82 82 99 99 99
 3 3 39 54 68 76 76 92 92 92
 32 48 48 60 64 83 83 98 98 98
 32 33 33 75 77 81 96 93 93 97
 7 13 26 27 86 87 87 87 87 96
 31 34 39 74 89 90 90 98 98 98
 24 24 27 65 90 96 96 98 98 99
 22 35 62 62 89 89 89 98 99 99
 25 34 47 67 67 79 94 95 95 95
 29 29 29 76 77 91 91 98 95 95
 5 44 44 64 64 90 94 97 97 97
 31 31 31 69 70 94 94 95 95 95
 21 25 37 61 92 92 92 95 95 99
 24 41 52 64 64 66 76 83 83 83
 20 20 42 71 85 97 97 97 97 93
 7 20 23 26 85 93 93 99 99 99
 14 18 18 47 91 95 96 96 96 99
 13 17 18 69 80 87 89 94 98 98
 27 53 53 74 77 88 88 98 98 98
 20 20 44 65 81 82 96 96 96 96
 2 29 39 68 69 90 90 99 99 99
 21 21 42 81 95 96 98 98 98 99
 2 2 2 64 66 88 90 90 90 97
 6 25 57 69 86 88 88 99 99 99
 24 48 48 82 82 83 83 95 95 97
 12 27 45 65 67 68 98 98 98 98
 16 35 61 61 62 89 98 98 98 96
 5 5 47 69 71 91 91 91 91 91
 17 31 34 83 83 89 90 96 96 96
 17 46 50 76 76 90 90 99 99 99
 17 24 24 68 85 88 95 95 95 97
 6 23 46 87 90 92 92 92 94 94
 16 22 28 91 93 93 93 98 98 98
 28 28 28 74 74 74 98 99 99 99
 10 12 19 77 77 89 89 89 89 96
 20 24 50 59 73 78 78 97 97 97
 30 30 30 66 66 85 85 87 87 99
 12 30 46 63 63 96 96 96 96 96
 18 18 25 77 77 87 87 93 93 93
 19 45 45 58 58 59 92 93 93 97
 2 54 54 59 82 87 93 95 95 97
 45 47 61 80 85 86 86 90 99 97
 26 29 29 84 84 96 97 97 97 97
 17 59 60 69 81 82 91 94 94 94
 46 56 66 93 93 88 89 94 97 97
 17 34 43 84 84 89 89 89 96 96
 19 21 21 54 54 54 54 95 95 95
 24 24 59 59 61 82 82 99 99 99
# name: avgRateA
# type: matrix
# rows: 100
# columns: 10
 0.05649717514124294 0.044276812069531 0.0401106500691563 0.02693421318429735 0.0199907019990702 0.007059870773669752 0.004011745023729044 0.0009198891533570206 0.0004694449986503456 9.744410089322433e-05
 0.05735354362965998 0.0426179604261796 0.03715566944266496 0.02290276141866248 0.01685772083614296 0.006644614251253088 0.003837682707068011 0.0009115995343245713 0.0004672756176556198 9.544959942984772e-05
 0.04830917874396135 0.04122938530734632 0.03588907014681892 0.02021018593371059 0.01473115639577707 0.00678827794387394 0.003920521846482374 0.0009013362789770025 0.0004598222933587964 9.355583432097772e-05
 0.04589069670421361 0.04130865829477858 0.0364590928977687 0.02269342599815616 0.0163296068333124 0.0059722519984074 0.003363112690145218 0.0007682202641141267 0.0004184943352412133 9.742637300104445e-05
 0.05288207297726071 0.04049213518143591 0.03649635036496351 0.02293431865961649 0.01678741827177947 0.006579315751161879 0.003869969040247678 0.0009132802362351544 0.0004677159093566568 9.546791909968979e-05
 0.05724098454493418 0.04256015714519561 0.0398447078054761 0.02555210804891403 0.01912307061876792 0.00693314041116537 0.003931489521725753 0.0008870736020394978 0.0004513140105528989 9.161793488793036e-05
 0.05519317611640742 0.04521586931155192 0.04125083166999335 0.02507887711350214 0.0171396884609568 0.006462234394473251 0.00363186703907716 0.0008618510261772886 0.0004399605404279741 8.956254072607754e-05
 0.03994673768308922 0.04219409282700422 0.03880669415474169 0.02427486617701979 0.01841841841841842 0.006989055436592909 0.003986801143448499 0.0009048136083966703 0.000460725593796869 9.743321152193461e-05
 0.05913272010512484 0.04209844559585492 0.03468516542155816 0.02606060606060606 0.01955256456893416 0.006796162538919884 0.00377471119070192 0.0008341820650856007 0.0004231608739551371 9.75034539106148e-05
 0.04314994606256742 0.04369414101290963 0.03844305622296973 0.02420998980632008 0.01833180568285976 0.007010574282876672 0.004029583861516635 0.0008833599941621426 0.0004578647525971648 9.347448643724978e-05
 0.06046355391333558 0.04910385465259023 0.04164931278633903 0.02495412844036697 0.01866368047779022 0.007089222934359583 0.004091106435560899 0.0009423113165819868 0.0004800768122899664 9.756561835396449e-05
 0.04597701149425287 0.03642987249544627 0.02810962754743499 0.02527988443481401 0.0190223401902234 0.007061523523700239 0.004042684005289178 0.0009225925619818825 0.0004701452846876619 9.556639614740003e-05
 0.04767580452920143 0.03582395087001024 0.03896984073195527 0.02444625527816875 0.01830126701079305 0.007213095448389566 0.004128819157720892 0.0009419091922648111 0.0004799648939963248 9.755868353914234e-05
 0.06402048655569782 0.04765687053216838 0.04272591326639607 0.02557122824383403 0.01832900565144341 0.006947486067269789 0.003933809381280198 0.0008872241649002548 0.0004513534224854463 9.161804437300893e-05
 0.0631911532385466 0.05175388154111558 0.04340872743888508 0.02735443532629933 0.01920649728365253 0.006354378818737271 0.003875838360688888 0.0008842378830576178 0.0004505792882414478 9.349215063773582e-05
 0.05212858384013901 0.03950834064969271 0.03068530514831231 0.02494166867809156 0.01736597389501989 0.005246056995870846 0.002823778032828697 0.0009265264523302141 0.0004759397868178277 8.956444808894347e-05
 0.05962059620596206 0.04640371229698376 0.04219409282700422 0.02714201877934272 0.01947818955353939 0.007162575542788928 0.00411577939422447 0.0009412813336227613 0.000479803691746691 9.756929012566924e-05
 0.05977286312014345 0.04781638508128785 0.03933910306845004 0.02437275985663083 0.01829703677258122 0.006738234888742554 0.003861327961050953 0.0008835211776184878 0.0004678339774172641 9.547046352700114e-05
 0.04778972520908004 0.0361383582860093 0.04363001745200698 0.0259153987627487 0.01782736212548162 0.006931539981712532 0.003966479032516689 0.000919335933011055 0.0004516543312668511 9.163224315532043e-05
 0.05692599620493359 0.04890678941311852 0.04081632653061224 0.01986754966887417 0.01681025425509561 0.006517263341874898 0.003722472737117283 0.000846612970880362 0.0004315206198205266 9.549500332342506e-05
 0.06405693950177936 0.045 0.03932584269662921 0.0170877578420603 0.01943588528087225 0.006575149143626916 0.003626810087839571 0.0009218076648307331 0.0004699422950023595 9.355643025288502e-05
 0.05065856129685917 0.04231311706629055 0.04671613080516625 0.02863777089783282 0.02035105571101501 0.006699953738414663 0.003704585747929401 0.0008958780081010245 0.000466462783558353 9.543263390490855e-05
 0.05235602094240838 0.03707627118644068 0.02759164367363027 0.02064409578860446 0.01425151066012997 0.006620477290223249 0.003718500838824608 0.000893500449601822 0.0004577746696717463 9.346844495354916e-05
 0.04297994269340975 0.03664921465968586 0.03034389750505731 0.02598302442404296 0.01831310171619925 0.006876107817370577 0.003875601794834253 0.0009347951749307011 0.0004784773094342055 9.741393826461245e-05
 0.06911217437533228 0.05294506949040371 0.04356112169888374 0.02684323550465283 0.01899969189688816 0.007368857366554599 0.004145435702564988 0.0007906022460816982 0.0004022502467461879 8.165934985614012e-05
 0.06535947712418301 0.04978935273841439 0.04004929143561306 0.01669877970456005 0.009888187419183084 0.007145302707772005 0.004074080361235126 0.0009241396837131933 0.0004705324172328577 9.558211499324951e-05
 0.06802721088435373 0.05266622778143516 0.04483299708585519 0.02471576866040534 0.0161384029436447 0.005610931414614826 0.00368907781438908 0.0008452695641482757 0.0004308588976279259 8.760043688726978e-05
 0.07123287671232877 0.05568293481821159 0.04768097095795405 0.02426928352854279 0.0192128231871329 0.005895928440274245 0.003182454672752733 0.0007548615990291319 0.0003833451285680585 7.770387054933647e-05
 0.06269592476489028 0.04818221638195357 0.04354801741920697 0.02881844380403458 0.02047413793103448 0.006729896390897425 0.003754966598262236 0.0009164135392463644 0.0004685258030825094 9.549977219325175e-05
 0.064882400648824 0.0457084814626714 0.03474903474903475 0.02518315018315018 0.01886153697344876 0.00641385392447687 0.004018485031143259 0.0009356930621223811 0.00047833624890666 9.749146502016184e-05
 0.05305039787798408 0.04746835443037974 0.04850746268656717 0.02669566936919122 0.01744298727307966 0.005277134686095602 0.004112335292404174 0.0009413934544336749 0.0004798008728459144 9.755235176820605e-05
 0.06666666666666667 0.05118110236220472 0.04107424960505529 0.01696684938658314 0.01858431265373053 0.006330552218939713 0.003475533137871726 0.0008843007776079664 0.0004505695787174439 9.158592173067129e-05
 0.05813953488372093 0.04608294930875576 0.0432900432900433 0.02243350069437026 0.01983402056474764 0.006484558644727243 0.003562141559505575 0.0008858095239929212 0.0004509613810398189 9.160213528560052e-05
 0.05263157894736842 0.03159557661927331 0.02680965147453083 0.02648342996206428 0.0191432119205298 0.006813392277099079 0.00399544349422786 0.0009213334766518741 0.0004782363424484529 9.748783789483569e-05
 0.05820721769499418 0.0431266846361186 0.04831851565519907 0.02717145186124445 0.02047952047952048 0.007198211167948051 0.0040551500405515 0.0009083196280141233 0.0004616165812675991 9.362865004817892e-05
 0.05854800936768149 0.04303388918773534 0.03475842891901286 0.02365855966688748 0.0188970112884778 0.00666563323515734 0.003735297694539516 0.0008322752469728408 0.0004310585524466001 9.725867492796407e-05
 0.05675368898978434 0.03561253561253561 0.03164556962025316 0.02445209201231661 0.01670345403567381 0.006788973444062017 0.004163904893013138 0.0009437396357165007 0.0004804251272146127 9.757859707069052e-05
 0.06521739130434782 0.04636785162287481 0.03529411764705882 0.02670481640438722 0.01916652976288265 0.007050780950629205 0.003970925916334318 0.0009058320163435223 0.0004609763872201653 9.360222797201014e-05
 0.06582556226001096 0.04987531172069826 0.04843592330978809 0.02614641995172969 0.01701347991100641 0.006790951865086423 0.003735192629219878 0.000917622363986381 0.0004688397388562655 9.547927512929982e-05
 0.07253886010362694 0.05795421616922631 0.04895960832313342 0.02322880371660859 0.01596700153017098 0.007170134829709298 0.004055534942316487 0.0009244208888306846 0.0004706080746541276 9.559218462196578e-05
 0.05767012687427912 0.05087209302325581 0.04151838671411625 0.02021491648047665 0.01289359391965255 0.004811920288051504 0.003703094140882159 0.0008603466240954411 0.0004571268507558641 9.344291204695844e-05
 0.05875440658049354 0.03937007874015748 0.02850356294536817 0.02762430939226519 0.02031976899631036 0.006978699107043729 0.003871773888404918 0.000941348241215684 0.0004798112089773656 9.755369185974168e-05
 0.04594180704441041 0.03975014196479273 0.03147128245476003 0.02065709226834547 0.01818843215714806 0.006040421850001633 0.003849015934925971 0.0008680170439968906 0.0004415539559309527 8.962774014408555e-05
 0.05561735261401557 0.03553660270078181 0.03538570417551309 0.01373626373626374 0.01657865651479799 0.006138636253493368 0.00337789788081354 0.0007925232199638532 0.0004027346666142784 9.534891943850611e-05
 0.05902192242833053 0.04710920770877945 0.03735144312393888 0.02613654364010772 0.01837723450465 0.006749481736223826 0.003722744194291792 0.0008685263424039651 0.0004416857082283103 9.363197017801828e-05
 0.0392156862745098 0.03399048266485384 0.02442598925256473 0.008994153800029981 0.01162415240555376 0.006051578065357043 0.003390331470099885 0.0007550267356903074 0.0003833911041467188 9.537623939436088e-05
 0.06465517241379311 0.04920049200492005 0.03933136676499508 0.0242412489091438 0.01598158920923097 0.006747955997049731 0.003872200184144631 0.0009018309086234223 0.0004599766488450182 9.356250174185509e-05
 0.04702194357366771 0.02685765443151298 0.02718622564567286 0.02280397701359117 0.0179438463162339 0.006298754784631038 0.003662237103693628 0.0008136633448537731 0.0004130276797383371 9.539684391466514e-05
 0.0678886625933469 0.05321035828307911 0.04581625271280444 0.03081136597055803 0.02134656435700687 0.006864651945801938 0.003869969040247678 0.0008707817878891669 0.0004422721782297909 9.551128784236816e-05
 0.055005500550055 0.03995433789954338 0.02986348122866894 0.02627917761632401 0.01861687565022176 0.00648403306856865 0.003982649500870122 0.0008897502703100005 0.0004520013835172782 9.551769296116191e-05
 0.06959547629404089 0.05555555555555555 0.04571428571428571 0.02720101550457884 0.01958918676890356 0.007147508696135581 0.004064970334365432 0.0009088922537240409 0.0004617735050082776 9.746433600929293e-05
 0.05428881650380022 0.04433497536945813 0.03419452887537994 0.01275690999291283 0.01930708999249169 0.00719863538911754 0.004065075809339296 0.0009088940113553737 0.0004617739586997231 9.355643025288502e-05
 0.05181347150259067 0.03164556962025316 0.02186987424822307 0.007855459544383346 0.0101068437770719 0.007045420476690151 0.004007127571595433 0.000871412443382397 0.0004697100616788025 9.746642977682972e-05
 0.0488599348534202 0.02764976958525346 0.01833740831295844 0.01697381183317168 0.01568086307470363 0.004386349679796474 0.003625033445249048 0.000930393290535242 0.0004612654769288748 9.361481249251828e-05
 0.04830917874396135 0.02749770852428965 0.02737226277372263 0.02057189878625797 0.01443454248776202 0.006381620931716656 0.003531728162883303 0.0009158889560964813 0.0004683891025372052 9.549545929038518e-05
 0.03992015968063872 0.02645502645502645 0.01778304682868998 0.02162050859672604 0.01728701852952299 0.006131207847946045 0.003708111277832393 0.0008984846196638138 0.0004590695539211377 9.352422356985544e-05
 0.07454739084132055 0.0494743351886209 0.03642987249544627 0.02695167286245353 0.01898406489098545 0.006678177020555755 0.003661531591873186 0.0009014503761157846 0.0004598344400341647 9.355589018927153e-05
 0.05298013245033113 0.04241781548250265 0.03232323232323232 0.02490784098834313 0.01652892561983471 0.00482900160391839 0.003369630759408364 0.0009212592077938529 0.0004698066060681396 9.746957059681215e-05
 0.05694760820045558 0.0361271676300578 0.03379647014645137 0.01614505712866368 0.0152932180459973 0.005583839710954179 0.00305003857401726 0.0008846834371874759 0.0004506847959524586 9.159226786039268e-05
 0.06321112515802782 0.04675081813931744 0.0434560327198364 0.02145438121047877 0.01417004048582996 0.006291844801161572 0.003464510970951408 0.0009162473562446075 0.0004685006515087185 9.74229250457838e-05
 0.05681818181818182 0.03799873337555415 0.04106776180698152 0.02431197121462608 0.01812091592993246 0.005915798468465508 0.003230466892201115 0.0007018323673390611 0.0003551525232106972 9.348629282094889e-05
 0.06578947368421052 0.04566210045662101 0.03426124197002142 0.02674914319150715 0.01894467041845434 0.006700701978302489 0.004019086384703528 0.0009441360480777197 0.000480532547744341 9.75838050713706e-05
 0.0731981981981982 0.05553351844506148 0.04482869036183157 0.01909368635437882 0.01703677593702268 0.007326119141012531 0.00413426009663833 0.0009273283669747458 0.0004713636747512084 9.561834892211228e-05
 0.06340579710144927 0.04286589099816289 0.03163126976954361 0.02587899339639479 0.01920228232841389 0.006211180124223602 0.003399960632034787 0.0008865094461435875 0.000451159529028683 9.161105610022091e-05
 0.0665335994677312 0.0484027105517909 0.03956478733926805 0.02801812937783272 0.02018485073834059 0.00709879951412661 0.003948095701839812 0.000872967682736385 0.0004428310087985601 8.968034338404191e-05
 0.07306889352818371 0.05602240896358543 0.04508856682769726 0.02356722013926085 0.01626830183956952 0.006241697741785766 0.003507725765999614 0.0008446853930858661 0.0004306927301024853 9.561836796975911e-05
 0.03992015968063872 0.02531645569620253 0.01722158438576349 0.007665184730952016 0.01803081630422905 0.005556771684038594 0.003406173033590107 0.0007558110239882791 0.0003835909622035038 9.551710373038069e-05
 0.06261180679785332 0.04568527918781726 0.03510140405616225 0.02173913043478261 0.0182076813655761 0.005577056328268915 0.003006559766763848 0.0007907425265188042 0.0004022743216526607 8.165934985614012e-05
 0.053475935828877 0.03205128205128206 0.03576537911301859 0.01771583795913547 0.01088613106901807 0.007173265551171894 0.004009902716273231 0.0008910963972585225 0.0004523445213211607 9.742337055436283e-05
 0.0703125 0.04987531172069826 0.04107424960505529 0.02168077637827793 0.01468803882751133 0.006954532809940345 0.00390303135435188 0.0009052824192228054 0.0004608376263136324 9.359741878233343e-05
 0.07046764894298527 0.05343197698314837 0.04326328800988875 0.01813236627379873 0.01635117288220867 0.005156353958749168 0.002993221234263579 0.0007863670799888758 0.0004472197997816401 9.14483651716118e-05
 0.06769230769230769 0.05054759898904802 0.04026845637583892 0.02396702137858307 0.01963621331128565 0.006654414094682806 0.003693768963546018 0.0008314609348714717 0.0004224478989111651 8.758735843693194e-05
 0.05154639175257732 0.03129890453834116 0.03316138540899042 0.02000666888962987 0.01295513432428747 0.004601305407385948 0.003979779333937356 0.0009206937427351509 0.0004696397471772694 9.744943020920403e-05
 0.05847953216374269 0.0468384074941452 0.03653635367190355 0.02222692633361558 0.01421800947867299 0.00724961823818852 0.004072155123117711 0.000909228084701367 0.0004618551838331032 9.748291164347833e-05
 0.064 0.04441976679622432 0.03340292275574112 0.02883103267517037 0.02043973041652856 0.006887934901005958 0.003804804671946202 0.0009232402655854497 0.0004785534793279547 9.740636663915433e-05
 0.06141248720573183 0.04587155963302753 0.0351288056206089 0.02099958000839983 0.0152012647452268 0.006841674722986539 0.003904161326735867 0.0008857600591533674 0.0004509688968712562 9.748574320743215e-05
 0.06727828746177369 0.04970628106642566 0.04511278195488722 0.02177400870960348 0.01757070792949045 0.006422607578676943 0.003710831312512405 0.000865271464500796 0.0004408518825844892 9.743315340014861e-05
 0.04672897196261682 0.04627681952040387 0.03676470588235294 0.01706900755913192 0.01805159261631631 0.005320427007173995 0.002847851250298565 0.0006074108036828688 0.0003066131511325894 9.35788949726232e-05
 0.06024096385542169 0.04120070629782225 0.03216726980297548 0.01354829968838911 0.007892659826361484 0.005979355488418932 0.003329215619277911 0.0009153283168256414 0.0004682538521195803 9.740113883796863e-05
 0.07038123167155426 0.05483207676490747 0.04512126339537507 0.02590194264569843 0.01797954826384987 0.006712876233295866 0.003872566737233438 0.0009369454812457933 0.0004786750275238141 9.750708219807231e-05
 0.0558659217877095 0.04284949116229245 0.03236245954692557 0.02252252252252252 0.01458499071864227 0.006976375455842714 0.004105897951328001 0.000925904492951552 0.0004710061377987332 9.560398915611753e-05
 0.07356805044666316 0.05651846269781462 0.04571776897287412 0.02910031525341525 0.02034473014975982 0.006489940592082273 0.003937041570023708 0.0008874346963815814 0.0004514092309262426 9.548201009523336e-05
 0.048 0.02710027100271003 0.01801801801801802 0.02063199044413074 0.0130718954248366 0.005582189531752807 0.003049409401149806 0.0009176363980477286 0.0004688553092979869 8.552970635662745e-05
 0.05662514156285391 0.04060324825986079 0.03017241379310345 0.02275312855517634 0.01594048884165781 0.004650762208250797 0.004130027017260071 0.0009271349213094235 0.0004713238701974062 9.56169394173064e-05
 0.04665629860031104 0.02657218777679362 0.01777251184834123 0.02111932418162619 0.01588328725219131 0.006394577398366185 0.00353553656186747 0.0008489652271560822 0.0004318119812122533 8.763932910500127e-05
 0.05235602094240837 0.03154574132492113 0.02454590083456063 0.02795973797731267 0.01959796181197155 0.006037837112572119 0.003662939770804625 0.0008136980250386507 0.0004130418962163395 9.744503105911215e-05
 0.03944773175542406 0.05010438413361169 0.03982741453700631 0.02117148906139732 0.01751601072855657 0.005725877695252429 0.003529887818443233 0.0008073724639854212 0.00047630017798074 9.740818682015547e-05
 0.05312084993359894 0.03184713375796178 0.03670337003670337 0.01553196997152472 0.01784073092933989 0.005748259098672973 0.003482899811413718 0.000805815686929094 0.000411001532448571 8.360691373438641e-05
 0.04807692307692308 0.02705139765554554 0.01799640071985603 0.02778231737211963 0.01933575978161965 0.005790979697506473 0.003721622627465575 0.0008316506912371094 0.0004225101623519864 9.736158064340507e-05
 0.03992015968063872 0.03055767761650114 0.02862985685071575 0.0289740550507046 0.02142891930063799 0.007237402898177783 0.00399074147976694 0.0008750335429524798 0.0004518637414710719 9.749398671017684e-05
 0.05636978579481398 0.03558718861209965 0.03929866989117291 0.02926591334037883 0.02039775624681285 0.006307368001726227 0.00391059510567297 0.0009206513608377928 0.000469643423230912 9.746842669449356e-05
 0.07073386383731212 0.0486749594375338 0.03661513425549227 0.01687763713080169 0.01509570678099149 0.006753410472288506 0.003877243111571885 0.0009008301053587891 0.0004596923191281886 9.355030369016139e-05
 0.062402496099844 0.04359673024523161 0.03669112741827885 0.02524373259052925 0.01921079958463136 0.00645046846527229 0.003552429417668008 0.0008842378830576178 0.0004505810536544083 9.158754465141681e-05
 0.05249343832020997 0.03164556962025316 0.03103180760279286 0.02786000348250044 0.01913043478260869 0.006382247533015858 0.003709102828406552 0.0008310463453287465 0.0004396914343223134 9.343665173933321e-05
 0.05889281507656065 0.03903708523096942 0.02810304449648712 0.01811813020896244 0.01594798503342943 0.006063784457045461 0.003314996326625692 0.0007210704583279741 0.0004129984374892448 9.74431319893075e-05
 0.06939090208172707 0.04854368932038835 0.03963011889035667 0.02749626836357923 0.01947314328987938 0.006150879409515577 0.003341038792169328 0.0009034951807182595 0.0004604804868944314 9.358331094966553e-05
 0.05753739930955121 0.04268943436499466 0.0321285140562249 0.0213857998289136 0.01963722805022996 0.006279331085993787 0.004125944454472782 0.0009269505066363863 0.00047128083330306 9.561558709364869e-05
 0.06464124111182935 0.04914933837429111 0.0395979287237283 0.02457627118644068 0.01711937913718329 0.006971772069531807 0.004004566910348823 0.0009393235336967941 0.000479299166801979 9.753326431693772e-05
 0.06874427131072411 0.0576241134751773 0.05031933423650087 0.0302046364116892 0.02177068214804064 0.007201613161348141 0.003979589129531204 0.000890006771790655 0.0004520777888285682 9.16494408886011e-05
 0.03992015968063872 0.02141327623126338 0.01349527665317139 0.01573849878934625 0.01822301024428684 0.006943396226415094 0.003936940483730165 0.0009204448049519931 0.000469593801361822 9.554619379793732e-05
# name: avgRateB
# type: matrix
# rows: 100
# columns: 10
 0.06727211570803901 0.06448239804810039 0.05817610062893082 0.04226267880364109 0.03167947822035872 0.01123034689293736 0.006277628102848474 0.001814017822725108 0.0009321501499693653 0.0001964521534827097
 0.07467085871487522 0.06749915626054674 0.06156477126977341 0.04035264704592306 0.03182259739389676 0.01333445623491101 0.007793081384379384 0.001814778023993276 0.0009275812878538601 0.0001890928083426951
 0.07022824178580386 0.06384092098377812 0.05871559633027523 0.04036062480343851 0.03057998900494777 0.01271851491042918 0.007547472800995624 0.001851515905269714 0.0009561697577993028 0.0001965462261834118
 0.07310215557638237 0.06476558724021267 0.06034253261158931 0.04189108318372232 0.03096183617150165 0.01280061007162895 0.007576123926044135 0.001834041685147444 0.0009468379477190868 0.0001963704784953499
 0.08181480104127929 0.06858710562414266 0.06348595613697576 0.04271088499466114 0.03179204263873954 0.0120421610943483 0.007181923650627036 0.001827699849359055 0.000930960005958144 0.0001891660425846613
 0.07501293326435592 0.06363057903826926 0.05905671062211795 0.04125993760692362 0.03196194298881332 0.01261514991492108 0.007238447942092417 0.001657668354532856 0.0008435714460874469 0.0001888574877421551
 0.06796690307328605 0.06165335185828413 0.05730215270249341 0.0409683426443203 0.0306535780753932 0.01223027867563554 0.007039774727208729 0.001805295156355485 0.0009298235078754114 0.0001907651770092193
 0.07291928589388987 0.06358225108225107 0.05754908598510495 0.04040059178331626 0.03016741256423007 0.01273261508325171 0.007476429572033432 0.001797227351151739 0.0009229770771356231 0.0001926204523204807
 0.07679648930334612 0.06376195536663123 0.05758157389635317 0.0390807279514699 0.02963290579389651 0.01191050109179593 0.007417519549898601 0.001779440271383572 0.0009135597536109908 0.0001868532442692706
 0.07230799296462771 0.06253908692933083 0.05640612409347301 0.0395477361456168 0.03035865574696413 0.01330310722575916 0.007883390179548233 0.001863667050176383 0.0009546706775823842 0.0001868363458706484
 0.07120686507211976 0.06125574272588055 0.05569620253164557 0.0387538376365192 0.02933196450832294 0.01243639040113704 0.007570665986851762 0.001845643903725187 0.0009373983874794822 0.0001947730079590611
 0.07098239636570131 0.06220270764727406 0.05663500914873224 0.03945152754390185 0.03122976730014853 0.01254865806187257 0.007628766190620718 0.001865235773338056 0.0009598278127075385 0.0001966963360240995
 0.08645533141210374 0.07489669421487603 0.06882639136110122 0.04213665240503047 0.03130086390384375 0.0117804243826052 0.006546044879683696 0.001785239487978121 0.0009151027981701838 0.0001907500151507174
 0.07853403141361257 0.06845593828099533 0.06372003641144937 0.04298467981924391 0.03303125264673499 0.01298912161065108 0.007702244080905656 0.001848261502598882 0.000950612757223202 0.0001965328040049812
 0.07712082262210797 0.06883891693437356 0.06226650062266501 0.04412519240636224 0.0334448160535117 0.01334620626987733 0.007757951900698216 0.001832827258865121 0.0009418179805674793 0.0001927807772523453
 0.07023230686115614 0.05964623611682435 0.0522616687691476 0.04130124413624311 0.03258241950740987 0.01335150621679508 0.007829129254030778 0.001831508819859661 0.0009367279312753942 0.0001909868529425106
 0.07621467132422992 0.06548974943052392 0.05904404873477039 0.04112808460634548 0.03038340969375452 0.01105340460003331 0.006253962270616658 0.001408553974630592 0.0007164258788729934 0.0001964694635847818
 0.07970244420828906 0.06716417910447761 0.0587213629972707 0.04154508135911766 0.03245761417443103 0.01289334783834965 0.007671530630184277 0.001822614084250336 0.0009343965987963803 0.0001908881908213799
 0.0648181490817429 0.0653765690376569 0.06102802131682997 0.04348603085721094 0.03286511795425896 0.01259811997286559 0.007548178608776331 0.00181560970443387 0.0009325521913519383 0.0001964099826266443
 0.07006617360840794 0.06415506415506415 0.05735951779117247 0.04039348001710782 0.03184931506849315 0.01327301785085462 0.007871802080404836 0.001862937243727319 0.0009557823859059159 0.0001949501932095665
 0.07583965330444203 0.06879231273203756 0.06364437481641046 0.04222150048717116 0.03200180716087497 0.01254390366281987 0.007177780967902652 0.001634637389349472 0.0008327430654545846 0
 0.07633587786259542 0.06349206349206349 0.0575013068478829 0.03813501611658419 0.0304998385302666 0.01302394811684342 0.007784388329772109 0.001862264627803611 0.000954320197797468 0.0001948893257326496
 0.0796510525317656 0.06981073533974558 0.06337135614702154 0.04335344777081258 0.03251414576471582 0.01292364882525484 0.007447200187435151 0.001707951762836505 0.0008710034155077754 0.0001907178799800462
 0.03992015968063872 0.06995724834823164 0.06448531167900645 0.04249199189383539 0.03217016122927863 0.01257694128787879 0.007281354822874908 0.001699092608183517 0.0008686952490178375 0.0001927994762214642
 0.07421150278293136 0.06896551724137931 0.06290991835095704 0.04259788761160063 0.03241419119932507 0.01236111919027398 0.007482435966100627 0.001797390567294303 0.0009229932184287741 0.0001888793410934245
 0.07737656595431099 0.06413545407901487 0.05499340079190497 0.04364745477492638 0.03402476018693121 0.01301282692940184 0.007548046217267607 0.001736435765233885 0.0008880102033348199 0.0001887208500781702
 0.07697456492637215 0.06479933110367893 0.05669852583832821 0.04004178272980501 0.03052287003450412 0.01144778217333971 0.007357098050756232 0.001790122293617743 0.0009210790392466931 0.0001887506218836279
 0.07769145394006659 0.06550711542805512 0.05953186307671492 0.04169355238993398 0.03275479085877791 0.01347330601246281 0.007862527356731782 0.001874325526799069 0.0009621963735887786 0.000194843990603748
 0.07707910750507099 0.06397134083930399 0.05474452554744526 0.03591201556187341 0.03132087698455557 0.01265549723160998 0.007678789126201294 0.001837556239640066 0.0009498784058714116 0.0001947432439494963
 0.08602711157455682 0.07208506037123806 0.06341463414634146 0.04061138595584435 0.03259862937581034 0.01291837933059307 0.007499649741632946 0.001783498465052917 0.0009145757098420995 0.0001963228141983039
 0.0657030223390276 0.06548311990686845 0.06069390343328199 0.04335616100901611 0.03430531732418525 0.01376882567531122 0.008012820512820512 0.001882369047007889 0.0009642769481316403 0.0001968837479028898
 0.07921539041870991 0.07067137809187279 0.06368615462998344 0.04382969034608379 0.03327272023832553 0.01317843892796264 0.007640053812552941 0.001762607432838909 0.0009618570252968398 0.0001967828586626001
 0.07639620653319283 0.06501677852348993 0.05729070412123452 0.04080263819797664 0.03146955503512881 0.01256299758965744 0.007223248782126658 0.001651965454713096 0.0008420566155786349 0.0001966379283975757
 0.0851722802942315 0.06882106523040096 0.05781799899446958 0.04094427739747937 0.03050233533504909 0.01067691650651292 0.006025859545822358 0.001836406190562746 0.0009474393517967994 0.0001945973423562958
 0.06140350877192982 0.06066945606694561 0.0594059405940594 0.04280175235409638 0.03373283593936027 0.01365312614362526 0.007973891670160382 0.001865586403301707 0.0009551517278012505 0.0001949215381139233
 0.07616974972796518 0.07084159818645509 0.06457220911461567 0.04506349856616141 0.03537425206036202 0.01388847847285837 0.00795991554110668 0.001823875101033081 0.0009299338865950519 0.0001927885552763544
 0.075069142631371 0.06110520722635494 0.05234410559854347 0.03740824392998306 0.03014772384684956 0.01230311440465802 0.007137107147895798 0.00164745592576487 0.0009534779794742195 0.0001964305980934724
 0.06182380216383308 0.06665633235157339 0.06508355321020229 0.04629100468624986 0.03559131881310689 0.0138748922870204 0.007978902103070618 0.001824873603491463 0.0009301952137050067 0.000189132524761927
 0.0662739322533137 0.04724409448818898 0.05851063829787234 0.04174481214834533 0.03158805711813068 0.01136912270865455 0.007233563735733805 0.001828622274504481 0.0009406890692899932 0.0001927691305476273
 0.08797009016934243 0.07760962359332557 0.06919218128351497 0.04517184942716858 0.03349189399087468 0.01276537543880978 0.007378464943906897 0.001831055839652364 0.0009413381364222163 0.0001927628480412711
 0.07075471698113207 0.06774441878367975 0.06174571989896155 0.04404558718273413 0.03389690380720103 0.01273847168312677 0.007298657718120805 0.001811098638846179 0.000951315922310494 0.0001965643724493787
 0.08335814230425723 0.0707070707070707 0.06012712592338086 0.03409823979356742 0.03037175022272617 0.0122909502699866 0.007236007675046343 0.001757489171598975 0.0009030344871783667 0.0001962968889322461
 0.08774262164318 0.07565337001375516 0.06558641975308642 0.04391170187514835 0.03337091319052988 0.0117010847221783 0.006501379346699232 0.001810230661496394 0.0009608105747394165 0.0001967406630160344
 0.06711409395973154 0.04997728305315766 0.044004400440044 0.03836477987421383 0.02874104787033547 0.01232501719015556 0.007441700154317362 0.001795328743591149 0.0009454230430466547 0.000194514029522863
 0.06598240469208211 0.06790903348073278 0.06141667804012556 0.04373939156547852 0.03255856018811613 0.01178234790059983 0.007138285826810417 0.001754428989958252 0.0009434116653815089 0.0001944579870542571
 0.06939625260235947 0.05867014341590612 0.06146281499692686 0.04308979152144984 0.03306122448979592 0.01341573065779896 0.007791195948578107 0.001879642146513359 0.0009636011820174499 0.0001968572045561109
 0.06957328385899815 0.0673354404287481 0.06181233774261342 0.04076533631402459 0.03019970774476376 0.01281138790035587 0.007448604628066343 0.001723114625414026 0.000880269636370394 0.0001928453577052754
 0.06050129645635263 0.04166666666666666 0.06272571754419312 0.04426457569242443 0.03311728249041965 0.01255342678662163 0.007149362089656406 0.001719795611845952 0.000878884792851737 0.000194719408339117
 0.04587155963302752 0.03939223410241981 0.05737508964857758 0.04248828848458438 0.03302665723047889 0.01270328956114566 0.007480415286351941 0.001739506094961741 0.0009147715163505678 0.0001869079714857971
 0.0390625 0.06993006993006992 0.06455617628801986 0.04426120172194264 0.03345861215510129 0.01258327165062916 0.007195584450765272 0.001788255347644449 0.0009164437303549563 0.0001869794660741672
 0.03787878787878788 0.02581755593803787 0.01749271137026239 0.04641325421538101 0.03511146833622403 0.01315337129874595 0.007515114668828318 0.001864111891904106 0.0009594808336434686 0.000196684729874384
 0.0722543352601156 0.05970149253731343 0.05104305370616955 0.02556407691452706 0.03322518860180589 0.01275794033437672 0.007288753284176625 0.001856725229296093 0.0009528281982699362 0.0001948250490939244
 0.07915567282321899 0.06309148264984227 0.05687588868576071 0.03925262992620505 0.02767871400436472 0.01219004578700125 0.006958056496024574 0.00185149859173895 0.0009561448240693524 0.0001965441581120326
 0.04504504504504505 0.02615518744551002 0.05600229753015509 0.03757828810020877 0.02910335972608603 0.01123844731977819 0.006429290493955621 0.001724289808135274 0.0008895257377504088 0.0001826887696248943
 0.07770762506070908 0.06920415224913494 0.06353408338848444 0.0405241118465487 0.0300455377681799 0.01210212443316857 0.006964957035445757 0.001838483588719965 0.0009480002515102708 0.0001947432052505948
 0.0820723262374968 0.07098300709830072 0.06265426238845642 0.04287919501457893 0.03286665528427522 0.01213919611545724 0.007756886256575173 0.0017706933121104 0.000906501663869183 0.0001926132998093525
 0.06097560975609756 0.04961832061068702 0.04935459377372817 0.02682563338301043 0.03167004234947524 0.01266117530634223 0.007292600943846973 0.001672501196703442 0.0008522301491598676 0.0001906593975123318
 0.08444565513484063 0.07183604479188675 0.06370467167592289 0.04122333017659183 0.03276274618074729 0.01309757694826457 0.007544006705783739 0.001856633771410492 0.0009528041122247685 0.000194824197006228
 0.08264462809917356 0.06847360912981455 0.05797723856560017 0.04107944131959806 0.03233920229967661 0.01339267030314867 0.00785160467170478 0.001859656646659544 0.0009535995952067025 0.0001967167380311277
 0.07409902324014821 0.06389193136181089 0.06046420908913594 0.04192588585339464 0.0332027606789778 0.01310924864856903 0.007511816340310601 0.001851281634719465 0.0009582836848814778 0.0001966342180482803
 0.0776156473144986 0.06682389937106918 0.05941845764854614 0.04121301593159869 0.03104726598702502 0.01187827028327419 0.007555480536599874 0.00180110493047735 0.0009239798047192998 0.0001888748723852014
 0.07936507936507937 0.06794751640112465 0.05930470347648262 0.04136504653567735 0.03196877854355227 0.0131578947368421 0.007599228386040802 0.001861051608100512 0.0009231080172417144 0.0001888388300341202
 0.05230125523012553 0.07016424812629564 0.06380510440835267 0.0411522633744856 0.03065280904257867 0.01284558183349271 0.007601119143499426 0.001833097424403629 0.0009418627909821978 0.0001927855666017489
 0.07832238504295098 0.06783369803063458 0.0596612779060816 0.041686805219913 0.0314536059312514 0.01308845848591598 0.007679236651199269 0.001806330904610517 0.0009253469076854445 0.0001889319675872294
 0.07924528301886792 0.06491820306413917 0.05738213399503723 0.03923586544027786 0.03239778849878509 0.01324083935407732 0.007662133237834282 0.001804642680749212 0.0009249036639815254 0.0001965879090492989
 0.07820136852394917 0.06812894649385179 0.06105436186450628 0.04169924420119885 0.03095376281679242 0.01051910173246418 0.006419406880590586 0.001584338338315409 0.0008100785483392414 0.0001651571370666938
 0.08126777732629013 0.06523157208088715 0.05884825556956704 0.04168379028943815 0.03213489093039961 0.01306590875415887 0.007770692472842632 0.001842939735870637 0.0009444838249842261 0.0001848364545188041
 0.06352087114337568 0.06148170919151552 0.05207154177043242 0.02713987473903967 0.03207668213894864 0.01323090055484422 0.007693644057280421 0.001868880125498132 0.0009607807362491897 0.0001967392555028864
 0.07067137809187279 0.05639097744360903 0.04712041884816754 0.03658726451813794 0.03456133687808583 0.01376831548283309 0.007960397024801611 0.001838710604188813 0.0009386109340352057 0.0001967928725199626
 0.07420091324200914 0.0564596479574892 0.0470342304677293 0.03945788299879911 0.03116235587410408 0.0122493804911016 0.007214480841094981 0.001769025492786516 0.0009428716020543056 0.0001944060646757237
 0.07749712973593571 0.06939897865654052 0.0640096618357488 0.04393777461109132 0.03313253012048193 0.01276472294749057 0.007362168493265289 0.001848913574610266 0.0009507879898013436 0.0001947403802723226
 0.07393715341959335 0.06022282445046672 0.05720228809152366 0.0402776056512579 0.03063076690364544 0.01202681098839853 0.007561079344076366 0.001816551050761248 0.0009328022838109249 0.0001908255071684794
 0.0380952380952381 0.06616472735569244 0.057958091841284 0.04109754623473952 0.03103494805019565 0.01244882151156357 0.007323861139592793 0.00187529479065838 0.0009624582934739494 0.0001968040219585579
 0.08114374034003091 0.065625 0.06012884753042233 0.04268999683777801 0.03338722148028397 0.01361315938740783 0.007979351392722505 0.001872072498872936 0.0009568882774351097 0.0001968666387606549
 0.03992015968063872 0.01998001998001998 0.01289490651192779 0.04122648801855192 0.03057395654792236 0.01258221332570775 0.007369317437442684 0.001718718370807759 0.0008786239577323302 0.0001925342750707414
 0.05830903790087463 0.06037189084762135 0.05927620632279534 0.04179538433581682 0.03359899984372558 0.01301640362684338 0.007445260414904058 0.001869783728348754 0.0009610204289645733 0.0001967498123424138
 0.08213552361396305 0.07269422989550205 0.06625258799171843 0.04578192172408017 0.03529310493242661 0.01279699039454817 0.007189259419662191 0.001805771244898696 0.0009252279469484035 0.0001927238213994571
 0.06997084548104957 0.06219765031098825 0.05870075658752935 0.03987485430341697 0.03013673983447283 0.01063796501986796 0.007627349496050122 0.001849081025598451 0.0009508322693067462 0.0001947423151801039
 0.07582938388625593 0.06896551724137931 0.06251921697243004 0.04263647165723072 0.03094738943795547 0.01297716602023855 0.007755803002603734 0.001856531771320752 0.0009527985540795821 0.0001908261140766461
 0.05376344086021505 0.0343878954607978 0.06007925348331843 0.04083323470233164 0.03102740025346327 0.0126825733080611 0.007438347542484409 0.00173714180994905 0.0008882104219292321 0.0001810823110639899
 0.07647323436797121 0.06492146596858639 0.05695142378559464 0.04343503061384688 0.03396627926010804 0.01294941000160049 0.007465162574651626 0.001808056019602341 0.0009305571711061999 0.0001907311420046995
 0.07410636442894507 0.06974981046247157 0.06325110689437065 0.04319163446237782 0.0331515812431843 0.01316463102464712 0.007566013467503973 0.001862677401207542 0.0009591387515307466 0.0001966705464401737
 0.06958657388456815 0.05754015823543514 0.04993757802746566 0.04212352103078734 0.03306106573317776 0.0129176208091128 0.007732000716227434 0.001814490328766548 0.0009275233272116794 0.0001927102289794861
 0.06048387096774193 0.05946225439503619 0.05899705014749262 0.04028710349617967 0.03207641314420129 0.01303817918993226 0.007594017235117378 0.001760260212379221 0.000915176745943041 0.0001869252917277405
 0.06986899563318777 0.056657223796034 0.05052327679538073 0.03910782586273583 0.0318122733803106 0.01321942829526233 0.007689890687790439 0.001852250862808693 0.0009516697434084732 0.0001947771113838874
 0.07434944237918215 0.06386861313868614 0.05578800557880056 0.04069735467194632 0.03147195168630119 0.01144979111867554 0.007776851962068008 0.001871593557937164 0.0009614973719071835 0.0001967695214744119
 0.06711409395973154 0.05067567567567567 0.04502369668246445 0.04251794588625069 0.03283582089552239 0.01268709907341411 0.00737157718621101 0.001704207093714157 0.0008700582645759199 0.0001907190166527501
 0.08035355564483729 0.06548431105047749 0.0608124543906592 0.03938847720141531 0.03066453835167605 0.01164144353899884 0.006633386343728473 0.001834702740327145 0.000942315706848498 0.0001928047647026553
 0.07959671000265323 0.06832156684126622 0.05967774020290432 0.03960871391706176 0.02999045758167856 0.01209035047792444 0.00703118537513442 0.001652710445130013 0.0008470525007034429 0.000196505653110357
 0.0679501698754247 0.06411626415900834 0.05977907732293697 0.03989109098967897 0.02980555424137768 0.01330026739079234 0.007819882050112411 0.001831131524836629 0.0009366319690052872 0.0001909853711174017
 0.077286389008158 0.06143344709897611 0.05243288590604027 0.03916581892166836 0.03079384123175365 0.01234532864116245 0.007186637809975384 0.001763400898765619 0.0009046059030884997 0.0001849021986660798
 0.07330246913580248 0.06676557863501484 0.06093432633716994 0.04082207207207207 0.02965841685416241 0.009646197109410766 0.007517506802526536 0.001770248405824688 0.0009064035952060021 0.0001926097046300395
 0.03875968992248062 0.06998444790046657 0.06457785218847166 0.04186772636957139 0.03193892654046895 0.01261253424955421 0.007559623481978832 0.001801504540739603 0.0009241065348923172 0.0001926602024203286
 0.09041591320072333 0.07958008804605486 0.06948399589930516 0.04672351360822333 0.03556187766714083 0.01310615989515072 0.00740077794223951 0.001728103962734398 0.0009595282610149483 0.0001927599750803084
 0.07600116924875767 0.06407423773751657 0.05607115235885537 0.04192662840029947 0.03309171131421368 0.01317125373871525 0.007787474209009385 0.001843899638633689 0.0009447377135399419 0.0001929061066317341
 0.0710405348934392 0.06833449154505444 0.06328446366417044 0.04374564128574146 0.03308688370573098 0.01240056861143877 0.00746691173453898 0.001786359058170692 0.0009153835067368331 0.0001869342876262428
 0.08221626452189455 0.07319304666056724 0.06701868399675061 0.0461218012299147 0.03643915053679179 0.01218701528916464 0.007177708778579781 0.001800793881898573 0.0009424887532914234 0.0001928117781360587
 0.0783049286043298 0.06564973933191737 0.06021565607057835 0.0455259877513414 0.03526596414626978 0.01306287794281689 0.007496378154374853 0.00171087385284947 0.0009343920514382824 0.0001908930873437287
 0.07755102040816327 0.06207508128879692 0.05205751115518097 0.03674969375255206 0.02691119306289246 0.008817766165904637 0.004828671578796766 0.001796962188132483 0.0009229187938325709 0.0001888318108851402
 0.07537688442211056 0.06297559695617948 0.05988023952095808 0.04093810713294477 0.02977497925513741 0.01179279201541692 0.006825995388290921 0.001839372606725415 0.0009529309846953508 0.0001964095539955655
