# Created by Octave 3.0.1, Tue Sep 08 16:18:02 2009 PDT <jwawerla@daneel>
# name: prtA
# type: matrix
# rows: 100
# columns: 10
 370.7 409.1 719.5 851.2 901.6 1746.5 1810.5 1966.4 2035 2195.2
 472 508.6 803.9 1116.2 1390 1821.7 1886.5 2043.3 2112 2272.4
 417.3 535.2 735.6 907 1529.6 1819.2 1885.5 2043.7 2112.6 1946.8
 333 596 762.7 1206.8 1558.7 1968.7 2035.2 2873.5 2942.4 2908.9
 682.3 727 761.3 875.7 1541 1689.1 1756.4 1915.5 3317.5 3478
 269.8 774 1067 1176 1235.1 1385.7 2054.1 2213.2 2282.2 3462.5
 63.6 128.2 475.3 1152.8 1200 2032.8 2308.8 2466.8 2535.7 2693.5
 56 185.1 434.2 927.1 1163.3 1516.4 1579.1 1736.7 3112.5 3271.2
 86.3 126.7 507.3 778.3 1119.9 1256.9 1319.9 2267.5 2336.3 2495
 153.6 301.3 370.4 1132 1181 1491.5 2359.9 2867.5 2936.3 3095
 178.4 327.9 353.6 822.2 1059.7 1857.4 1920.7 2078.7 2605.2 2764
 127.3 198.5 504.5 1129.7 1248.8 1559.8 1623.4 2117.8 3754.7 3770.3
 91.59999999999999 116.3 163.1 940.2 1435.9 1573.2 1636.9 1795 3242.1 3401.2
 105.1 190.3 661.9 788.2 834.5 971.4 2418.3 2943.6 3009.3 2516.1
 183.4 409.6 478.3 1107 1153.1 1788.4 2259.6 2415.8 2481.9 2681.7
 78.2 238.7 256.5 482.5 803.8 2161.9 2221.1 2816.5 2882.8 3059.2
 91.90000000000001 150.3 208.6 854 1170 1431.2 2364.5 2519.7 2586.1 3183.8
 189.1 219.1 236.9 838.1 1101.9 1232.5 1934.6 2090 2156.4 2332.8
 67.09999999999999 185.2 202.4 1159.3 1369.4 1500.6 1560.5 2060.7 2127.2 3062.4
 141.4 264.6 283.8 924.5 1148.5 1587.6 1647.5 1802.7 1869.2 2044.4
 180.5 224.9 264.7 767.7 938.8 1680.5 1740.3 1894.9 1961.3 2779.3
 138.2 198 359.5 698.8 948.7 1604.1 1663.6 1817 1883.6 1982.1
 66.7 82.5 133.2 871.6 1143.3 1511.3 1706.6 2172.1 2238.7 2852.5
 119.1 193.9 206.1 782.7 912.7 1034.1 1090.7 2039.4 2106.3 2226.3
 128.7 200.5 322.3 545.7 585.3 1594.7 1651 2147.1 2214 2389.9
 169.8 258.4 363.4 452.3 828.1 946.8 1002.7 1665 1731.9 1906.7
 65.2 78.5 204.8 787.1 908.2 1104 1784.2 2139.2 2205.8 2379.3
 54.8 65.5 71.59999999999999 455.2 1027 1272.3 1691.9 1847.5 1914.2 2081.4
 138 285.6 297.9 377.1 413.7 1708.3 1764.3 1919.7 2514.9 2681.5
 100.6 164.9 259.9 309.9 896.8 1479.5 1534.9 2002.8 2069.3 2710.8
 135.6 233.4 315.3 668.3 735.7 1125.2 1373.6 1684.8 1749.6 2550.9
 82.90000000000001 174.8 204.1 805.5 839.4 1042.7 1424.4 2347.4 2406.9 2565.7
 162 249.8 260.9 500.1 533.9 1040.6 1901.2 2053.7 2123 2300
 61.4 136.9 145.8 471.2 504.3 1303.5 1683.4 1835.7 1895.2 2054.4
 65.90000000000001 77 122.8 830.1 925.3 1301.2 1356.6 2081.9 2437.7 2613.2
 76.7 138 147 429.7 926.3 1037.3 1615.9 1768.3 1834.7 2010.2
 40.1 68.8 74.5 151.6 830 940.1 1447 1598.7 1666.9 2847.9
 80.7 126.7 135.5 794.1 826.9 1495.5 1550.2 1702 1770.2 2516.1
 53.6 61.9 138.1 619.3 651.9 1487.9 1542.5 2344.9 2412.9 1672.6
 80.7 140.4 150.8 483.3 515.6 1015.2 1069.8 2006.8 2074.7 2235.6
 78.40000000000001 167.1 178.2 626.9 822.8 1116.1 1414.2 2420.6 2488.5 2666.1
 165.3 199.5 210.2 279.3 694.8 1543.6 1598.8 1748.9 1816.7 1983.9
 85.59999999999999 241.9 304.5 350.8 490.3 1398.2 1567.1 1900.2 1968 2625.8
 66.5 75.59999999999999 82 133.3 378.8 1664.1 1719.3 1917.3 1989.3 2151.4
 76.3 86 145.2 525.3 652.4 1301.5 1356.7 1880.6 1951.6 2127.7
 64 104.6 236.7 519.3 661 1071.5 1126.9 1277.8 1348.9 2743.7
 40.1 184.1 194.6 235.7 508.3 1087.1 1142.7 1737.6 2851.5 3026
 74.09999999999999 159.5 169.4 433.2 463.4 1465.7 1521.3 1672.3 1743.3 2739.5
 74.5 84.40000000000001 186.4 643.5 674.1 977.4 1423.8 2070.1 2141.1 2315.7
 105.7 179 189.6 451.6 782.1 1204.2 1260.2 1790.3 1861.4 3150
 109.4 139.5 149.1 236.5 820.4 1199.7 1255.8 2053.6 2391.4 2553.9
 75.8 146.5 155.4 281.4 554.1 1455.9 1512.2 1901.1 1972.1 2144.9
 179.6 195.7 205.9 425 547.5 1236.5 1389.2 2077 2147.9 2740.9
 67.3 76.3 82.3 524.5 556 1413.3 1469.7 1406.9 1786 2581.1
 66.90000000000001 75.90000000000001 167.8 390.6 456.7 855.2 1794.7 2119.7 2190.6 2819.4
 151.1 165.6 193.8 339.9 925.8 1300.1 1356.6 1702.7 1773.8 2350.5
 76.8 86.7 164.2 302 696.5 1085.2 1141.8 1993.6 2867.5 3028
 63.8 132.7 206.7 497.6 529.8 850 906.7 2017.4 2089.1 2260.3
 144.2 189.1 219 263.9 294.2 688.3 1346.5 2125.7 2197.2 3021.3
 158.5 236.6 248 569.1 601.7 1392.5 1604.9 2281.8 2353.3 2523.3
 64.09999999999999 72.8 145.5 500.8 570.6 796.7 1274.3 2098.2 2169.8 2734.1
 53.9 61.4 150.7 190.9 917 1116.5 1546 1830.5 1900.6 2069.1
 53.2 183.2 194.1 310.4 708.1 817.1 873.9 1024.9 1094.9 2235.6
 116.7 130.3 139.8 263.7 331.4 1207.4 1264.3 1415.4 1485.4 1652.1
 78.2 88.7 96.2 223.9 623.9 1185.1 1242.1 1724.9 1794.9 3407.4
 102.1 183.2 212.5 258.7 289.5 789.5 1742.3 1892 1962.1 2127.9
 92.40000000000001 164.3 334.6 428.3 906.2 1155.7 1212.5 1909.5 1979.6 2145.5
 81.59999999999999 152.5 162.9 205.6 865.2 1394 1564.4 1714.2 1784.2 2068.9
 40.1 42.1 46 315.9 811.6 1603.5 1660.5 2127.1 2195.8 2349.6
 206 396.3 409.8 778.9 915.6 1228.2 1286.2 1666 1733.9 1900.2
 66.2 76 138.5 614.3 648.2 1602.7 1777.7 2138.8 2206.7 2758
 177.8 212.1 224.3 271.3 713.1 1412.9 1886.9 2279.2 2621.9 2773.8
 75.2 133.3 413.9 563.2 993.5 1367.1 1575.9 1726.2 1794.1 1959
 102.4 133.5 143.5 325.4 651 1654.2 1712.4 2164.9 2232.8 2397.8
 75.90000000000001 218.2 294.8 388.1 773.7 1437.6 1861.5 2012.2 2080.1 2245.2
 99.3 112.9 122.2 624 828.2 1126.5 1184.7 1897.5 1965.4 2130.6
 110.1 124.5 134.4 699.7 799.4 1275.8 1701.6 1299.2 2397.9 2558.9
 118.2 133.3 198.4 303.8 681.2 1194.6 1252.7 2007.2 2074.4 2233.4
 74.8 103.1 111.9 626 875.5 1311.1 1369.3 2055.8 2123.7 2288.8
 171.7 189.8 257.6 601.3 636.2 1485.1 1543.3 1644.2 1713.2 1875.6
 93.59999999999999 199 249.8 800.1 869.5 1654.4 1848.1 1996.6 2064.6 2229.8
 80.3 92.2 154.1 714.9 793 1036 1272.6 1421.2 1489.1 2993.3
 75.40000000000001 104.4 113.6 328.6 629.6 1096 1154.5 1303.1 1975.8 2138.2
 53 61.4 67.59999999999999 424.4 504.3 1097.2 1155.7 2103.3 2172.3 2000.6
 222.3 242.6 256 728.2 801.3 1407.3 1583.3 1715.4 1782.9 2742.3
 66.90000000000001 77.5 385 651.6 807.4 1111.3 1593.5 1741.4 2342.8 3016.7
 131.5 148.2 159.5 579 913.3 1736 1794.7 1942.7 2009.8 2665.5
 40.1 82.2 146.6 1023.6 1059.8 1223 1281.7 1429.7 1802.5 2602.1
 145.9 215.8 228.8 681.3 753.3 1451.2 1732.8 2161.8 2228.8 2393.9
 69.5 80.5 88.5 551.6 904.9 1319.6 1378.4 1935.2 2002.3 2167.4
 51.9 60.7 67 735.5 819.4 1635.4 1694.7 1842.6 1909.7 2075.5
 67.3 97.90000000000001 106.9 759.6 796.1 973.6 1478.1 1626.1 1693.1 2859
 117.1 134.1 145 654.2 823.5 1260.5 1319.8 2006.7 2403.4 2360
 142.2 198.2 211.2 827.4 943.5 1361.9 1421.4 1569.4 1636.4 1776.4
 78 127.2 138.5 522.5 717.6 1447.9 1507.2 2536.1 2603.1 2764.8
 79.5 125.8 137.1 564 707.2 1578.9 1638.4 1786.6 1853.7 2015.5
 52.6 61.9 68.8 580.2 617.4 1559.9 1619.6 2020.3 2090.1 2937.2
 53.1 116.1 127.2 578.9 616.4 1300.3 1360.3 2441.1 2508.2 2669.3
 80.2 93.59999999999999 237.5 740.1 777.7 1038.1 1522.1 2148.8 2215.9 2759.7
 75.3 165.3 178.6 569.5 847.2 1399.7 1460 1606.8 1990.2 3801.3
# name: prtB
# type: matrix
# rows: 100
# columns: 10
 328.8 434.6 525.9 988.4 1042 1961.3 2015.7 2405.3 2782.5 3500.3
 238.2 375.4 843.8 1456.3 1492.1 2036.9 2097.5 2726.9 2794.8 2954.5
 380.7 764 832.2 1729.9 1777.3 1914.5 1980 3289.2 3357.8 3518.1
 382.7 1064.5 1091.2 1727.9 1781.5 2335.2 2401.6 3324.3 3393.1 4074.5
 707.4 1013.9 1046.7 1936.1 1991.9 2297.1 2364.3 3728.1 3797 3226.2
 462.3 1104.9 1317.5 1697.4 2229.7 2536.9 2604 2763.1 2832.1 2992.7
 461.5 998.5 1131.2 1618.9 2220.2 2696.7 2763.9 2923 2992.1 4082.5
 480.5 758.3 1011.9 1203.5 1253.1 1896.9 2358 2516.1 2585 2743.4
 260 591 942.3 1861.7 1910.5 2047.9 2111.4 3467.3 3536.1 3695.1
 240.2 306 854.9 1023.2 1072.3 1208.6 2795.5 2952.7 3021.2 3884.2
 131.3 657.2 723.1 1337.4 1386.6 2480.5 2994.8 3152 3220.5 3379.8
 176.4 332.6 1283 1418.1 1889.4 2111.9 2175.6 3235.9 3304.4 3173.1
 578.1 629.6 1201.1 1342.6 1440.2 1714.9 2545.8 2701.7 3239.9 3224.8
 262.6 663.8 913.2 1640.4 1684.5 2693.7 2753 2907.7 2974.2 3149.2
 169.3 666 789.5 1114.5 2147.7 2275.6 2335.2 2490.2 2556.7 3707.2
 424.5 705.2 725.6 1663.3 1709.4 1947.1 2007.2 2162.9 2586.6 3223.9
 418.4 599.2 619.9 1450 1720.2 2042.3 2102.6 2910.6 2977.3 3150.4
 284.6 741.3 884.9 1464.2 1823.3 2353.3 2412.8 2567.6 2634.4 3150.1
 359.5 516.3 537.3 1728.4 1820.4 2650.2 2709.7 2864.6 2931.4 2935.8
 512.9 599.6 1125 1227.4 1795.4 1921.9 1981.7 2136.5 3210.1 3381
 42.8 72.90000000000001 951.4 1367.9 1410.9 1852.1 1912.2 3183.2 3249.7 3419.3
 325.4 480.6 515.4 1464.5 1507 2295.3 2355.5 2975.4 3042 3439
 235.6 519.2 642.9 1587.5 1669.8 2462.6 2519.5 2672.4 2739.2 3125.5
 262.5 480.6 494.3 1543.5 1581.4 2337.7 2810.7 3089.4 3167.8 3331.9
 202.9 455.2 910 1028.8 1411.1 2106.9 2400.2 2459.5 2727.8 3543.9
 338.7 716.8 729.9 1186 1330.8 1906.5 1962.5 3017.8 3084.4 3250.8
 213.4 432.8 994.2 1414 1450.8 1884.2 2064.8 3108.1 3174.9 3346
 162 388 667.1 1130.8 1227.9 1400.4 2853.1 3007.1 3073.9 3244.1
 486.2 542.2 553.4 1209 1387.9 1558.9 1614.2 2076.8 3170.6 2830.8
 246.2 284.9 295.7 1058.5 1094.1 1552.7 1608 3356.5 3423 3500.1
 364.9 390 401.3 1164.4 1200 2030.2 2085.6 2640.3 2706.9 3811.1
 277.7 772.5 905.1 1054.1 1355.3 1734.9 1790.3 1943.1 2009.6 2551.7
 255.7 335.2 346.6 1389.7 1424.4 1729.2 2029.7 2182.7 2929.4 3092.9
 102.7 212.5 427.3 506.2 1716.5 1876.1 1931.5 2084.3 2910.1 3607.4
 55.1 376.8 388.4 1334.3 1406.9 1917 1972.7 2658.6 2802 2875.7
 233.5 338.1 387.8 827.7 1612.3 1939.5 2612.4 2765.1 2756 3226.7
 447 609.4 830.5 961.5 995.3 1183.8 2372.7 3798 2420.6 3375.1
 158.9 601.8 613.9 1316.8 1463.4 1676.3 1920.4 3008.8 2991.8 3065.7
 248.6 624.4 636.8 917.3 950.7 1109.4 2227.4 2526.2 2592.7 3613.4
 76.7 542.2 612.7 1131.9 1465.1 2465.3 2846.2 2998 3066.2 2830.2
 187.6 268.3 281.4 778.2 1626.6 1892.6 2048.2 2198.5 2266.4 3069.6
 117.2 419.2 432.7 1338.4 1370.9 1910.2 2173.4 2323.2 2391.1 2568.3
 134.5 259.1 950.5 1079 1451 2009.6 2064.5 2669.9 2737.8 2914.8
 42.3 386.2 399.1 1144.4 1213.6 2218 2273.1 2319.6 3885.8 4486.9
 105.6 119.4 954.5 1081 1112.8 1693.4 1748.6 2275.2 2342.2 3215.9
 128.8 387.7 631.6 1184.1 1636.3 2098.7 2153.8 2454.6 2848.8 2917.8
 442.5 463.8 476.2 1021.2 1052.7 1571.2 1914 2962.3 3030.1 3125.5
 40.1 714.4 727 1009.2 1041 1723.3 1778.5 2329.7 2397.5 3483.5
 215.5 233.8 391.2 738.6 801.8 1722.1 1777.6 3463 3530.8 3709.7
 372.3 501.4 514.1 811.4 1330.4 1790.6 1846.2 2675.1 2742.9 2921.4
 204.4 677.6 708.8 1018.3 1049.9 2022.8 2078.4 2228.4 2896.9 3075.1
 217 268.4 346.3 890.6 1909.9 2015.7 2071.4 2885.7 2955.4 3133.5
 249.3 282.6 348.7 395.2 1551.7 1733.3 1788.9 3002.2 3875.3 4465.6
 212 508.7 838.6 1145.6 1388.2 2020.5 2075.6 2172.7 2239.8 2398.8
 101.8 422.7 501.7 1472.9 1502.8 2081.3 2136.5 2501 2572.3 2749.2
 134.6 323.5 335.5 921 950.9 1288.2 1968.1 3781.5 3852.7 4028
 397.9 588.4 651.4 917.1 1119.3 1845.1 1900.2 3289.3 3360.4 2642.9
 216.8 585.8 683.1 1214.1 1274.7 1811.6 1866.6 3120.1 3191.1 3291
 290.8 308.9 645.6 990.3 1020.4 1533.3 1588.4 1738.9 1810 3824.4
 276.4 294.5 360.1 1040 1101.8 2152.3 2207.6 2678.8 2749.9 3255.9
 184.8 247.6 674 950.8 1594.6 2170.2 2373.1 2524 2595.2 2771.1
 81.40000000000001 92 99.2 1174.7 1271 2151.5 2207.1 2358.2 2429.4 3350
 199.1 452.9 869.7 918 949 1838.2 2613.1 2764.6 2835.7 3065.4
 117.1 413.9 1032.5 1208.1 1304.9 1829.4 1885.5 2036.9 2108 2204.3
 40.9 716.2 728.7 896.2 1550.7 1873.7 1929.9 2708.3 2779.4 3467.6
 40.1 40.1 718 766.6 949.1 1435.1 1491.3 2710.1 3180.3 3353.2
 323.9 388.3 399.9 1125.9 1192.5 2057.7 2114 2761.3 2832.3 3484.4
 384 403.2 415.1 1146.5 1216 2170.3 2226.8 2318.1 2585.9 2744.6
 330 397.7 409.6 1490.6 1522.4 2162.8 2429.6 2580.2 2651.1 2822.5
 40.1 572.9 585.1 761.4 1078.7 1994.9 2352.8 2902.4 2973.3 3144.6
 40.6 691 703.2 1146 1178 1751.9 1808.3 2562.8 2633.6 2804.9
 518.9 595.7 678.1 1244.7 1484.4 1959.5 2016.1 2166.7 2174.4 2985
 148.6 268.6 704.7 1136.2 1168.6 2067 2213.1 2791.5 2863.1 3968.1
 222.1 311.4 323.1 872.8 1368.8 1683.6 1740.3 2851.4 2923 3093.9
 283.9 429.7 504.1 969.3 1468.9 1778.4 1835.1 2923.2 3297.5 3468.2
 163.3 179.4 276.7 1237.7 1514.2 1724.8 2322.5 2867.3 3925.2 4094.9
 219.5 378.8 391.3 891.4 1711.3 1863.9 2540.9 2691 2761 2930.7
 203.8 411.9 424.5 1246.1 1339.8 1670.5 2372 2079.6 2149.3 3318.4
 253.7 383.6 396.2 1308.6 1341.4 1449.4 1506 2813.4 2880 3038.5
 340.5 374.3 752.8 1264 1297 1728 1784.7 1935.3 2005.3 3867.6
 124.8 580.8 630.2 1028.5 1208.3 1534.6 2185.9 3008.3 3877.8 4474.7
 91.59999999999999 359.2 372.2 1142.4 1175.5 1752.4 1809.4 2935.1 3005.2 3171.1
 507.3 712.5 880.2 1509.3 1542.8 1927.4 2086.9 2690.1 2761.2 2922.9
 302.8 322.9 336 1237.3 1313 1783.3 1782.2 1930 1997.3 3236.5
 240.8 324.3 337.4 913 946.6 1985.9 2043.9 2194 3820.8 3987.1
 153.3 170 264.1 1091.2 1125.1 2714.4 2772.4 2922.7 3663.6 3828.4
 142.6 637.5 1108.5 1530.5 1565.5 2043.4 2101.6 2166.9 2234 2725
 249.1 269.4 597.9 1396.9 1847.7 2055.8 2284.8 2433.3 2806.6 2971.8
 254.8 275.3 342.6 458.9 1653.1 2034.6 2093.1 2975.7 3043.7 3208.8
 57.3 256.6 604.3 1280.7 1582.6 1785.5 1844.7 3377.2 3444.3 3318.8
 208.1 469.4 614.6 1346.1 1382.5 1809.5 1868.8 2016.6 2736.7 2805.4
 41.3 631.6 647.4 1212.1 1248.9 1870.6 1930.1 2834.6 2901.6 3812.2
 555.4 839.3 875.4 1286.9 1323.8 1860.2 2401.4 2954.8 3021.8 3084
 216.1 540.5 614.5 1167.5 1274.3 1480.2 2868.6 3284.6 3880.3 4042.2
 369.4 413.2 429.3 1201.6 1238.9 1352.9 1412.9 2412.6 2479.5 3123.3
 231.6 818.3 854 1244.8 1458.9 1623.3 2199 2629.8 2696.8 2857.9
 91.2 671.8 688.7 1671.1 1822.2 2075.9 2136.2 2283 2729.2 2790.7
 158.5 178.1 608.8 1137.4 1218.1 1996.2 2056.6 2761.9 2829 2989.6
 56.5 552 1123 1491.9 1567.4 2140.6 2201 2609.9 2679.7 2838.6
 288.7 430.4 520.6 1228.1 1266.2 1907.1 2917.6 2967.9 3034.3 3192.6
# name: collectedA
# type: matrix
# rows: 100
# columns: 10
 20 20 32 33 33 41 41 41 41 41
 23 23 33 39 43 49 49 49 49 49
 25 28 33 35 46 47 47 47 47 47
 19 26 31 40 43 45 45 49 49 49
 34 34 34 34 43 43 43 43 49 49
 14 32 41 41 41 41 48 48 48 48
 3 5 21 38 38 46 47 47 47 47
 3 9 20 34 39 42 42 42 48 48
 7 8 27 33 41 41 41 47 47 47
 10 17 19 39 39 40 48 49 49 49
 12 19 19 35 39 46 46 46 47 47
 8 10 24 40 41 43 43 44 49 49
 5 5 6 27 39 39 39 39 48 48
 6 9 30 31 31 31 46 49 49 48
 12 24 26 42 42 46 48 48 48 48
 5 14 14 19 27 45 45 47 47 47
 6 8 10 30 36 38 48 48 48 49
 13 13 13 34 39 39 46 46 46 46
 4 10 10 43 46 46 46 47 47 49
 10 15 15 39 42 46 46 46 46 46
 14 15 16 36 39 46 46 46 46 48
 10 12 20 31 36 46 46 46 46 46
 5 5 7 37 43 46 47 48 48 49
 9 12 12 35 37 37 37 47 47 47
 9 12 18 25 25 45 45 47 47 47
 13 17 22 23 35 35 35 39 39 39
 4 4 11 32 34 35 41 42 42 42
 3 3 3 20 37 40 44 44 44 44
 9 17 17 18 18 44 44 44 48 48
 7 10 15 15 34 44 44 46 46 48
 10 15 19 36 37 42 44 45 45 48
 6 11 12 38 38 39 43 48 48 48
 12 16 16 25 25 34 44 44 44 44
 4 8 8 22 22 44 48 48 48 48
 4 4 6 35 37 43 43 48 49 49
 5 8 8 20 38 38 48 48 48 48
 2 3 3 5 33 33 39 39 39 49
 5 7 7 34 34 46 46 46 46 48
 3 3 7 30 30 45 45 49 49 43
 5 8 8 22 22 30 30 47 47 47
 5 10 10 27 32 36 39 48 48 48
 13 14 14 15 29 48 48 48 48 48
 7 17 20 20 24 46 47 48 48 49
 4 4 4 5 14 47 47 48 48 48
 5 5 8 25 28 43 43 49 49 49
 4 6 14 25 29 36 36 36 36 47
 2 12 12 12 21 35 35 41 49 49
 5 10 10 21 21 47 47 47 47 47
 5 5 11 31 31 34 42 45 45 45
 7 11 11 21 33 42 42 45 45 48
 8 9 9 11 33 40 40 48 49 49
 6 10 10 14 23 45 45 47 47 47
 14 14 14 22 25 39 40 44 44 43
 4 4 4 24 24 44 44 45 46 49
 4 4 9 18 19 27 47 48 48 49
 11 11 12 17 38 42 42 43 43 44
 5 5 9 13 26 34 34 43 49 49
 4 8 12 27 27 31 31 49 49 49
 11 13 14 14 14 26 34 41 41 46
 12 16 16 28 28 43 45 49 49 49
 4 4 8 25 26 28 38 48 48 49
 3 3 8 8 35 37 44 45 45 45
 3 11 11 14 31 31 31 31 31 47
 9 9 9 13 14 43 43 43 43 43
 5 5 5 10 27 38 38 41 41 48
 7 12 13 13 13 23 48 48 48 48
 6 10 19 21 38 40 40 46 46 46
 5 9 9 9 36 46 47 47 47 48
 2 2 2 13 31 46 46 48 48 48
 15 26 26 39 42 45 45 46 46 46
 4 4 7 30 30 46 47 48 48 49
 13 14 14 14 29 42 46 47 48 48
 5 8 25 29 41 45 47 47 47 47
 8 9 9 14 25 45 45 47 47 47
 5 14 18 20 33 45 49 49 49 49
 7 7 7 29 35 38 38 46 46 46
 8 8 8 32 34 42 47 37 47 47
 8 8 11 13 29 40 40 46 46 46
 5 6 6 31 38 44 44 49 49 49
 13 13 16 30 30 48 48 39 39 39
 6 12 14 36 37 48 49 49 49 49
 5 5 8 36 37 40 42 42 42 48
 5 6 6 15 26 37 37 37 48 48
 3 3 3 19 20 34 34 44 44 46
 16 16 16 34 35 46 47 47 47 49
 4 4 21 32 35 39 43 43 45 47
 9 9 9 24 33 46 46 46 46 49
 2 4 7 44 44 45 45 45 46 49
 10 13 13 29 30 45 47 49 49 49
 4 4 4 24 36 43 43 48 48 48
 3 3 3 32 33 47 47 47 47 47
 4 5 5 35 35 36 42 42 42 49
 8 8 8 33 37 43 43 48 49 47
 10 12 12 37 39 45 45 45 45 45
 5 7 7 21 25 43 43 47 47 47
 5 7 7 24 27 48 48 48 48 48
 3 3 3 25 25 42 42 45 45 49
 3 6 6 23 23 40 40 48 48 48
 5 5 13 36 36 38 45 48 48 49
 5 10 10 25 32 39 39 39 40 49
# name: collectedB
# type: matrix
# rows: 100
# columns: 10
 26 33 39 67 68 92 92 94 96 98
 18 25 53 77 77 87 87 93 93 93
 29 52 54 86 86 86 86 99 99 99
 24 68 68 88 88 95 95 97 97 98
 50 64 64 88 88 90 90 97 97 95
 36 71 79 86 94 96 96 96 96 96
 34 63 67 79 92 95 95 95 95 99
 37 52 64 66 66 76 83 83 83 83
 21 39 58 92 92 92 92 99 99 99
 19 21 51 54 54 54 95 95 95 98
 9 44 46 73 73 90 97 97 97 97
 12 19 77 78 88 89 89 96 96 97
 47 48 80 82 83 84 95 95 97 97
 20 44 58 81 81 96 96 96 96 96
 12 46 51 63 96 96 96 96 96 99
 34 52 52 94 94 95 95 95 96 97
 34 45 45 86 91 94 94 97 97 97
 23 50 56 78 86 98 98 98 98 96
 31 39 39 89 90 98 98 98 98 98
 42 45 73 74 89 89 89 89 96 96
 2 3 69 83 83 89 89 99 99 99
 28 35 36 75 75 89 89 93 93 95
 20 37 43 84 85 97 97 97 97 97
 21 34 34 82 82 93 98 97 97 97
 16 31 61 64 77 91 94 94 95 99
 27 53 53 74 77 88 88 98 98 98
 17 31 66 83 83 89 90 96 96 96
 12 27 45 65 67 68 98 98 98 98
 45 47 47 80 85 86 86 90 99 99
 22 23 23 64 64 70 70 98 98 98
 30 30 30 66 66 85 85 87 87 99
 22 58 65 69 78 85 85 85 85 83
 21 25 25 83 83 87 91 91 97 97
 7 13 26 27 86 87 87 87 92 96
 3 29 29 76 77 91 91 98 95 95
 19 25 27 48 83 88 97 97 97 98
 39 49 62 66 66 68 89 99 89 95
 12 44 44 80 83 85 87 96 97 97
 19 45 45 58 58 59 92 93 93 97
 5 39 42 66 77 93 98 98 98 99
 14 18 18 47 91 95 96 96 96 99
 8 29 29 79 79 93 96 96 96 96
 10 18 64 68 81 94 94 99 99 99
 2 29 29 68 69 90 90 91 98 99
 7 7 66 70 70 84 84 90 90 98
 10 29 44 71 87 96 96 97 99 94
 40 40 40 69 69 84 88 97 97 97
 2 54 54 65 65 85 85 89 89 97
 18 18 28 49 50 82 82 99 99 99
 33 40 40 54 76 88 88 94 94 94
 15 49 50 62 62 90 90 90 97 97
 16 18 22 49 93 93 93 98 98 98
 19 20 23 23 85 86 86 93 98 99
 16 38 60 74 81 95 95 95 95 95
 7 29 33 85 85 97 97 98 98 98
 10 24 24 59 59 65 82 99 99 99
 32 45 48 58 64 83 83 98 98 96
 17 45 50 75 76 90 90 99 99 99
 24 24 46 63 63 73 73 73 73 99
 24 24 27 64 65 96 96 98 98 99
 15 18 47 59 85 96 98 98 98 98
 5 5 5 69 71 91 91 91 91 95
 16 35 61 61 61 89 98 98 98 99
 8 31 74 80 82 95 95 95 95 95
 2 54 54 59 82 87 87 95 95 97
 2 2 58 58 63 75 75 94 96 96
 26 29 29 69 70 91 91 95 95 97
 31 31 31 69 70 94 94 94 95 95
 26 29 29 84 84 95 97 97 97 97
 2 44 44 51 64 90 94 97 97 97
 2 52 52 73 73 85 85 94 94 94
 42 46 50 77 84 92 92 92 92 99
 11 18 50 73 73 90 91 96 96 99
 19 24 24 55 73 78 78 97 97 97
 22 31 35 62 83 89 89 98 99 99
 13 13 18 69 79 81 89 93 98 98
 18 28 28 55 84 85 98 98 98 98
 17 33 33 75 77 81 96 89 89 96
 20 28 28 74 74 74 74 99 99 99
 28 29 54 77 77 86 86 86 86 98
 9 43 45 67 72 77 87 93 98 99
 6 25 25 69 69 88 88 99 99 99
 43 56 66 93 93 98 94 99 99 99
 23 23 23 75 76 84 84 84 84 96
 19 23 23 53 53 86 86 86 99 99
 11 11 16 61 61 95 95 95 98 98
 10 45 73 88 88 97 97 97 97 99
 21 21 42 81 95 96 98 98 99 99
 20 20 23 26 85 93 93 99 99 99
 3 17 39 67 75 76 76 92 92 97
 17 34 43 84 84 89 89 89 96 96
 2 47 47 73 73 85 85 95 95 97
 45 62 63 78 78 87 96 98 98 98
 16 37 40 68 70 72 96 97 99 99
 33 34 34 74 74 74 74 95 95 99
 17 59 60 75 81 82 91 94 94 94
 6 46 46 87 90 92 92 92 94 94
 14 14 42 66 67 84 84 94 94 94
 3 36 70 83 84 91 91 95 95 95
 23 31 35 69 69 79 95 95 95 95
# name: avgRateA
# type: matrix
# rows: 100
# columns: 10
 0.05253480430785396 0.04356349379220213 0.03904820012202562 0.02442273534635879 0.01735380732015145 0.006077225227895946 0.003471487235934126 0.0007889713353243634 0.0004018229039055226 8.164156089106387e-05
 0.04771784232365145 0.04117436448263516 0.03650846332558912 0.02413067689642371 0.01799163179916318 0.007182960259172934 0.004122323644470618 0.0009415236927712116 0.0004798652460043873 9.755662465228031e-05
 0.05850690381465012 0.0478468899521531 0.03949258018190522 0.02487562189054726 0.01818469323213156 0.006892304082590333 0.003954398216313996 0.0009030872132457916 0.0004602762048953801 9.363542112431038e-05
 0.05539358600583091 0.04024767801857585 0.03593369653413701 0.02343566908835247 0.01680540899675617 0.006457445434586078 0.003739032172294602 0.0009267402384937634 0.0004759943424672438 9.743315340014861e-05
 0.04911165679618663 0.04375804375804376 0.039475211889005 0.02471469070291488 0.01692247146792601 0.006428368539863359 0.003657582253070668 0.0008282690140709422 0.0004742662182108549 9.73230210654686e-05
 0.05003573981415296 0.03883495145631068 0.03513281919451585 0.02446300715990454 0.01834369826853385 0.006420596019230469 0.003982047602060709 0.0009193077612557744 0.0004692898666630166 9.533977207835737e-05
 0.04076086956521739 0.02805836139169473 0.0365026942464801 0.02299128751210068 0.01727272727272727 0.006540780343533159 0.003818406343429091 0.0008958045849947014 0.000458376936033011 9.349633524205107e-05
 0.04545454545454546 0.03828158230540196 0.03743916136278547 0.02382453927545372 0.01802801275828595 0.006445276533055062 0.003627224913853408 0.0008118028401502222 0.0004655109710267911 9.53760119792271e-05
 0.07268951194184839 0.04527447651386531 0.04445908117898897 0.02581553625909411 0.01934053493089297 0.006552765746615737 0.003621940123145964 0.0008992203568182906 0.0004592700732780059 9.353326898775113e-05
 0.06112469437652812 0.04839168801594079 0.04039115646258504 0.02389705882352941 0.01788170563961486 0.006161904028344758 0.003883526565748914 0.0009268454154253558 0.0004760225498682195 9.739711187747841e-05
 0.06369426751592357 0.05027785128340831 0.04188712522045855 0.02647103312660717 0.01893479632956256 0.006708081780266574 0.003858833793317506 0.0008832785764621621 0.0004580664527723741 9.348322473367226e-05
 0.0582665695557174 0.04024144869215292 0.03970223325062035 0.02454439467386636 0.01823194592671647 0.006555077898716424 0.003699433900579865 0.0008442413148674733 0.0004722677623278753 9.726655183920132e-05
 0.04921259842519685 0.03006614552014432 0.02280501710376283 0.01874739619497292 0.01601050946262162 0.00593318322886874 0.00335140802103653 0.0007529684332464524 0.0004649266142397336 9.535138176071094e-05
 0.05212858384013901 0.03745318352059925 0.0393752460952881 0.02406458624437199 0.01689833742164077 0.005191412399102389 0.003704210721274249 0.0009255131876185224 0.0004756852051222559 9.551932763945275e-05
 0.06204756980351603 0.05221932114882506 0.04495936365208369 0.02613565650280025 0.01950675769820259 0.006776265393907254 0.00391529903096349 0.0009157544099298303 0.0004683753911666353 9.548786040947979e-05
 0.05668934240362811 0.04849324558365085 0.03927068723702665 0.01933842239185751 0.01496840004435082 0.006283248858543125 0.003682156270712129 0.0008898734297047324 0.0004568304906165073 9.342836787399972e-05
 0.05888125613346418 0.03994008986520219 0.03240440699935191 0.02215657311669128 0.01658986175115208 0.005908695111332255 0.003882081766347203 0.00091394276814224 0.0004678996472231618 9.737992359849422e-05
 0.06529382219989956 0.04830917874396135 0.0385871178391214 0.02540916224497422 0.0185546410390599 0.006257521058965102 0.003854339483518509 0.0008830869648684968 0.0004502899475705878 9.157275813962378e-05
 0.05188067444876784 0.04251700680272109 0.03306878306878307 0.02591454227686374 0.01941419768717819 0.007076269882780051 0.003979066649366376 0.0009027923174294622 0.0004602104042801526 9.740342351167568e-05
 0.06605019815059444 0.04767959313413859 0.03908285565398645 0.02737802737802738 0.019548522224808 0.006982816200133584 0.00394934535308006 0.0008879846031191425 0.0004515594507466438 9.162536221895911e-05
 0.07349081364829396 0.05456529647144417 0.04387167534960242 0.02839788593515816 0.02011553538271096 0.006885712147294364 0.003918128156861409 0.0008864069494304835 0.0004511515643680494 9.546932421442171e-05
 0.06747638326585695 0.04838709677419355 0.04352557127312296 0.02585919252585919 0.01847385436444809 0.006965369997425841 0.003943893823519325 0.0008877395449369898 0.0004514956283445029 9.163673366042335e-05
 0.0651890482398957 0.03773584905660377 0.0300171526586621 0.02697579469233013 0.02006252041244809 0.007064641469445425 0.004014829241624383 0.0009200319711109962 0.0004694895377190829 9.744408151495718e-05
 0.06971340046475601 0.04920049200492005 0.03920287487749102 0.02728619318624776 0.01934438228681968 0.006131817503853101 0.003336128467995708 0.0009031618350711191 0.0004603046041233498 9.358331094966553e-05
 0.06488824801730354 0.04790419161676647 0.04262372720814587 0.02390743042937745 0.01576988582602662 0.00682366142508378 0.003862329413784225 0.000901296524638954 0.0004598195941847496 9.355283615375229e-05
 0.07230255839822024 0.05512321660181583 0.04747518342684506 0.02415205292449858 0.01914556096493627 0.005885518261922378 0.003181037381733574 0.0007548630600987128 0.0003833605781470709 7.770368476850378e-05
 0.05319148936170213 0.0311284046692607 0.03608923884514435 0.02486209307746096 0.01781783880096426 0.005733944954128441 0.003479234907757845 0.0008055359499186793 0.0004109355829121244 8.360217071045722e-05
 0.0462962962962963 0.02597402597402598 0.01748251748251748 0.02093802345058626 0.01825357671435619 0.006377245986320807 0.003763289114686236 0.0008486426539370269 0.0004317357149445318 8.763519222181901e-05
 0.06081081081081081 0.05065554231227651 0.0427243025885901 0.02052217535058716 0.0127325458017967 0.00655903880267728 0.003740129034451689 0.0008474625238589591 0.0004682246190553763 9.54878984008761e-05
 0.06329113924050633 0.04653327128897161 0.04167824395665463 0.01852080503765897 0.01792492619148039 0.006790647426498958 0.003814510745650158 0.0008845677540440129 0.0004506741988041458 9.548233298349667e-05
 0.06868131868131869 0.0529287226534933 0.04575006019744763 0.03081400325258923 0.02131704787693726 0.006856918957748318 0.003868608004501653 0.0008706621676005324 0.0004422621808832663 9.551271323959423e-05
 0.06458557588805167 0.04893238434163701 0.03946070371588293 0.02910762160091919 0.02065891051429814 0.006454068545517732 0.003763873813942089 0.0009169509851492146 0.0004687184164348301 9.550990049659179e-05
 0.06976744186046512 0.0533689126084056 0.04433361041839845 0.024997500249975 0.01629832453223809 0.005628579942389828 0.003697106174167311 0.0008452809310385237 0.0004308529910010477 8.759705355365319e-05
 0.05602240896358543 0.04280363830925629 0.03254678600488202 0.02265238879736408 0.01462474240510537 0.006980249067978108 0.004108393104746906 0.0009260027355664147 0.0004710722389278396 9.560716926293245e-05
 0.05270092226613966 0.03149606299212598 0.02692998204667863 0.02631381099165477 0.01921778424141692 0.006824096997397321 0.003786344504517197 0.0009216253631299933 0.0004783395175799535 9.749047577739702e-05
 0.05767012687427912 0.0425531914893617 0.03238866396761134 0.02151231580079595 0.01972693765249442 0.006294204362877445 0.004132266978882394 0.0009272083495111872 0.0004713521029668669 9.561558709364869e-05
 0.03992015968063872 0.02525252525252525 0.0171919770773639 0.00767341927562922 0.0180327868852459 0.005555462029258766 0.003407006202498471 0.0007558329957925297 0.0003836056769705775 9.74449729232239e-05
 0.05512679162072767 0.03961516694963214 0.029723991507431 0.02627308554207558 0.01861076139909136 0.007081825879455007 0.003982615019653339 0.0008897141309813934 0.0004519987186818931 9.551932763945275e-05
 0.04716981132075471 0.02680965147453083 0.02939941201175977 0.02680246582685607 0.01816090562382711 0.00693598853249896 0.003898635477582846 0.0009360988367539149 0.0004784553508395915 8.571327196263061e-05
 0.05512679162072767 0.04201680672268907 0.03189792663476874 0.02237363978439947 0.01451570335180787 0.004987365341135789 0.002710076062801496 0.0009037279740341647 0.0004604471039346675 9.358157804823075e-05
 0.05656108597285067 0.04606172270842929 0.03594536304816679 0.02395953500754281 0.01755540926047839 0.005886103889733653 0.003416796621751853 0.0009156705569947693 0.0004683452289769096 9.549082382917806e-05
 0.07415858528237307 0.0561122244488978 0.04513217279174726 0.01924804311561658 0.01711116355912202 0.007335411699981661 0.004138359140600752 0.0009275559480491373 0.0004714354324978123 9.562059659682311e-05
 0.07322175732217574 0.05823912298732443 0.04944375772558714 0.02350728725905031 0.01610414010601892 0.007189522053077428 0.004063248350926334 0.0009248519273528812 0.0004707359171504786 9.748803185192642e-05
 0.05228758169934641 0.03184713375796178 0.02197802197802198 0.007895152376440865 0.01015375689004932 0.007052715295388724 0.004010478441545144 0.000924547308893182 0.0004706376061018166 9.558870093760567e-05
 0.05793742757821553 0.03676470588235294 0.03262642740619903 0.02438310738320492 0.01694504962478819 0.006823772117749742 0.00378631116433471 0.0009444763553235699 0.000480620215867137 9.758473790631347e-05
 0.05405405405405406 0.0388098318240621 0.04158004158004158 0.02452663592661631 0.01745936183022276 0.005929342007741085 0.003235402493057365 0.0007020582006248317 0.0003552085913117952 9.348699943927691e-05
 0.03992015968063872 0.05126014523707817 0.04073319755600814 0.01631099633002582 0.01392295962341709 0.005749864467480409 0.003141069938165794 0.0007924604156358239 0.0004764150255465404 9.741047182451802e-05
 0.05945303210463734 0.0477326968973747 0.03711952487008167 0.02250321474496356 0.01435014350143501 0.007269127859319177 0.004079400762066781 0.0009095782459847926 0.0004619468800402581 9.348778045090947e-05
 0.05917159763313609 0.03720238095238095 0.03840782122905028 0.02710975076519458 0.01851741234095932 0.005688091812493727 0.003676534953343021 0.0008642195809111179 0.000440567019544532 8.958509558829238e-05
 0.06050129645635263 0.04803493449781659 0.03798342541436464 0.02206809583858764 0.0185174793782616 0.006769607685116534 0.003729951510630361 0.0008688885756599208 0.0004417767672543279 9.539898638576965e-05
 0.06700167504187604 0.04749340369393139 0.03613006824568447 0.01493550577053632 0.01812788398154252 0.006451925093149668 0.003553723413706712 0.0009221264235326664 0.0004785558162111271 9.750197938967342e-05
 0.06993006993006994 0.05089058524173028 0.03915426781519186 0.01791656002047607 0.01479956244771894 0.006970368190337521 0.003908896648772606 0.0009055684754273031 0.0004609103862723235 9.359848123519725e-05
 0.07383966244725738 0.05698005698005698 0.04576659038901602 0.02378378378378378 0.01615508885298869 0.006253507576364948 0.00351209918168089 0.0008449027401732051 0.0004307479644711248 8.553113542184453e-05
 0.0517464424320828 0.03167062549485353 0.02194185408667032 0.02342606149341142 0.01542416452442159 0.006860742519451764 0.003836194495060899 0.0008753688707157988 0.0004519285559900183 9.74967025222397e-05
 0.05201560468140442 0.03177124702144559 0.03360716952949962 0.02021109364473389 0.01304317978993616 0.004611285694767045 0.003984840648765971 0.0009209569510185209 0.0004697105213199648 9.74504961423525e-05
 0.06828057107386716 0.05102040816326531 0.04084411164057181 0.02024050482200262 0.0197320594038841 0.006666560848240504 0.003698289981156332 0.0008316780361567191 0.0004225055957427157 8.758824764780766e-05
 0.0576036866359447 0.0365764447695684 0.03406510219530659 0.01620947630922693 0.01532567049808429 0.00558732662854138 0.003051571559353067 0.0008270248645987199 0.0004763409240041801 9.741008452809784e-05
 0.05420054200542006 0.04378762999452655 0.03912618193674601 0.02706495589414595 0.01764936593018695 0.0052991452991453 0.002842289601804395 0.0009419924871293067 0.0004799728864295992 9.755897489807576e-05
 0.07133592736705578 0.05437055625261397 0.0438871473354232 0.01832700615263778 0.01081749343223613 0.004570785647733066 0.002996518750275415 0.0007865601804867849 0.0004011851596716935 9.144741982098969e-05
 0.0712166172106825 0.05582693649685973 0.04597701149425287 0.02619025348423908 0.01748142598489105 0.006726632772780602 0.003877672362536515 0.0009372286340562108 0.0004787339538637249 9.750791654834712e-05
 0.05398110661268556 0.03257328990228013 0.03258655804480651 0.02498001598721023 0.01655418311473322 0.004830334500664171 0.003370497503170929 0.0009213370135628487 0.0004698061462389082 9.746703078227637e-05
 0.04694835680751173 0.02692998204667863 0.03191065017949741 0.01157909972499638 0.01825769431403234 0.006049211150167579 0.003810843582192967 0.0008682146612515797 0.000441606820764549 8.962909687132707e-05
 0.04746835443037974 0.04716981132075472 0.03740224413464808 0.01727541954590326 0.01814882032667877 0.0053291158824844 0.002850863075805369 0.0006075465116051182 0.0003066425704956432 9.358157804823075e-05
 0.07103393843725335 0.04991680532445923 0.03753127606338615 0.01702239099122692 0.01051524710830704 0.006927215903598931 0.003817369920900544 0.0008363253033137931 0.0004237062671083722 8.571677463325679e-05
 0.05668934240362811 0.03604902667627975 0.0254841997961264 0.01381406271584473 0.01662663957140218 0.00614379719002118 0.003380151395201964 0.0007926549882165069 0.0004027706692574972 9.535020740656573e-05
 0.0624442462087422 0.05145797598627787 0.0416 0.01713457229471464 0.0100814269096549 0.003972709214958113 0.004087785186888429 0.0009249980729206814 0.0004707631561138894 9.559317456767488e-05
 0.05859375 0.04666355576294914 0.04371836171191901 0.0226219971991813 0.01993494911341937 0.006498042464707507 0.003567447045707915 0.0008861576397383909 0.0004510706062781183 9.16069147288983e-05
 0.05458515283842795 0.04444444444444445 0.03423354887790035 0.01275510204081633 0.0193008792622775 0.007194244604316547 0.004064197018435889 0.0009088412853722963 0.0004617612556762248 9.560440808024555e-05
 0.03992015968063872 0.02171552660152009 0.0136986301369863 0.01593332516239735 0.01711194524177523 0.006966002877262058 0.003944942326658376 0.0009208262113181052 0.0004696866211722986 9.555098680281621e-05
 0.06944444444444445 0.05825677795205019 0.05100039231071008 0.03049495660333099 0.02192524535393611 0.007225201502841913 0.003987170172422959 0.0008903340688266946 0.0004521599977981774 9.165168692899504e-05
 0.05249343832020997 0.03174603174603174 0.02935010482180294 0.02692273175984923 0.01820167455405897 0.006966846895966801 0.003990592390704466 0.0009206195769753044 0.0004696365306775388 9.746239741585415e-05
 0.06922257720979766 0.05341472720335749 0.04316990440949738 0.01815117334370543 0.01692837545969296 0.006549299069063918 0.003869806257308466 0.0008990191127637761 0.0004677364188345763 9.547036858324757e-05
 0.05868544600938967 0.0436442989634479 0.04864759680871765 0.02727614747930775 0.02056684223727113 0.00706758178762702 0.004060159469242133 0.0009086304425996885 0.0004617163470181474 9.363314533657131e-05
 0.07117437722419928 0.04904632152588556 0.03696098562628337 0.01696147322510298 0.01514233797698365 0.006762646148297316 0.003842081896110106 0.0009009889791794865 0.0004597350361136543 9.35513650736528e-05
 0.05820721769499418 0.05219985085756898 0.04559270516717325 0.0225199864880081 0.018605175621582 0.006990182676773953 0.004131012097964001 0.0009420866642826107 0.0004800152037468615 9.756190800827962e-05
 0.06404391582799634 0.04297114794352364 0.0315031503150315 0.02580071174377224 0.01914451372935128 0.006202562637721374 0.003397498368306705 0.0008863625415482441 0.0004511334236907814 9.160963303172522e-05
 0.06661115736885928 0.04584527220630372 0.03412969283276451 0.02667333500041677 0.01889518728465044 0.006692373880620797 0.004016544746017639 0.0007212588110535837 0.0004589937879585422 9.352137630036996e-05
 0.062402496099844 0.0436442989634479 0.0368632707774799 0.01617317740731525 0.01724958363073995 0.006457236948309818 0.003554702426973082 0.0008844929163654264 0.0004506516815185787 9.159088184895708e-05
 0.0589622641509434 0.03919007184846506 0.02831524303916942 0.02753108348134991 0.02026126366302319 0.00697184326028743 0.003870071156535583 0.0009412976075672643 0.0004798102693106497 9.755343937591283e-05
 0.07154650522839846 0.05421184320266889 0.04474272930648769 0.02724053391446472 0.01833516685001833 0.007401582088171346 0.00415825630452297 0.0007551670855584945 0.0003834310590955746 7.77084998752679e-05
 0.05791505791505792 0.04819277108433735 0.04002287021154945 0.02769017767864011 0.01979138807167692 0.00721327242125511 0.004135684202530364 0.000942369308762496 0.0004800881010654036 9.756489957386042e-05
 0.05537098560354375 0.03516174402250352 0.03148366784730421 0.02963206848300272 0.02063580591187953 0.006626905235255135 0.003725848517644554 0.0008167837390025904 0.0004138375451156824 9.542870650563338e-05
 0.05854800936768149 0.038860103626943 0.02808988764044944 0.01810282404055033 0.01595483554246441 0.006069553805774278 0.003317046931731588 0.0007212039818256596 0.0004706999111553917 9.559121373358968e-05
 0.04761904761904762 0.02692998204667863 0.01789976133651551 0.0205538727823453 0.0132952203682776 0.00557633011874303 0.003047769301791909 0.0008444762615803605 0.0004306450965672692 9.163335661351799e-05
 0.06887645286267757 0.05468215994531784 0.0449438202247191 0.02768278781957336 0.01943041136956642 0.007179311098278526 0.004057565633282398 0.0009088201966918945 0.0004617671534216455 9.746544104206072e-05
 0.05201560468140442 0.03137254901960784 0.04329896907216495 0.02778742618964919 0.01936483346243222 0.006381620931716656 0.003708974856600681 0.0008310559822501904 0.0004396987379669112 9.343626165890715e-05
 0.06360424028268551 0.04540867810292634 0.03468208092485549 0.02224281742354032 0.01724768724193801 0.006828978622327791 0.003900056805175205 0.0008855912380372989 0.0004509370668308339 9.748033234825147e-05
 0.03992015968063872 0.03025718608169441 0.0283860502838605 0.02887897085849304 0.02136129721332168 0.007231238952273823 0.003988760559135591 0.0008749807990324658 0.0004518553080720022 9.74926288608822e-05
 0.06414368184733804 0.04890895410082769 0.03953771289537713 0.02454922542961144 0.01711059145611133 0.006975446428571429 0.004005863902904677 0.0009393847604952282 0.0004793169830810887 9.753303135249054e-05
 0.05031446540880503 0.03065134099616858 0.02122015915119363 0.02282236591860023 0.01889862984933592 0.006804228115703525 0.003779090206004359 0.0009242286541690414 0.0004705776242300419 9.558565530139949e-05
 0.04846526655896607 0.02710027100271003 0.01796407185628742 0.02590044516390125 0.0181378476420798 0.007083220303222112 0.004018914551035939 0.0009065903330465679 0.0004611926048256447 9.361141899973211e-05
 0.0517464424320828 0.03380662609871535 0.02416626389560174 0.02778659892029216 0.01948666555314292 0.006026516673362796 0.003659142192523153 0.0008135419874830754 0.0004130073721815934 9.74428219441235e-05
 0.06294256490952006 0.04345464421510049 0.0326530612244898 0.02859123202217986 0.02029064984919112 0.006868460985544286 0.003798653686460892 0.0009229580034880122 0.0004784997373134096 9.355840433155505e-05
 0.0657030223390276 0.048348106365834 0.03856041131105398 0.02787403947566671 0.02006688963210702 0.007073358587843255 0.003939972332638731 0.0008726105015765163 0.0004427547610895309 8.968137999316029e-05
 0.05681818181818182 0.03950338600451467 0.02935010482180294 0.02053789731051345 0.01455519329296693 0.006668837916220785 0.003736790878754171 0.0008946229354672311 0.0004580758281182537 9.348307598304416e-05
 0.05586592178770949 0.03981797497155859 0.02952340784479123 0.02255639097744361 0.01581537019681349 0.007296052531578228 0.004124278251306021 0.0009268806988680469 0.0004712641759700433 9.561457763754306e-05
 0.04792332268370607 0.02680965147453083 0.01777251184834123 0.0231438622477319 0.01545690614566588 0.006402536624033903 0.003614582257564804 0.0008650469143776563 0.0004407871086422679 9.742767089012307e-05
 0.04754358161648178 0.03612281757977123 0.02640845070422536 0.02131800908332561 0.01422915120019797 0.006348904020443471 0.003521033775516492 0.0009153126078591029 0.0004682552225090286 9.549021593321892e-05
 0.05543237250554323 0.03481894150417827 0.03851851851851852 0.02902991694218209 0.02025088597626146 0.006293370431095874 0.003905538052959096 0.0009204430399165465 0.0004695942607754762 9.746206786263895e-05
 0.05861664712778429 0.04644681839294008 0.03589375448671931 0.02337540906965872 0.0173235166738848 0.006094035657921465 0.003403141361256544 0.0007557143632234511 0.0003921945441816959 9.726056681473431e-05
# name: avgRateB
# type: matrix
# rows: 100
# columns: 10
 0.07674144037780402 0.0680973999174577 0.06231027320658252 0.04501478097285676 0.03330068560235064 0.01321592231336101 0.007656649217274066 0.001793711704732155 0.0009340111400287014 0.0001946374212686666
 0.07252215954875101 0.05876821814762577 0.05615596524687434 0.0393600163574094 0.03089763653143935 0.01236339865565803 0.007191568505889647 0.001763805571729042 0.0009047150244954025 0.0001849073822781186
 0.074225748656258 0.06388206388206388 0.05792748337266681 0.03856675187228126 0.0309653260360782 0.01243763106515294 0.007178631051752922 0.001857787319006478 0.0009578377248741749 0.0001966165665146893
 0.06111535523300229 0.06101390758187528 0.05708529214237743 0.03949907985098074 0.03163760560848463 0.01295124877303959 0.00766030189652948 0.00181905810296619 0.0009381670537008755 0.0001944157064084773
 0.06969612489545582 0.06015602970203966 0.05581233103688846 0.03612331185090924 0.02941274775226445 0.01233366679913938 0.007279021052546445 0.00180538675292817 0.0009345164118423461 0.0001887819036449215
 0.07622273978403557 0.06147718417178976 0.05573192239858907 0.03913716210066442 0.02910487042140137 0.01273733232496119 0.007616629641383688 0.001819453367978758 0.000933560629414356 0.000190857640677489
 0.07211028632025451 0.06008583690987124 0.05441845354126056 0.03728349615366464 0.02856965405875412 0.01234295217430847 0.007442866208603954 0.001795060748634809 0.0009224008443366044 0.000196396423204535
 0.07543323139653414 0.06433254979586787 0.05755913301555895 0.03874376284120928 0.02929297412453952 0.01101944351810234 0.006716297135458812 0.001580467704189763 0.0008090851489009114 0.0001650941613554748
 0.07777777777777778 0.0608424336973479 0.05564616713038473 0.03895499004954059 0.03160968905686308 0.01305353367669802 0.007596149082682432 0.001851599014724888 0.0009561882280673117 0.0001965474748513535
 0.07593924860111911 0.05898876404494382 0.05340873389883757 0.03545168067226891 0.02605800318486705 0.008697612988435395 0.007424485170567778 0.001794053938703787 0.0009221402973368588 0.0001944891306375552
 0.06369426751592357 0.06221719457013574 0.05588628356214312 0.03973005333623598 0.03058744657672002 0.0120312813314618 0.007464524271246961 0.001824954846478025 0.0009397358082938951 0.0001926974423685654
 0.06437768240343347 0.04966021955044433 0.05567606652205351 0.04066524164537824 0.0304561500657576 0.01251423670186589 0.007309701369953021 0.001803294393445025 0.0009292924599533031 0.0001927766011338842
 0.07991838122768237 0.07062978222483814 0.06148643455537622 0.04450233365896017 0.03401360544217687 0.01250949381226824 0.007572255256739308 0.001802598398154139 0.0009395592208051345 0.0001927567957700018
 0.07336757153338223 0.0616419165032222 0.05724437425977102 0.03784339375817604 0.03017321661389458 0.01247774152878329 0.007527640555163491 0.001814480689956282 0.0009322723555997522 0.0001907982761375751
 0.06692693809258227 0.06424581005586592 0.05733558178752108 0.03902136884484361 0.03049845919242622 0.01319478805871681 0.007782605875867436 0.001828912825632213 0.0009360675606761918 0.0001965427534091234
 0.07825086306098965 0.06885593220338983 0.06298449612403101 0.04345213331484306 0.03469402819812505 0.01367477076765845 0.007911919514957691 0.001821217762049273 0.0009357947334252231 0.0001927571405094233
 0.07936507936507937 0.06931608133086875 0.06250868176135575 0.0441025641025641 0.03345342254246012 0.01334791190378143 0.007766926115049659 0.001833281043874006 0.0009419551687604938 0.0001927852983918924
 0.07807196198234895 0.06318716036901302 0.05685856432125089 0.03971082374503614 0.03046080827400559 0.01332734962533828 0.007895076050528487 0.001864266201995145 0.0009548455488608108 0.0001907979348508527
 0.08389715832205684 0.0688680911177821 0.06119566922956222 0.03993896966433315 0.03191036732378386 0.01281012261117357 0.007710646199359543 0.001853792519001373 0.0009520904213874484 0.0001948558841903877
 0.08032128514056225 0.06927339901477832 0.05959183673469388 0.04283894870904249 0.03183801960363454 0.01285774137158873 0.007427994358062712 0.001707057435769566 0.0009301415268466942 0.0001907104161658863
 0.03787878787878788 0.02441008950366151 0.06562678333650371 0.04443492692328283 0.03442697747729064 0.01298871878694123 0.007471331911821494 0.001861490094616345 0.0009588405583745037 0.0001966551540634219
 0.08348240906380441 0.06596306068601583 0.05849853753656159 0.03817765334690761 0.02991623454327882 0.0121996353816841 0.007203269798874995 0.001755531812879185 0.0009025445934667417 0.0001887021069086821
 0.08143322475570033 0.06500351370344343 0.05788127608022614 0.04023952095808384 0.03183759083077384 0.01299815077854903 0.007747913255321698 0.001841571677007313 0.00094413816732075 0.0001927948394585446
 0.07706422018348624 0.06407840180927252 0.05721016321723036 0.04012723268901395 0.0317657085302549 0.01267427122940431 0.007649855199169444 0.00182710672940361 0.0009402158425400174 0.0001927157805813619
 0.07515265382808831 0.0613618368962787 0.06039603960396039 0.04186289900575615 0.03193563103977438 0.01280445763975854 0.007580522894792019 0.001791858481304625 0.0009247740144342622 0.0001966064925024412
 0.07743045597935189 0.06911841418883673 0.06386311603807687 0.04389086595492289 0.03303586751330015 0.01274162021284297 0.007356321839080459 0.001848435808351157 0.0009506773090787743 0.0001947339179589978
 0.07609668755595345 0.06420878210439106 0.06031804057759093 0.04336468129571578 0.03386649257385344 0.01292815432439499 0.00745971752536304 0.001807633863760895 0.0009304588616029675 0.0001907236771524955
 0.06976744186046512 0.06164383561643835 0.05866249511145874 0.03985773853323522 0.03007316306836034 0.01062433597900131 0.007624619741540951 0.001848808933142919 0.0009507741533016604 0.0001947365105721061
 0.09068923821039904 0.07936507936507936 0.07193143556779921 0.04681100058513751 0.0355961304912266 0.01311195474850966 0.007404728694184705 0.001728216787513826 0.0009595756930753528 0.0001968853141056594
 0.0858704137392662 0.06867721707972529 0.05812484205205964 0.0410651267244145 0.0305620552982188 0.01068261937827155 0.006030323914541696 0.001836702182489481 0.0009475648550129082 0.0001946374985824233
 0.08002133902373967 0.06818181818181818 0.05984440454817475 0.03965392934390771 0.03 0.01209069443259082 0.00703316343416959 0.001652726143278059 0.0008470706447181251 0.0001965022207728254
 0.0764685436218283 0.07051671732522796 0.06467018207143568 0.04439868734315681 0.03311680040759139 0.01262082584745134 0.007209316132753196 0.001636405990401035 0.0008332549093418658 0.0001651571370666938
 0.07903650733910425 0.06490134994807892 0.05597850425436632 0.04392231571148859 0.03423527470714403 0.01292872852642216 0.007564610921303108 0.001743872969394071 0.0009423935241048719 0.0001928073324032202
 0.06211180124223602 0.04952380952380953 0.04930779442442633 0.02683363148479427 0.03165838394993558 0.01265252105117727 0.007291623014708964 0.001670368997951398 0.0008939841667630291 0.0001906246810511521
 0.04608294930875576 0.06794751640112465 0.05937755937755938 0.04143269912228098 0.03199135817856994 0.01315599248229001 0.007600624754650162 0.001861044539733301 0.0009241065348923172 0.0001889134829939088
 0.07802874743326489 0.06441638752898737 0.05535055350553506 0.03615274534909994 0.03177276729318991 0.01268102889257151 0.007690843931369129 0.001838336324578178 0.0009439838062984156 0.0001947432439494963
 0.08533916849015317 0.07430997876857749 0.06663084363245567 0.04515908313376668 0.03307773267177868 0.01099647465959442 0.007193256120329434 0.001840217108442693 0.0008689658135179836 0.0001887260613407378
 0.07104795737122557 0.06750536974532066 0.06163328197226502 0.04403346543372964 0.03369326946496712 0.01273160283390501 0.007298412804939432 0.001811020057047132 0.0009418225528634318 0.0001928177572034826
 0.07347254447022428 0.06672597864768684 0.06107491856677525 0.04092288153531363 0.02973291638898857 0.009657249484401087 0.007524085251157237 0.001770544985169306 0.0009064972459054104 0.0001926080600714754
 0.05767012687427912 0.06585612968591692 0.05893082643468499 0.04044365463570072 0.03123605533244088 0.01245763733540514 0.007628715106412791 0.001849126382127627 0.0009508451849393885 0.000196885549038224
 0.0708502024291498 0.05655042412818096 0.04719454640797064 0.03677045845720545 0.03464554937942588 0.01378289760032498 0.007967995219202868 0.001839133308428403 0.0009387247424373988 0.0001967918554410762
 0.06289308176100629 0.0618073316283035 0.05443964708090857 0.04297214969538729 0.03332067991058248 0.01345836589389598 0.007886046626250679 0.001834750168185432 0.0009375814890161351 0.0001910188127663444
 0.06920415224913495 0.05823358136525396 0.06092336982389338 0.04306523115896137 0.03304773561811505 0.01341018032412691 0.007791454266650089 0.001879631440348282 0.0009636180646266515 0.0001968524290794385
 0.03824091778202677 0.06648326455754242 0.05810458825886596 0.04135246898564826 0.03117094325984821 0.01246882793017456 0.007333110624047714 0.001739309933562183 0.0009433435560971759 0.0001962389905466326
 0.06055363321799308 0.04132231404958678 0.06258890469416785 0.04427577482605945 0.03313138962514199 0.01254967580004183 0.00714978805985394 0.001721657688540647 0.0008794026315635193 0.0001947474235213951
 0.07204610951008646 0.06625542609092987 0.06014215418261345 0.04215901668546999 0.03300079657095171 0.01352360291320946 0.007898764172522174 0.001849218181055618 0.0009625780757772575 0.0001869092722508529
 0.08839779005524862 0.07785130400934216 0.06942034015966678 0.04535892716276624 0.03361426413991329 0.01278305332359386 0.007386268255833473 0.001831491457130827 0.000941472443489815 0.0001927948394585446
 0.03992015968063872 0.07064364207221351 0.06529625151148731 0.04306917572223695 0.03184713375796178 0.01264260110362471 0.007216538608481556 0.001700755020571492 0.0008691618447716009 0.0001926577534318404
 0.07982261640798226 0.06342494714587738 0.05700325732899023 0.03956079444534152 0.02775002775002775 0.01219856889959983 0.006962369243309333 0.00185174793782616 0.0009562371777287531 0.0001965417779328053
 0.08631964425843579 0.07254261878853827 0.06513597134017261 0.04117736769864267 0.03261242705115001 0.0129590905074662 0.007428542486198105 0.00178452437679283 0.0009149050688660725 0.0001869079343213472
 0.06996268656716417 0.06734469488730072 0.06181998021760633 0.0408351445695844 0.03024537782330845 0.01281540126445292 0.007451318055371573 0.001723200404377695 0.0009426911792289176 0.0001928141543876849
 0.07048458149779736 0.05653266331658292 0.04929419672865785 0.03523658852293974 0.03195986116361387 0.01325598300953576 0.007704160246533128 0.001853052904660428 0.0009518684789724483 0.0001947793180140062
 0.07327419976860779 0.06013229104028863 0.05125919322487185 0.02569258266309205 0.03331112591605596 0.01277234045713098 0.007294997836948316 0.001754644146846735 0.0009434389118491114 0.0001962472763256801
 0.07207207207207207 0.06801503490245212 0.06392499467291711 0.04496840058337385 0.03391675739050331 0.01353179972936401 0.007867103912020935 0.001820875668692631 0.0009291880461425003 0.0001890928083426951
 0.06261180679785332 0.06134969325153374 0.05484460694698354 0.04308378529068883 0.03396196260188589 0.01369804979311708 0.007992419560828905 0.001866631111788347 0.0009554236377657515 0.0001949282067480167
 0.06915629322268327 0.06425702811244979 0.05510907003444317 0.04152005629838142 0.030242452201548 0.0103368213479215 0.006851547029185919 0.001840781681433207 0.0009532732418126828 0.0001964176593363861
 0.07845060063741113 0.07048872180451128 0.06388075592227842 0.04092865711664668 0.03019865049780588 0.01212546200932054 0.006974672694576562 0.001839018339516563 0.0009481387455930898 0.0001909904626127217
 0.07495590828924162 0.07077697389116075 0.06384880602732729 0.04375474009684382 0.0334109992526487 0.01321275471254918 0.007584312271417255 0.001863701310803255 0.0009593850632467335 0.0001967052858088064
 0.07978723404255318 0.06687099470604625 0.06169527896995708 0.04227336777829967 0.03118194416947139 0.01117352639554283 0.006299402851126989 0.00141093065372476 0.0007170219035458206 0.0001964970334902398
 0.08379888268156425 0.06966618287373004 0.05868289502282113 0.04155844155844156 0.03092587306118565 0.01342225577786167 0.007863953602673744 0.001860330911106555 0.0009537722177831804 0.0001967190051820555
 0.07700205338809034 0.06048387096774193 0.06072351421188631 0.04066721808657293 0.0327603484159408 0.01338874787314161 0.007920407981831554 0.001865813723250324 0.0009552103802127196 0.0001949197159502605
 0.05470459518599562 0.0352112676056338 0.0251004016064257 0.04120140920761928 0.03126376045794804 0.01272460323009159 0.007454678015253418 0.001738027663288654 0.0008884168022071789 0.0001887354723353531
 0.07651841224294596 0.06959634122091868 0.06290605341858306 0.04301833568406206 0.03129810159055926 0.01301512093825861 0.007769699756602262 0.001857305845206824 0.0009529764468953876 0.0001967934984198874
 0.06294256490952006 0.06682474671265359 0.06534216335540839 0.04683566535917101 0.03557638075404573 0.0139104460128269 0.007992932564889992 0.001825627583503245 0.0009303874329141693 0.0001891660425846613
 0.03929273084479371 0.07047768206734534 0.06516230240135151 0.04225755622403667 0.03214803779354687 0.01265693876660314 0.007292600943846973 0.001802372681342407 0.0009243097352193145 0.0001926638377524194
 0.03992015968063872 0.02219755826859046 0.07090464547677261 0.04579188378335702 0.03232261043558566 0.01165483053876397 0.006526676703245064 0.001783339435895588 0.0009304101655063999 0.0001907209490274424
 0.07786762503743637 0.06616472735569244 0.0580116023204641 0.04243803431945384 0.03192702394526796 0.01289371891692761 0.007511969621925046 0.001800562154457908 0.0009238342427427958 0.0001926574090478275
 0.07868020304568528 0.06840247131509268 0.06018248883711901 0.04190707561494078 0.0315884476534296 0.01310963279081768 0.007688029574377597 0.00179670133280834 0.0009260531905456793 0.0001889627456963237
 0.07647058823529412 0.06477551932097386 0.05690737833594976 0.04219833216115744 0.03330161750713606 0.01326296978835092 0.007803951856857823 0.001844800894633341 0.0009449484710831155 0.0001929110173073003
 0.03992015968063872 0.07063734146733024 0.06422420084659174 0.04043126684636118 0.03078847356520903 0.01286651703383894 0.007609610776504113 0.001833565206871522 0.0009419917590287967 0.0001927875207246585
 0.03952569169960474 0.07017543859649122 0.0647410358565737 0.04434993924665857 0.03351698806244261 0.01258904900842726 0.007198326600780807 0.001788336998790019 0.0009158794001184797 0.0001869512409286385
 0.07941009642654566 0.07124051417066748 0.06425909266161162 0.04413366194761277 0.03381098051843504 0.01321934046986134 0.007656394337597057 0.001763577147874027 0.000900421240545577 0.0001968249550185393
 0.06935687263556116 0.05649717514124293 0.06213495712687958 0.04461557266837795 0.0336622705893203 0.01273524833734258 0.007451015712636431 0.001818474565034144 0.000933279280908314 0.0001964410048969369
 0.08186126669538991 0.06640841173215274 0.05672417868116284 0.04006410256410257 0.03081729145558933 0.01167035729247711 0.006643782526851954 0.001835334541752915 0.0009424521244036804 0.0001928069491599878
 0.0748553929908132 0.06462372316030852 0.05793742757821552 0.04219696454093786 0.03361821053910648 0.01312994216924348 0.007520004055732524 0.001851739879674699 0.0009583968634284469 0.0001966360536772729
 0.07501442585112521 0.05666957279860506 0.04778338200159278 0.03970765954997986 0.03142152573383183 0.01204496788008565 0.0072225603570704 0.001759121422883332 0.0009429859167940019 0.000194407838682756
 0.07843137254901961 0.06529850746268656 0.05699165479340525 0.03952853241339658 0.03098144801386788 0.0123836302976442 0.007814431181175195 0.001859900172705016 0.0009536691935656523 0.0001948578601385837
 0.07951356407857811 0.07144403550552068 0.06291706387035272 0.04295286638795029 0.03290879562355756 0.01214301776478525 0.007759456838021339 0.001708922495564482 0.0008712737140636304 0.0001907341356882641
 0.07584376185058779 0.06457564575645756 0.05642885933091495 0.04091562534557116 0.03160502263602973 0.01147393555989704 0.006431427081522684 0.00187452426846217 0.0009622861586314152 0.0001968040219585579
 0.07988587731811697 0.06834786707518266 0.06332082551594748 0.04365079365079365 0.03352198519808446 0.01278240190249703 0.007297597732653355 0.001655906483644072 0.0008430934471051994 0.0001944955381135838
 0.06676557863501482 0.06816740646797717 0.06162695152013146 0.04383382401046778 0.03260426572476566 0.01178342974321305 0.007139398813382681 0.001754442228858499 0.0009434162063501537 0.0001962437363063004
 0.05905511811023623 0.06109481915933529 0.0529436679373147 0.04201169020944959 0.03171684670190761 0.01303240329364374 0.007451691025793013 0.001870214659082537 0.0009611165261559611 0.0001967521584606111
 0.08312391262323604 0.07344262295081967 0.0673331973066721 0.04628477579256458 0.0365738555922605 0.01414672171377429 0.007777014784601511 0.001878910839038074 0.0009633986368395854 0.0001968492586040524
 0.07352941176470588 0.06167873424510593 0.05275229357798165 0.04317043688482128 0.03285776048421963 0.01238335323515103 0.007129398584305138 0.001617562102830734 0.0008235512116497202 0.0001907651770092193
 0.07575757575757576 0.06144803633449105 0.05258344764517604 0.03750884642604388 0.02722695982739135 0.01231051117250462 0.00714054417588987 0.00164769896923018 0.0009535661447417087 0.0001964335991933127
 0.06736068585425596 0.05 0.04394397143641857 0.03833584715937657 0.0287045315514564 0.01231463237581665 0.007437912999906047 0.001795070924196989 0.0009453655863774748 0.0001945106706966102
 0.0655307994757536 0.06545454545454546 0.06040546131568059 0.0433390790445703 0.03430130578834535 0.01377175795780447 0.008015469028888741 0.00185941660324842 0.000948803724788231 0.0001969267492167686
 0.08104978772674643 0.06574827802128992 0.06018054162487463 0.04270124940692709 0.03336025564490642 0.01360582782958701 0.007977337848398021 0.00186904123905991 0.0009629731943279905 0.0001968301204958211
 0.07552870090634441 0.06148170919151552 0.05196565747853592 0.02711440191886537 0.03203799329086729 0.01322036789582919 0.007690335811330428 0.001868781346919437 0.0009607574262181968 0.000196737417946586
 0.04457652303120357 0.05544683626875407 0.05537413034218373 0.0376256528331555 0.02904050181987145 0.01120035369537985 0.006416371879405978 0.001723582353514235 0.0008893675146914812 0.0001927207964415396
 0.07794589637780834 0.06546014632268002 0.06017352364959418 0.04550132712204106 0.03525708289611752 0.01306997576914605 0.007498651927743328 0.001710992260163102 0.0009344275220052815 0.0001909287370422036
 0.03898635477582846 0.06895539906103286 0.06288466684506289 0.04263769639623854 0.03246031393125528 0.01237155415829767 0.007124835500121541 0.001798064147357981 0.0009232120783350307 0.0001925320585726189
 0.07958967102935975 0.06971775553806366 0.06458888661062129 0.04365101572555823 0.03356571133488252 0.0126818460103204 0.007741061493057236 0.001850634881068383 0.0009512549771019338 0.0001947984829571205
 0.07076514816452897 0.06265876375952582 0.05598320503848846 0.04077961019490255 0.03077870113881194 0.01111076818616709 0.007460018960881525 0.00182041340274676 0.0009530199662496162 0.0001964121258101008
 0.08697944122298366 0.07340241796200346 0.06423578310976762 0.04348848142924307 0.03305194515163697 0.011648223645894 0.006483891035582542 0.001812541259162873 0.0009270146712269283 0.0001967708512008885
 0.07036423841059603 0.0679488655994472 0.06289308176100629 0.04298486932599725 0.03294155923380374 0.01238053538266423 0.007459627838347405 0.001786060368840467 0.0009153157644639366 0.0001869315367224021
 0.05928853754940711 0.06372956497644777 0.05832382401420058 0.04007185297775322 0.03189001488200695 0.0130018796195537 0.007580626555264415 0.001759654189698372 0.0009150270809078627 0.0001869565208743917
 0.0830860534124629 0.06137658921525647 0.05925507900677202 0.04030780505679736 0.03020603218971192 0.01200651782396158 0.006967138330872717 0.001781588608446625 0.0009141390074784351 0.0001868825916082559
 0.04511278195488722 0.05980066445182725 0.05723630417007359 0.04166875847181083 0.03271792474877307 0.01274402711256757 0.007458405048766495 0.001805743785865398 0.0009252072220701853 0.0001889274212441129
 0.07700033478406428 0.06452955870108243 0.05639703512729616 0.03992824489323535 0.0304474450622187 0.01143750633406205 0.007354307301665944 0.001793539105760281 0.0009220230544585637 0.0001887945092992226
