# Created by Octave 3.0.1, Sat Sep 05 13:50:56 2009 PDT <jwawerla@marvin2>
# name: prt
# type: matrix
# rows: 200
# columns: 10
 257.1 327.5 345.3 1264.4 1315.5 1474 1721.1 2110.3 2177.5 0
 40.1 628 684.8 845.7 1107.5 1289.4 1759 2504.6 2571.6 2729
 242.1 249.1 261.5 705.5 902.8 1057.2 1111.2 2453.4 2520.4 3562.6
 272.3 369.6 597.1 677.1 1210.5 1428.1 1483.3 1760.5 2597.6 3254.3
 358.5 371 429.2 730.2 804.3 1747.3 1802.7 2202.5 2684.5 2863.5
 104.3 301.9 313.3 1035.3 1194.5 1728 1783.5 1923.7 1988.5 3254.9
 283.6 482.2 494.3 786.2 1116.5 1494.3 1550.2 2000.4 2065.6 0
 49 53.6 58.3 1124 1295.5 1720.3 1776.2 2254.8 2320.3 0
 128.9 209.7 221.5 1001.1 1329.7 1547.8 1865.2 2131.5 3085.4 3240.3
 80.40000000000001 88 326 689.8 1186.5 1852.8 2047 2189.4 2254.7 2824.7
 135.3 309.9 389 703.3 1009.2 1592.8 1648.4 2675.4 2740.8 2928.2
 127.4 261.3 273.8 1008.3 1058.9 1616.4 1672.1 0 0 0
 208.6 481 523.2 613.3 1144.5 1799.9 1855.6 1999.1 2066.3 3225.3
 40.1 42.2 46.1 80.3 1192.3 1419.9 1695.9 1939.9 3122.2 3304
 118.6 296.5 542.3 767.3 1018.3 1215.3 1271.1 2324.1 2389.3 2569.4
 108.1 117.5 361.5 449.2 1327 1856.8 1912.6 2269.1 2334.5 2513
 117.3 127.4 497.6 999.2 1020.3 1266.2 1539.2 2952.7 3018.1 4424.4
 117.6 155.8 164.9 1026.9 1048.3 1986.3 2711.8 2858.7 2924.2 3772.5
 189.6 202.8 448.4 890.4 912.4 1794 1849.1 2714.5 2780.1 0
 150.1 593.5 729.1 921.3 1011.2 1672.4 1727.6 1874.2 1939.9 0
 140.3 151.4 264.3 1056.5 1129.4 1228 2163.4 2737.8 2803.5 2954
 145.4 157 165.8 614.1 1108.5 1250.1 1967.6 2672.1 2737.9 2921.1
 126.3 189.1 245 924.9 948 1934 2331.6 2477.5 2543.4 2725.3
 119.8 260.2 380.6 649.1 1176.7 1695.2 2104.1 2400.2 2792.3 0
 194.4 287.3 382.7 1115.7 1138.8 1405 1878.2 2973.7 3039.5 3192.6
 51.1 288 299 940.7 964 1731.3 1785.2 2868.4 2934.3 3420.9
 148.3 240.7 308.1 736.4 760 1636.2 1690.2 2795.6 2861.5 3044.2
 230.3 333.6 345.1 1016.2 1040.2 1966.3 2020.3 2410.3 2788.2 3531
 194.4 208.2 378.9 1299 1323.2 1420.5 1789 1933.6 1999.5 2833.1
 109.6 398.7 410.4 1129.7 1203.3 1785.5 1839.6 1984.4 2050.4 2230
 266.6 281.4 292.7 438.3 1038.3 2112.4 2166.5 2632 2698.1 3206.8
 40.1 41.1 599.8 653.6 1186 1790.9 1845.1 2746.1 2812.2 2990.2
 277.5 368.7 379.6 480.9 1150.1 1798 2018.4 2333.7 2630.7 2808.1
 209 312.7 323.5 860.9 884.7 1813.1 1867.3 2631.9 2698 2874.8
 204 218.2 228.3 708.6 732.6 1674.3 1728.6 2823.6 3474 3650.2
 92.09999999999999 256.4 267.1 418.1 442.1 1696.8 2020.8 2164.8 2964.8 3140.4
 40.1 323.5 378.8 586.2 1136.7 1852.9 2218.9 0 0 0
 328.3 357.7 415.1 529.9 1284.9 1817 1871.2 2710.6 2777.3 2935.8
 85 93.8 354.6 1034.6 1058.7 1696.7 1750.9 2873.2 2939.2 3113.8
 223.7 238.3 248.9 650.6 1188.2 1692 2415.5 2561.8 2627.8 0
 150.3 163 375.2 741.9 1083.7 1328.4 1382.5 2925.8 2991.8 3142
 124.2 334.2 394.1 987.9 1487.4 1722.1 2170.8 2526.7 2592.8 2769.1
 176.1 231.5 398.3 861.9 1060.6 1541.6 1595.7 2540.8 2606.8 2782.7
 221.7 236.4 278.5 374.6 948.7 1044.2 1098.4 2779.4 2845.5 3020.9
 222.3 417.3 576.4 614.5 638.4 1717.4 1966.1 2110.7 2176.8 3005.1
 115.1 126.2 134.4 710 1140.8 1361 1415.3 2974.5 3040.6 3215.1
 133.6 368.9 380.4 519.9 830.3 1399.6 1454 2822.3 2888.4 3062.5
 235.7 250.8 261.7 987.3 1380.7 1891.6 1946 2356.8 2423 2902
 83.90000000000001 208.1 218.5 729.4 1014.6 1674.5 2030.7 2174.5 2240.7 3014.6
 125 242 252.9 1022.5 1071.7 1956.5 2010.9 2610.3 2676.5 2849.3
 237.5 446.1 458.1 992.7 1016.9 1522.9 1577.3 2335.3 2972.9 3145.4
 193 236.2 247.3 1075.1 1099.3 1747.6 1802.1 2361.2 2427.4 3365.9
 191.2 205.4 388.7 983.9 1008.3 1909.1 2082 2463.1 2731.7 3564.9
 97.40000000000001 107.5 115.3 1050.5 1075 1169.8 1696.7 2274.8 2340.9 3235.5
 128.9 170.7 180.7 961.4 1297 1439.8 2004.3 2148.1 2214.3 3290
 267.5 283.3 501 879.4 1337.6 1821.5 2279.6 2423.4 2489.6 2660.3
 284.3 356.1 368.2 1103.3 1313.2 1685.6 2219.6 2524.8 2591 2761.6
 126.7 310.3 322.2 896.3 920.8 1248.8 1302.8 3279.6 3799.9 3970.2
 70.3 78.40000000000001 535.6 672.2 1121.5 1517.4 2462 2931.5 2997.6 0
 40.1 40.1 40.1 740.2 764.8 1391.9 1445.8 2656.7 2722.8 3276.5
 95.8 106.1 113.9 444.1 496.9 1816.9 1870.9 2014 2080.2 3532.8
 181 318.7 585.5 729.9 1215.1 1773.3 1827.3 2659.2 3139.7 3310.9
 154.3 167.9 177.5 296.6 1091.4 1674.4 2094.4 2412.6 3128.3 4032.2
 201.7 216.8 338.1 622.6 1143.3 1399.8 1453.9 2925.5 2991.6 3958.7
 301.2 370.3 382.1 936.1 1176.8 1271.8 1326 2416.6 2482.8 3142.3
 95 105.6 421.2 1026.9 1442.3 1567.1 2095.1 2237.8 2517.3 2687.5
 269.1 329 340.6 520.1 544.3 1521.4 2239.2 2381.9 2914.7 3084.7
 40.1 87.5 570.7 734 758.5 1948.6 2002.6 2845.9 2912 3081.8
 40.1 40.1 40.1 746.8 948.8 1675.4 1729.4 2272.9 2339.1 0
 40.1 57.8 62.4 638.7 929.6 1620.3 1764.8 1907.7 3358.3 3517.2
 152.4 239 331.7 405.1 818.8 1880.7 1934.7 2695 2760.9 3244.9
 104.3 405.3 588.1 735.4 918.5 1185.3 1860.6 3241.8 3307.7 0
 132.8 145.8 476.9 1123.8 1259.3 1976.7 2030.6 2173.3 2239.2 2725
 138 330.4 387.1 1074.7 1125.2 2014.5 2068.4 2707.4 2773.4 3424.8
 51.1 359.4 370.5 406.2 1326.2 1858.3 1912.1 2588.1 2654.1 0
 181.3 557 568.4 884.7 1110.8 1358.8 1835.3 2459.8 2931 3084
 144.9 425.4 649.1 722.1 1304.6 1705.6 1759.5 2009.1 2075.1 2605.1
 214.2 361.6 372.7 1055.4 1230.5 1520.2 1732 1874.7 1940.7 3041.2
 59.8 266.5 277.1 424.6 1048.1 1142.7 1542.1 3280.9 3346.9 3519.2
 318.1 553 564.5 899.1 923.5 1644.5 1923.4 0 0 0
 242.8 258.2 328.7 908.9 1013.6 1890.5 1944.4 2086.3 2153.4 3505.7
 183.4 225.6 235.9 863.8 913.8 1547.3 2035.6 2662.4 2728.5 2900.3
 198.7 268.8 279.6 369.4 393.5 1613.7 1743.7 2735 0 0
 230 245.3 256 670.9 905.4 1489.7 1982.5 2126.3 2198.3 3901.8
 176.9 191 201 318.9 770.8 1838.7 1892.5 2137.2 2204.6 2375.9
 40.1 40.1 40.1 746.6 1037.5 1930 1983.8 2287.4 2354.8 3737.9
 40.1 42.5 714.4 840.9 865.5 1662.7 1883.7 2373.5 2721.9 2892.8
 307.1 389.6 400.7 695.6 1144.8 2012.4 2177.8 2321.7 2590.8 2761.6
 208 263.8 274.3 915.3 1097.6 1689.8 1807.2 2770.6 2837.9 3008.5
 281.4 297.7 308.6 968.1 992.8 1086.5 1548.6 1692.4 1759.7 1930.2
 141.6 341.8 705.6 1115 1168.7 1491.5 1884.5 2928.7 2996 3166.4
 126.5 582 593.4 700.8 725.6 1911.6 1965.3 2109.1 2176.4 3005.4
 140.8 221.9 232 470.4 889.4 1970.9 2024.6 2833.1 2900.4 3070.4
 88 162 242.7 652.8 677.7 1615.6 1669.4 2508.2 3005.2 0
 194.4 398.1 409.3 446.6 1243.3 1531.7 1674.3 0 0 0
 173.8 521.6 602.6 929.8 954.6 1125.6 1179.5 2674.7 3789.5 0
 181.6 372.8 384 829 853.9 1777.7 1831.6 1976.1 2043.3 3357.8
 155.9 169 409.9 790.2 1067 2152.2 2206.1 2350.7 2417.9 2589.7
 119.5 217.4 506.5 1073.7 1146.3 1979.9 2033.9 2178.5 2245.7 2417.3
 76.5 85 91.09999999999999 994.6 1176.2 1335.3 2164.7 2309.3 2376.5 2548
 90.5 166.4 192.3 439.3 491.9 741.6 1034.2 1983.9 2051.1 2222.5
 40.1 41.6 93.09999999999999 116.5 160.4 938.8 1442 1586.7 1653.9 1824.4
 62.8 70.40000000000001 75.8 176.3 197.3 1247.8 1301.8 1855.6 1922.8 2093.3
 156.4 170.3 179.7 231 280.7 758.8 1555 1700.3 1767.6 1938.3
 128.3 141 149.8 278.6 302.9 962 1194.5 1650.7 1718.1 1888.9
 82 184 210.2 244.8 268.6 1042.6 1414.5 1976 2285.4 2731.1
 77.7 114.6 122.5 289.2 694.2 1220.2 1274.3 1787.5 0 0
 81.8 135 143.6 174.3 447.3 1460.6 1725.2 1870.9 1994.2 2637.6
 137.5 180.8 190.6 245.7 269.8 650.2 1017.8 2080.8 2147.8 2971.9
 83.90000000000001 177.2 280.4 341.1 444.5 838.4 1081.1 1887.9 1954.9 2124.9
 73.40000000000001 82.7 165.7 199.7 630.2 1074.5 1372.3 2374.6 2441.7 2611.8
 111.2 123.8 132.2 245.5 270.1 1168.1 1222.6 1368.7 1435.8 1606
 61.1 100.1 107.5 267.8 644.5 1046.4 1101 1246.3 1313.4 2702.4
 75.5 85.40000000000001 125.5 321.1 797.8 1130 1507.6 1652.9 1720 2482.6
 48.7 55.5 60.2 167.6 481 1236 1290.7 1802.7 2437.3 2607.5
 129.8 144.3 233.1 647.4 708 804.7 1137.5 1634.5 1701.7 2520.3
 60.4 127.5 136.5 482.6 511 607.7 875.9 1758.6 2049 2219.3
 50.2 57.4 62.5 569.2 627.8 1452.2 1507.1 1652.9 2371 0
 51.5 58.9 146.1 179.8 719.2 1087.9 1515.7 1795.5 1862.8 2065.8
 113.4 127.2 136.7 326.1 776.1 963.8 1018.9 1961.7 2029 2197.7
 162 179 254.6 388.4 448.4 883.5 938.7 1596 1663.2 1831
 40.1 75.5 82.3 343.7 1025.7 1174.8 1230.2 1376.4 1443.7 2551.8
 62.9 104 112.6 275.9 682.2 818.2 873.8 2407.7 2843.6 3011.4
 110.7 290.2 403 559.6 828.6 995.7 1254.1 1400.4 1697.3 1865.2
 98.59999999999999 182.4 385.2 474.9 503.6 1147.5 1203.4 2261.8 2329.1 2495.8
 40.1 40.1 70.7 141.3 812.2 911.4 1419.6 1566.2 1633.6 0
 71.90000000000001 128.8 138.7 550.4 677.7 1075.1 1545.2 1692 1759.4 1946.8
 75.40000000000001 86.7 94.5 216.7 611.6 848.2 1219.2 1699.3 1766.7 1932.7
 71.5 139.1 200.1 519.7 548.3 859.7 1594.3 1741.5 2153.4 2319.5
 72 158.4 169.7 433.7 462.1 1459.8 1515.8 1663 1730.4 0
 77.3 136.3 146.8 476.5 505.1 649.9 1052.5 1986.2 2053.7 2235.6
 95.90000000000001 110 119.3 613.6 812.7 1101.2 1157.2 1866.4 1933.8 2099.5
 73.5 85.3 130.4 502.8 532.1 791.1 1463.7 1610.9 2558.9 2724.7
 75.5 87.59999999999999 96.09999999999999 685.5 748.8 850.1 1051.9 1622.9 2170.3 2718.9
 73.2 220.8 234.3 278.3 459.7 837.7 1059.2 2271.9 2339.3 2945.8
 72.3 101.3 110.7 317.7 613.5 1070.2 1126.2 1273.7 1341.2 0
 85.90000000000001 200.9 214.1 257.6 814.4 1135.4 1191.6 1982.6 2050.1 2225.8
 65.8 77.2 139.5 529.2 559 1413.2 1469.5 0 0 0
 167.6 188 256.1 593.8 624.1 1465.2 1521.5 0 0 0
 63.2 74.3 199.1 268.1 840.6 1070.6 1126.9 2120.2 2187.4 2346.4
 73.8 179.4 192.4 652.8 683.3 985.4 1432.7 2073.2 2140.8 2304.5
 65.90000000000001 77.59999999999999 173.7 398.5 463.5 859.9 1799.2 2119.3 2186.9 2808.1
 89.8 164.4 295.7 388.9 483.4 1196.4 1252.8 2379.9 2447.5 2961.7
 76.3 122.1 133.3 552.6 689.6 793.5 1607.7 1753.4 1821 1984.8
 51.5 61.1 67.90000000000001 420.1 451.1 1081 1137.1 2268.2 0 0
 51.3 61.1 68.09999999999999 723.3 754.7 859.2 1539.6 1685.7 1766.7 3259.1
 118.5 136.9 149.1 283.6 313.5 1166.8 1222.9 1369.3 2052.2 2216.1
 73.5 139.6 152 237.6 266.8 1350 1406.1 2428 2495 3080.4
 53 114.8 185.2 602.8 901 1195.3 1469.8 1616.4 1683.4 3156.9
 60.9 138.5 172.6 477.8 509.8 1303.2 1683.9 1830.6 1897.6 2061.5
 65.7 78.5 130 852.3 987 1351.4 1518.8 1804.5 2183.8 2794
 151.7 192.2 281.7 745.1 942.9 1315.8 1371.9 1714.4 1781.3 2350.9
 88 218.2 232.9 682.7 750.7 1441.7 1720.7 2148.6 2215.6 2379.7
 74.59999999999999 107 117.8 634 880.5 1310.8 1367 2051.7 2118.7 2282.9
 86.3 198.7 213.2 863.9 939.2 1349.5 1405.8 1552.9 1619.9 1784.3
 137.1 192.9 356.5 682.4 714.6 1027.8 1614.9 1762 1829 1993.5
 54.5 193.7 251.8 696.2 728.6 834.1 890.7 1037.8 1104.8 0
 52.1 63.1 70.5 582.5 614.9 1549 1605.6 0 0 0
 116.5 136.9 573.9 792.5 824.9 1254 1310.7 1982.4 2049.6 0
 40.1 68.8 120.1 694.2 1114.8 1220.4 1973 2330.4 2397.5 2543.5
 55 66.90000000000001 118.1 463 1030.2 1264.5 1321.3 1832.3 1899.4 2062.3
 76.5 142.2 197.5 569.1 1102.6 1453.1 1509.9 1657 2060.6 3793.9
 119.5 158.5 231 552.8 585.3 1487.9 1544.7 1929.6 1996.6 2159.7
 68.2 138.3 151.9 636.8 713.3 1621.1 1794.8 2152.9 2220 0
 69.09999999999999 104.3 115.9 379.6 1287.6 1699.8 1756.7 0 0 0
 131 153.5 434.9 810.2 843.8 1536 1741.7 1867.9 1935.3 2094.5
 68.5 103 114.7 773.2 807.1 977.8 1480 1627 1694.2 2858.1
 87 205.6 481 831.4 865.3 1390.1 1447.2 2364.7 2431.9 2594.3
 53.2 65.2 119.7 751.4 832.7 1643.2 1700.3 1847.4 1914.6 2077
 67.09999999999999 136.7 151.2 823.3 857.2 1733.7 1790.8 1937.9 2005.1 2166.1
 226 254.1 272.3 785.6 819.7 1421.2 1595.7 1742.9 1810.4 2775.4
 115 154.7 217.9 826.1 1134.3 1242.4 1946.1 2360 2427.5 2588.5
 165.1 255.8 394.1 604.7 806.2 1586.1 1643.4 2317.6 2385.1 2544.4
 151.3 262.9 282.4 889.7 1172.7 1501.3 1558.6 2020.6 2556 2715.4
 135.6 160.1 393.3 756.3 841.6 950 1730.9 1878.4 1945.9 2105.3
 97.5 342.5 405.9 907.8 995.1 1191.2 1248.4 1943 2010.5 2168.3
 84.09999999999999 233.8 630.4 743 952.9 1239.8 1297.1 1444.7 2480 3009
 142.9 300.1 344.7 400.6 891.4 1723.3 1780.6 1928.2 2524.2 2681.9
 160.7 328.1 347.9 764 799.5 1563.1 1620.4 2036.6 2104 2950
 177.8 208.6 226.5 825.7 976 1143.3 1644.6 2047.9 2902.6 3060.4
 173.3 269.7 353.3 798.8 1151.9 1260.5 1317.8 1843 1910.3 0
 209.6 348.9 368.6 777.3 864.7 1841.3 1898.7 2044.8 2112 2226.1
 125.9 209.2 252.4 926 961.8 1231.4 1288.8 2047.1 2114.4 2271.3
 83.7 179.8 291.9 711.3 1029 1139.4 1196.9 0 0 0
 40.2 51.5 58.7 821.3 1061.8 1649.8 2024.2 2123.4 2190.6 2349.6
 207.1 262.8 281.4 774.3 939.2 1666.6 1724.2 1869.5 1935 2739.9
 178.7 229.2 247.3 301.8 336.8 1737 1794.6 1939.8 2005.3 2162.3
 173.4 437.2 484.1 919.1 955.8 1694.8 1888 2033.3 2098.8 2255.8
 85.09999999999999 298.2 523.9 678.9 796.9 1372.1 1803.2 1948.5 2014 2171
 154.5 184.8 203.1 600.3 877.3 1426.6 1484.2 1629.6 2011.5 0
 237.8 324.4 345.3 512.2 1150.1 1575.2 1632.9 1961.1 2026.6 2133.1
 71.59999999999999 195.7 336.2 393.8 1356.6 1468 1525.8 1671.4 2081.5 2997
 73.40000000000001 612.4 634.8 813.6 1041 1576.7 1634.5 1780 2379.7 3044.9
 72.5 423.7 499.1 595.3 631.4 1284 2015.5 2161 2226.4 2777.1
 133 345.9 420.7 943.5 979.6 1616.3 1673.9 1819.5 1884.9 2039.4
 151.7 183.6 202.4 977.6 1014.7 1569.8 1627.3 1771.3 1836.7 0
 197.2 407.7 429.7 620.4 1199 1623.5 1681 2147 2212.5 0
 74.8 187.3 825.9 1139.2 1175.8 1362 1992.5 2426.1 2491.6 2588
 111.5 140.7 577.9 766.2 1097.9 1212.2 1269.6 2206 2271.5 2424.2
 133 165.3 291.3 674.2 1114.7 1718 2077.1 2221.1 2286.6 2439.2
# name: collected
# type: matrix
# rows: 200
# columns: 10
 21 25 25 80 81 83 87 91 91 0
 2 49 52 60 72 74 85 94 94 94
 19 19 19 48 58 59 59 93 93 97
 24 31 48 50 80 83 83 84 95 97
 33 33 36 52 54 88 88 91 94 94
 8 23 23 68 74 84 84 84 84 96
 28 45 45 61 77 86 86 90 90 0
 3 3 3 70 77 86 86 91 91 0
 11 17 17 66 81 84 89 90 96 96
 6 6 23 46 68 90 92 92 92 94
 12 25 30 47 63 79 79 95 95 95
 11 21 21 64 65 82 82 0 0 0
 18 40 42 45 73 89 89 89 89 96
 2 2 2 3 79 83 88 89 99 99
 10 24 41 52 64 66 66 83 83 83
 8 8 26 29 79 93 93 96 96 96
 9 9 38 67 67 72 77 93 93 99
 9 11 11 60 60 82 95 95 95 98
 16 16 35 61 61 89 89 98 98 0
 12 47 56 65 68 85 85 85 85 0
 11 11 18 71 73 73 91 96 96 96
 14 14 14 42 66 67 84 94 94 94
 11 15 18 59 59 93 98 98 98 98
 10 21 29 44 71 87 96 97 99 0
 17 23 29 67 67 71 79 95 95 95
 3 22 22 62 62 89 89 98 98 99
 14 20 24 50 50 78 78 97 97 97
 19 26 26 68 68 92 92 94 96 98
 17 17 29 84 84 84 89 89 89 96
 8 31 31 78 80 95 95 95 95 95
 24 24 24 30 64 96 96 98 98 99
 2 2 46 47 73 85 85 95 95 95
 24 30 30 33 66 83 85 86 87 87
 18 25 25 55 55 85 85 98 98 98
 18 18 18 49 49 82 82 96 99 99
 7 20 20 26 26 85 93 93 99 99
 2 26 29 39 68 85 90 0 0 0
 30 31 34 39 74 90 90 98 98 98
 6 6 25 66 66 88 88 99 99 99
 20 20 20 43 71 85 97 97 97 0
 12 12 27 48 64 68 68 98 98 98
 10 26 29 64 84 87 95 97 97 97
 14 17 28 60 69 82 82 94 94 94
 19 19 21 24 54 54 54 95 95 95
 20 34 45 45 45 91 94 94 94 97
 9 9 9 46 69 73 73 97 97 97
 11 28 28 33 50 74 74 99 99 99
 21 21 21 64 81 95 95 98 98 99
 6 15 15 50 62 84 90 90 90 97
 10 18 18 67 68 94 94 99 99 99
 22 40 40 69 69 84 84 92 97 97
 15 17 17 68 68 88 88 95 95 97
 16 16 28 64 64 89 91 94 95 99
 7 7 7 70 70 70 84 90 90 98
 10 12 12 59 77 78 89 89 89 96
 23 23 37 56 76 86 98 98 98 98
 26 30 30 71 79 86 94 96 96 96
 10 24 24 59 59 65 65 97 99 99
 5 5 39 44 66 77 93 98 98 0
 2 2 2 58 58 75 75 94 94 96
 7 7 7 26 27 87 87 87 87 96
 15 24 45 51 75 90 90 97 99 99
 13 13 13 18 63 81 87 89 94 98
 16 16 23 40 68 72 72 96 96 99
 29 33 33 64 74 74 74 95 95 99
 7 7 29 66 84 85 97 97 98 98
 25 28 28 36 36 75 89 89 93 93
 2 5 44 51 51 90 90 97 97 97
 2 2 2 54 63 85 85 89 89 0
 2 3 3 40 54 75 76 76 92 92
 13 19 25 27 48 88 88 97 97 98
 8 32 45 51 58 64 83 98 98 0
 10 10 35 73 77 97 97 97 97 99
 12 26 29 68 69 91 91 95 95 97
 3 29 29 29 76 91 91 98 98 0
 16 45 45 63 72 78 87 96 98 98
 12 34 50 52 83 94 94 95 95 96
 19 29 29 70 76 82 86 86 86 95
 4 23 23 29 64 64 70 98 98 98
 29 46 46 66 66 94 98 0 0 0
 21 21 25 57 60 92 92 92 92 99
 16 18 18 53 54 77 87 93 93 93
 16 20 20 23 23 85 86 98 0 0
 19 19 19 42 53 73 86 86 86 99
 14 14 14 19 47 95 95 96 96 96
 2 2 2 50 64 88 88 90 90 97
 2 2 54 58 58 83 87 93 95 95
 26 31 31 47 69 92 94 94 95 95
 17 20 20 58 65 81 82 96 96 96
 24 24 24 63 63 63 73 73 73 73
 12 27 53 73 74 80 88 98 98 98
 10 46 46 50 50 92 92 92 92 99
 11 16 16 28 49 93 93 98 98 98
 7 12 17 45 45 85 85 92 96 0
 17 33 33 33 75 80 81 0 0 0
 16 44 49 66 66 68 68 91 99 0
 15 29 29 54 54 86 86 86 86 99
 12 12 30 51 63 96 96 96 96 96
 9 16 38 72 74 95 95 95 95 95
 5 5 5 62 69 71 91 91 91 91
 7 12 13 24 25 29 34 44 44 44
 2 2 5 5 6 27 39 39 39 39
 4 4 4 8 8 43 43 48 48 48
 13 13 13 14 15 29 48 48 48 48
 10 10 10 15 15 39 42 46 46 46
 6 13 14 14 14 35 42 46 47 48
 6 8 8 15 32 42 42 47 0 0
 6 9 9 9 20 43 46 46 46 49
 11 13 13 14 14 26 31 41 41 46
 6 12 18 19 22 35 39 46 46 46
 5 5 10 10 27 36 39 48 48 48
 9 9 9 13 13 43 43 43 43 43
 4 6 6 14 29 36 36 36 36 47
 5 5 7 15 34 40 46 46 46 48
 3 3 3 7 20 40 40 44 48 48
 10 10 15 36 37 37 42 45 45 48
 4 8 8 27 27 27 31 48 49 49
 3 3 3 29 30 45 45 45 49 0
 3 3 8 8 28 37 44 45 45 45
 9 9 9 17 35 37 37 47 47 47
 13 13 17 22 23 35 35 39 39 39
 2 4 4 16 44 45 45 45 45 49
 4 6 6 12 30 31 31 46 49 49
 8 20 26 31 40 42 45 45 46 46
 7 12 24 26 26 42 42 48 48 48
 2 2 3 5 33 33 39 39 39 0
 5 8 8 29 32 41 47 47 47 47
 5 5 5 10 27 31 38 41 41 41
 5 9 12 25 25 31 45 45 47 47
 5 10 10 21 21 47 47 47 47 0
 5 8 8 22 22 23 30 47 47 47
 7 7 7 29 35 38 38 46 46 46
 5 5 7 21 21 25 43 43 47 47
 5 5 5 35 36 36 38 45 48 49
 5 14 14 14 19 27 29 45 45 47
 5 6 6 15 26 37 37 37 37 0
 6 13 13 13 34 39 39 46 46 46
 4 4 7 24 24 44 44 0 0 0
 13 13 16 30 30 48 48 0 0 0
 4 4 11 12 33 35 35 42 42 42
 5 11 11 31 31 34 42 45 45 45
 4 4 9 18 19 27 47 48 48 49
 6 10 17 19 21 39 39 48 48 49
 5 7 7 24 27 27 48 48 48 48
 3 3 3 19 19 34 34 48 0 0
 3 3 3 34 34 34 43 43 43 49
 9 9 9 14 14 41 41 41 48 48
 5 8 8 10 10 38 38 48 48 49
 3 6 9 25 34 39 42 42 42 48
 4 8 9 22 22 44 48 48 48 48
 5 5 7 37 40 45 46 47 48 49
 11 12 16 33 38 42 42 43 43 44
 6 13 13 29 30 45 47 49 49 49
 5 6 6 31 38 44 44 49 49 49
 6 12 12 38 39 45 45 45 45 45
 10 12 20 31 31 36 46 46 46 46
 3 11 13 31 31 31 31 31 31 0
 3 3 3 25 25 42 42 0 0 0
 8 8 32 37 37 43 43 48 48 0
 2 3 5 28 38 38 46 47 47 47
 3 3 5 20 37 40 40 44 44 44
 5 8 10 25 40 43 43 43 44 49
 9 10 13 23 23 45 45 47 47 47
 4 7 7 30 31 46 47 48 48 0
 4 5 5 14 41 47 47 0 0 0
 9 9 25 35 35 46 47 47 47 47
 4 5 5 35 35 36 42 42 42 49
 6 12 26 38 38 43 43 48 48 48
 3 3 5 32 33 47 47 47 47 47
 4 7 7 33 33 49 49 49 49 49
 16 16 16 35 35 46 47 47 47 49
 8 9 11 33 40 40 48 49 49 49
 12 16 22 28 32 45 45 49 49 49
 10 15 15 34 40 44 44 46 48 48
 9 9 20 32 33 33 41 41 41 41
 6 19 21 38 39 40 40 46 46 46
 5 12 34 36 40 42 42 42 47 48
 9 17 18 18 32 44 44 44 48 48
 11 19 19 31 31 43 43 45 45 49
 12 12 12 32 34 35 41 42 49 49
 11 14 17 33 42 42 42 45 45 0
 14 20 20 33 34 49 49 49 49 49
 8 11 12 37 37 40 40 46 46 46
 5 9 13 26 34 34 34 0 0 0
 2 2 2 31 37 46 48 48 48 48
 15 16 16 36 39 46 46 46 46 48
 12 13 13 13 13 48 48 48 48 48
 11 23 24 38 38 48 49 49 49 49
 5 15 25 28 30 43 49 49 49 49
 10 10 10 25 32 39 39 39 40 0
 17 20 20 24 42 47 47 48 48 48
 4 10 15 15 46 46 46 46 47 49
 4 32 32 35 39 43 43 43 45 47
 4 23 25 26 26 38 48 48 48 49
 8 18 20 38 38 48 48 48 48 48
 9 9 9 38 38 47 47 47 47 0
 14 22 22 26 39 42 42 44 44 0
 4 8 35 42 42 43 48 49 49 49
 8 8 29 33 41 41 41 47 47 47
 9 9 13 25 36 45 47 47 47 47
# name: avgRate
# type: matrix
# rows: 200
# columns: 10
 0.07862223886184949 0.06622516556291391 0.05614192679092746 0.04534119247336205 0.03498164543295185 0.01282051282051282 0.007422511539019375 0.001746295837866986 0.0008906070318807957 0
 0.03992015968063872 0.07227138643067847 0.06625891946992865 0.04458646057813777 0.03416370106761566 0.01176582821890801 0.007228505825325283 0.001790319324402052 0.0009164330087470605 0.0001869794660741672
 0.0753669178897263 0.06352390504847877 0.05255878284923928 0.03981750311074243 0.03048139583771284 0.009740474146470316 0.005309957520339837 0.001773002322061106 0.0009071365308758062 0.0001926274906039488
 0.08501594048884166 0.07387988560533841 0.06885669200975469 0.04247727465805794 0.03619090703460755 0.0129120579953641 0.007227887453954874 0.001622859130031588 0.0009259475855185696 0.0001927454966604359
 0.08955223880597014 0.07838479809976247 0.06802721088435373 0.04226954966672086 0.02992850412902511 0.01304225393861248 0.007455921102798512 0.00174321153201475 0.0009154254050027025 0.0001869294550111511
 0.0699912510936133 0.06535947712418301 0.05564964916525526 0.04429101804207647 0.03372066529961266 0.01248513674197384 0.007128612042262485 0.001617758364677402 0.0008236222711384127 0.0001907582022549607
 0.09536784741144413 0.08455467869222097 0.07571933366986371 0.047426527756181 0.03638081738719584 0.01324238178094637 0.007445758515004069 0.001730755917262175 0.0008817858318571585 0
 0.05084745762711865 0.02895752895752896 0.01895135818066961 0.04310344827586207 0.03354389021999565 0.01279704775084446 0.007302865100796522 0.001741466812618171 0.0008893640851326667 0
 0.07919366450683946 0.06546014632268002 0.05287713841368585 0.04396775697821598 0.03476842511911405 0.01282873636946761 0.007500927080875163 0.001726403422115228 0.0009312666973208622 0.0001907637365290498
 0.0663716814159292 0.04347826086956522 0.0539906103286385 0.03866195999327618 0.03109993139721015 0.01313331776791968 0.007636756038847846 0.001762810072543467 0.0008997141451688774 0.0001869438792485731
 0.08258774948382656 0.06946373992775771 0.06134969325153374 0.03905925371893958 0.03135576348795541 0.01198276908142216 0.006782047319803578 0.001803498407226143 0.0009246570009188171 0.0001888937625688915
 0.08005822416302766 0.06745904272406039 0.05617977528089887 0.04243187694755685 0.03157025596192142 0.012393446587268 0.007025299646164786 0 0 0
 0.08234217749313816 0.07532956685499058 0.06739409499358151 0.04042037186742118 0.03404056889717883 0.01308842777099663 0.007507000910961908 0.001711568084832237 0.0008719822311575907 0.0001907694227615344
 0.03992015968063872 0.02169197396963124 0.01368925393566051 0.005169739789763915 0.03603521415864617 0.01292855028894531 0.007524004138202276 0.001713518893952433 0.0009600260661622813 0.0001967002050450622
 0.07776049766718507 0.06926406926406926 0.06383309979760238 0.04103211552118678 0.03170985482832087 0.01061895644618924 0.00585568400599764 0.001586267131207226 0.0008106315796670159 0.0001651513203947554
 0.06773920406435224 0.04776119402985075 0.05633802816901409 0.03055204382638011 0.03394929093253116 0.01356317815890794 0.007806859963400097 0.001836649186613123 0.0009381000542339093 0.0001910398337953446
 0.07069913589945012 0.05073280721533258 0.06358768406961178 0.04469050160085378 0.03316339157550859 0.01149021735661166 0.006672906267332223 0.001756284382099496 0.0009027539820672289 0.0001962633052643766
 0.07053291536050157 0.05344995140913508 0.04152510381275953 0.03929530421114676 0.02929258409412683 0.01173725720338377 0.007473371198414072 0.001797244351450187 0.0009230093602865022 0.0001945322541424949
 0.08016032064128256 0.06329113924050632 0.0638220277169949 0.0438722669735328 0.03189709265843966 0.01309979393582573 0.007511118987940012 0.001859071033586584 0.0009534919697490078 0
 0.07495315427857589 0.07303807303807304 0.06754311904474732 0.04573277984943362 0.03381066030230708 0.01273904442179725 0.007247859749650397 0.001638579486527021 0.000833824635888401 0
 0.07318695941450432 0.05461767626613704 0.04940982706560527 0.04561516222293607 0.03428195735888043 0.01172125883108542 0.007481460775769933 0.001820326217627584 0.0009338203465835307 0.0001908723262962418
 0.09009009009009009 0.06763285024154589 0.0526711813393529 0.03769859079077283 0.0313018733696941 0.01071982848274428 0.007018951168154016 0.001784626016429951 0.0009149495950374691 0.0001869080458147411
 0.08070432868672046 0.06273525721455459 0.05217391304347826 0.04140641448522703 0.03028747433264887 0.01341217190654745 0.007947062830451847 0.001867467009670811 0.0009556929066131999 0.000194937473805277
 0.07704160246533127 0.06769825918762089 0.06034124011652101 0.03829083630667479 0.0326181834887674 0.01299438403632453 0.007931196867177238 0.001851137972755829 0.0009631071588046964 0
 0.08317025440313111 0.06818855618144085 0.06007872384503832 0.04146809432444142 0.03132597718346736 0.01108508977361436 0.006650839352763886 0.001793342734224719 0.0009219765235662052 0.0001887945092992226
 0.04909983633387888 0.0650887573964497 0.05513784461152882 0.04303463594086208 0.03156822810590632 0.01322181450834163 0.007551844686556019 0.001853659274727436 0.0009520635978483362 0.0001966545290431923
 0.08843967150979153 0.06879944960440317 0.058809115412889 0.04043998705920414 0.02840909090909091 0.01175371447515144 0.006672255393406442 0.001837274318314405 0.00094301560836659 0.0001928259981926041
 0.07906783187682064 0.06777893639207508 0.05841383958660975 0.04484896451655454 0.03333006567983531 0.01320643670241017 0.007653719125146627 0.001793540582671727 0.0009339593455279886 0.0001946255543352842
 0.08317025440313111 0.06584043377226956 0.06055543954896638 0.04669260700389105 0.03615702479338843 0.01308309321703917 0.00754941046738485 0.001713726758784294 0.0008725532968298864 0.0001909182191864458
 0.06688963210702341 0.06908847782482729 0.06073667711598747 0.0478615696140394 0.03630917260472927 0.01400044211922482 0.008023919727017804 0.001827471318318572 0.0009309125686915485 0.0001891563626227028
 0.08676789587852494 0.07242003621001811 0.06111535523300229 0.03197271661515507 0.03139871461512044 0.01349755356841572 0.007890519048206139 0.001861985104119167 0.0009542532919304251 0.0001967381998812417
 0.03992015968063872 0.02195389681668496 0.06573306659045441 0.04074202496532594 0.03339432753888381 0.01251675035709553 0.007175963056453723 0.001801081027791628 0.0009240148542682678 0.0001888704789874634
 0.08347826086956522 0.07165034631000716 0.06255212677231026 0.0336425731471098 0.03069624668620064 0.01220947337452192 0.007072488850429342 0.001643300588339827 0.0008476995674783471 0.0001730282388052221
 0.0821917808219178 0.06892748828232699 0.0590318772136954 0.04041443162612977 0.02918236324083408 0.01247596541955938 0.007162539077970558 0.001861988641869284 0.0009542542211143353 0.0001948795207077388
 0.08411214953271028 0.06711409395973154 0.05482790130977764 0.04054277676650671 0.02828119589056909 0.0122859326071648 0.006991456780860461 0.001817369509083061 0.0009567620851614898 0.0001965649968966556
 0.06856023506366309 0.06527415143603134 0.05448106782892945 0.02831935519006644 0.01802926288052146 0.01269262931549397 0.007736589910821243 0.001782811397724136 0.0009614936366602956 0.0001967641636410036
 0.03992015968063872 0.06961178045515395 0.06056808688387635 0.03590498987295157 0.0318247765245472 0.01240350800391075 0.007365638478095409 0 0 0
 0.08867868755542417 0.07603630120186412 0.066006600660066 0.03786775415088843 0.03238653770405707 0.01320228839665542 0.007581373407911584 0.001859208584231635 0.000953517946083425 0.0001948558841903877
 0.06315789473684211 0.04172461752433936 0.05499340079190497 0.04300794995438551 0.03205906640112693 0.01314080069287858 0.007488788092826932 0.001872404166950364 0.0009617327509831047 0.000196774566708367
 0.08557980316645272 0.0693721817551162 0.05732301519059903 0.03737180601425344 0.03244675989397679 0.01270173341303048 0.007812814626877693 0.001845446693225879 0.0009451630065148039 0
 0.07485963817841547 0.05633802816901409 0.05681818181818182 0.03865045494806345 0.03071459423141527 0.01074521205992036 0.005974083022183176 0.001851648912250736 0.000951532063717694 0.0001947760274435448
 0.0745156482861401 0.0676730869338886 0.05869257235377454 0.04301364339001277 0.03377020181715848 0.01294238407640469 0.007805567423669767 0.001846679878994873 0.000945485453170203 0.0001929315067294311
 0.07522837184309511 0.06039076376554174 0.05619104956853301 0.04405609809824509 0.03348539260409589 0.01253515959398312 0.007071586881343946 0.001789085815214081 0.0009161186198185695 0.0001869594956230594
 0.08200258955545965 0.06634078212290503 0.05548216644649934 0.02744111593871484 0.02771078154667214 0.008934184838357433 0.004865566207741656 0.001799944675384714 0.0009237156705932685 0.0001888589519839037
 0.08609556607834697 0.07275839931521506 0.06652868125369604 0.04037685060565276 0.0274658203125 0.01354690802989252 0.007855525192000735 0.001803852183908487 0.0009199740058408562 0.0001928409870993356
 0.07194244604316546 0.05107832009080591 0.03839590443686007 0.03801652892561983 0.03223094170403587 0.0114761829900959 0.006394926107942849 0.001831069665593823 0.0009413765059597867 0.0001927605113598539
 0.07660167130919221 0.06684172833611841 0.05828476269775187 0.03235611334444553 0.02731792602305633 0.01156322270141884 0.006460625109132181 0.001874208430908915 0.0009622075958028311 0.0001967946328736489
 0.08547008547008547 0.06981382978723404 0.05805916505391209 0.04303099576413635 0.03402360650228924 0.01378489755644553 0.007952452703833919 0.001871772148030437 0.0009568163400798649 0.0001968574394215971
 0.06389776357827476 0.05811700891127469 0.04709576138147567 0.04067024564828371 0.03077534001786955 0.01258521237545884 0.007480861462757778 0.001724980593968318 0.000880275663214356 0.0001928373450790494
 0.07407407407407407 0.06164383561643835 0.05100595069424767 0.04400656814449918 0.0328232852246947 0.01351254222669446 0.007826224512734266 0.001881760795889778 0.0009641933645965728 0.0001968780706267265
 0.08888888888888889 0.08062890546260834 0.07167174341515857 0.04622496147919877 0.03421091774505429 0.01287770776801729 0.007255577725376383 0.00175789572239005 0.0009419954182119762 0.0001927872141929549
 0.07389162561576355 0.05939902166317261 0.0489490354160668 0.0431718621039934 0.03239174963082932 0.01304167407670876 0.00745630014997331 0.001814320527413428 0.0009274861999816455 0.0001927027635364255
 0.07952286282306163 0.06264682850430697 0.05729486392469818 0.0431295909427859 0.03186774884230444 0.01288156199794474 0.007531865585168019 0.001791735524587758 0.0009247389072701026 0.0001965982934870957
 0.06517690875232775 0.04444444444444445 0.03251277287505806 0.04514672686230248 0.03373493975903614 0.0113455865668255 0.007181512734360973 0.001721670862442324 0.0008794138023019146 0.0001947398385050339
 0.07199424046076314 0.05437245129134572 0.04275026718916993 0.04037224579170658 0.03352198519808446 0.01211217739681356 0.007414009979757254 0.00170667771213141 0.0008707196546862817 0.0001907448985674263
 0.08288288288288288 0.069006900690069 0.06156405990016639 0.04059736117152385 0.0325119780971937 0.01260719783038921 0.007980715984234013 0.001869394201825902 0.000956194579742725 0.0001949626815565104
 0.08834522595990485 0.07387343018960847 0.06407518154634771 0.04428366494105906 0.0341518243126405 0.0128634677515855 0.007692559494582474 0.001827708054100158 0.000935754598356581 0.0001909453705294915
 0.0731528895391368 0.06661115736885928 0.05684509711037423 0.04225452982883335 0.03071636817992503 0.01040199718345922 0.005750787415507662 0.00182058423862041 0.000953758144275669 0.0001964401863443513
 0.06226650062266501 0.03894080996884735 0.06135934550031466 0.03753625661149974 0.03111006363422107 0.01181452726547396 0.007462686567164179 0.001851449514939119 0.0009514784810519856 0
 0.03992015968063872 0.02219755826859046 0.01427551748750892 0.04676665054023545 0.0328649138712602 0.01173360033792769 0.006552621922451905 0.001785147948883998 0.0009150840903869443 0.0001907500151507174
 0.06616257088846882 0.04484304932735426 0.03272557269752221 0.02753945556614765 0.01803727703921438 0.01276239933107424 0.00732884617004608 0.001672626600530626 0.0008522710574626617 0.0001906529227093051
 0.07853403141361257 0.06509357200976404 0.06564551422319474 0.04146678591755427 0.03385851654552842 0.01328746696588074 0.007609513582981746 0.001842033300923675 0.0009598631758672946 0.0001966975084386211
 0.07912355447352404 0.05966039467645709 0.04684684684684685 0.02259603314084861 0.03012336234101559 0.01213592233009709 0.007193411826961238 0.001698064969110481 0.0009114859839636646 0.000194432022398569
 0.07557864903164856 0.05997001499250375 0.05249942935402876 0.03563156957063959 0.03172677646619698 0.01125035157348667 0.006286068500685357 0.001813870440524889 0.0009321148520850243 0.0001964446689778349
 0.09318766066838047 0.07851534618129907 0.06845052893590541 0.04456514170322401 0.03399485483278206 0.01179884562645492 0.006533639413738301 0.001812402941053025 0.0009269848208675016 0.0001967634206068542
 0.06666666666666667 0.04498714652956298 0.05564082885648503 0.04322483463226144 0.03439380911435942 0.01294330830960393 0.008019776603748625 0.001856892901309014 0.0009559362175944938 0.0001949521322889469
 0.08957362952346828 0.07387862796833773 0.06354970494779845 0.03529065777864915 0.02331153273327721 0.01150059803109762 0.007271717105693182 0.001699060171547806 0.0009036609930359803 0.000184859527630238
 0.03992015968063872 0.03636363636363636 0.06560310123751305 0.0413290113452188 0.02900199033266989 0.01295224937397461 0.007498375352007065 0.001835525556381857 0.0009425528606965175 0.0001928115865054152
 0.03992015968063872 0.02219755826859046 0.01427551748750892 0.04331087584215592 0.03232758620689655 0.01273331935164934 0.007246747489215135 0.001702603069659422 0.0008696578336139364 0
 0.03992015968063872 0.02782931354359926 0.01847290640394088 0.03512777728989198 0.02798507462686567 0.01132879174659759 0.006459948320413437 0.00146413730525529 0.0008901075191832683 0.0001827147116324924
 0.08004926108374384 0.06574394463667819 0.05791058605513088 0.02983095790520384 0.02639102705080273 0.01278939642768904 0.007373457229758603 0.001840781857861277 0.0009439387938408481 0.0001947362010027325
 0.0699912510936133 0.07028332967274324 0.06539747129777648 0.04128217581350169 0.03023195204586917 0.01034711331705819 0.006997959631047333 0.00184065903106206 0.0009486224163348908 0
 0.07002801120448179 0.05107252298263534 0.06066909343040389 0.0449562754033748 0.03408135263134599 0.01390342138833546 0.008062773261516465 0.001859188512131684 0.0009487554675701688 0.0001969267492167686
 0.08108108108108109 0.0683491062039958 0.05953602956271813 0.04318282847526513 0.03246753246753247 0.01297312709387697 0.007540353319412682 0.001802403457579012 0.0009243636972212655 0.0001926802175816527
 0.04909983633387888 0.07083536883243771 0.0616365568544102 0.0320017656146546 0.03267130943169117 0.01326859425805229 0.007639291140940724 0.001863539469956131 0.0009546623076915583 0
 0.0836382645060115 0.07413509060955518 0.06732495511669659 0.0454972196143569 0.03411028993746446 0.01226646537082468 0.007350890978682417 0.00182997266478332 0.0009520941213045633 0.0001947984829571205
 0.07746933505487411 0.0715187210769878 0.06674676278200507 0.04254970951640619 0.03601492666840233 0.01401813409687425 0.007993537140184531 0.001826603421324345 0.0009306873076783662 0.0001910048266521768
 0.08474576271186442 0.07045675413022351 0.06134969325153374 0.045004500450045 0.03407307778524994 0.01257630134044968 0.007330378452096829 0.001657840912814918 0.0008436277168981575 0.0001888513306663549
 0.05730659025787966 0.07266982622432859 0.06099177936886767 0.03136491455764655 0.03124847419559592 0.01041887118042555 0.006064754247493957 0.001839308269942887 0.0009482625990716704 0.0001946301153957982
 0.08838768668088996 0.07628524046434494 0.0692249811888638 0.04717318276034594 0.03431245126072264 0.01414703890435699 0.008219132126742372 0 0 0
 0.08306962025316456 0.06813757300454251 0.05831583858175881 0.04045709418695436 0.0297973778307509 0.01335171613090487 0.007702354241318108 0.001766299391586655 0.0009006063430096307 0.0001966214086553538
 0.0827300930713547 0.0653120464441219 0.05358737719559393 0.03886200322627952 0.02821611453652419 0.01176057306065095 0.007228555285984911 0.001765965850398007 0.0009052989189952156 0.0001849273106418906
 0.07666506947771921 0.06273525721455457 0.05268703898840885 0.02645502645502646 0.01650520272694654 0.01285211001406172 0.00732307535103928 0.00185834834550109 0 0
 0.07916666666666666 0.06434134778191669 0.05337078651685393 0.03586984370996669 0.02781568174661488 0.01124859392575928 0.00717713331942416 0.001649838948860748 0.0008415012774185089 0.0001964668512793564
 0.0749063670411985 0.05809128630705394 0.04651162790697674 0.02320185614849188 0.02654167607860854 0.01389152909178645 0.007988227874710952 0.001841295658378279 0.0009392923606178195 0.0001910919691808464
 0.03992015968063872 0.02219755826859046 0.01427551748750892 0.04010909674314134 0.03141104294478528 0.0126984126984127 0.007343246716400474 0.001721255981364535 0.0008792943760331708 0.0001925604565390057
 0.03992015968063872 0.02162162162162162 0.06630648330058939 0.04325453053919009 0.03109086035915304 0.01245741216023534 0.007320952228682985 0.001775707180157904 0.0009248271303392948 0.000188907059317612
 0.08199306212551245 0.07051865332120109 0.06191332135010984 0.03931080628972901 0.03217083177918686 0.01311961667902573 0.007718964016489021 0.001796577710586621 0.0009260089598677464 0.0001889563562531427
 0.07798165137614679 0.06373486297004462 0.05343307507347048 0.04098071080336325 0.03098779557589626 0.01210798529104009 0.006944914967138695 0.001819194778910985 0.0009335079771173858 0.0001908516456481352
 0.08236101578586137 0.06902502157031924 0.05873715124816446 0.04291260813296097 0.03161380971497391 0.01035077630822312 0.006321112515802781 0.001412199859166918 0.0007173763287431075 0.0001454385490253426
 0.079155672823219 0.06891271056661562 0.06578947368421052 0.04520123839009288 0.03412182413427399 0.01232380805668952 0.007404602633682528 0.001851547459128979 0.0009514932618742475 0.0001947665821883178
 0.07326007326007326 0.07278481012658228 0.06633977502163253 0.04163890739506995 0.02897542883634678 0.01331095549510967 0.007688900403667272 0.00176552655870088 0.0009004036157077369 0.0001968169725414479
 0.0729442970822281 0.05884516366311144 0.04819277108433735 0.02885408079142622 0.02593415899227268 0.0133411754579753 0.007734145002744374 0.001854897781882948 0.0009523772502342071 0.0001948037491372977
 0.07142857142857142 0.05660377358490566 0.04960606944849723 0.0390353920888272 0.02682243547714133 0.01284841888868734 0.007284007746756475 0.001752107289909005 0.0009319917829391138 0
 0.08317025440313111 0.07364427583128766 0.06479481641468682 0.03486160997253328 0.03343288904738555 0.01224795994917097 0.006938317500835168 0 0 0
 0.08705114254624591 0.07697690692792163 0.06974096214062055 0.04616030214015947 0.03376649953954774 0.01110095337599582 0.006082561831924504 0.001727584589945458 0.0009538537135259347 0
 0.07828810020876827 0.06859035004730368 0.05991735537190083 0.04063205417607223 0.02912778467015481 0.01268867019785473 0.007268670340444234 0.001654606636511782 0.0008427794867472925 0.000196679181290128
 0.07233273056057866 0.0547945205479452 0.0588350656991567 0.03952875523174702 0.0304789550072569 0.01342244344397528 0.007864919999016885 0.00183378636770855 0.0009373361492473484 0.0001910106792876973
 0.0694980694980695 0.05983545250560958 0.06265457543281121 0.04575204931054203 0.03447793877836276 0.01361051017922893 0.007894365085300692 0.001820673265808714 0.0009291344281471005 0.0001890858455710024
 0.05780346820809248 0.03703703703703703 0.02616431187859759 0.04148267094874883 0.03170664460987042 0.01120704623301185 0.007480661257573141 0.001739652413624346 0.0008888758650666901 0.0001810772304337098
 0.06965174129353234 0.05545286506469501 0.04447485460143688 0.02555094219099329 0.01675715530531537 0.005050856903998885 0.003081328959054576 0.0008464159095412234 0.0004311565480430882 8.761057101185231e-05
 0.03992015968063872 0.02183406113537118 0.02589331952356292 0.008110300081103 0.005170630816959669 0.004546373004647403 0.003408495018353435 0.0007560088162258877 0.0003836547343486084 7.771642829643197e-05
 0.05494505494505494 0.03322259136212624 0.02275312855517634 0.01182906993937602 0.006681700492775411 0.006882422612759691 0.003804703675520714 0.0009256473746326338 0.0004709446757742134 9.5599762036259e-05
 0.078125 0.05901044030866999 0.04647836968180193 0.01915184678522572 0.01171234481143125 0.00503577134125165 0.004154045867589788 0.0009284278814629702 0.0004716628868126987 9.562928351950827e-05
 0.07230657989877078 0.05235602094240838 0.0400320256204964 0.01926534806062163 0.01151277918489523 0.006541429050654143 0.00375184242261825 0.0008905978040955883 0.0004522302323775218 9.165375046150652e-05
 0.06521739130434782 0.05555555555555555 0.04513217279174726 0.01879699248120301 0.01103578748226391 0.005792208651904809 0.00367953042183188 0.0008850238571648453 0.0004594986185711744 9.547847746041572e-05
 0.06841505131128849 0.04860267314702309 0.03595505617977528 0.01900658895083629 0.01888797072364538 0.00675219446320054 0.003725286714031027 0.0009075549118995897 0 0
 0.06535947712418301 0.04864864864864865 0.03694581280788178 0.01334717484799051 0.01381883507220341 0.006655728570101847 0.003923174018353631 0.0008868170785546423 0.0004510060375982164 9.748574320743215e-05
 0.07457627118644068 0.05632582322357019 0.04473503097040606 0.01877430602118814 0.01102535832414554 0.004601607022760256 0.002813628855125343 0.0007872382912704873 0.0004013791780146023 9.14564014411143e-05
 0.06389776357827476 0.05281690140845071 0.04731861198738171 0.0225894661752467 0.01523018345448252 0.005994793093998356 0.00351950618620895 0.0008865265312336787 0.0004511798844391 9.16106729620459e-05
 0.05995203836930455 0.03767897513187642 0.03763643206624012 0.0142918393597256 0.01656238498343762 0.005926413696600543 0.00342938543654318 0.0009164747797596545 0.000468559190251626 9.550114024382237e-05
 0.07425742574257425 0.05178365937859608 0.03875968992248062 0.01743796109993293 0.01023541453428864 0.006971352604529758 0.003831554185304653 0.0008370856182850646 0.0004239134506752054 8.57246524164384e-05
 0.05625879043600563 0.03997335109926715 0.02891566265060241 0.01823391508205262 0.01763453937366981 0.005953956073035195 0.003242951085487794 0.0007024897407227448 0.0003553330556471306 9.349467995378578e-05
 0.05847953216374269 0.03692762186115214 0.03104212860310421 0.01826817683595177 0.01891200355990655 0.006525285481239805 0.003997358267579686 0.0008905598717593784 0.0004522217852929611 9.552569581513868e-05
 0.05110732538330494 0.02843601895734597 0.01872659176029963 0.01048532055122828 0.01350438892640108 0.006414368184733804 0.003542738714162984 0.0008493765768965711 0.0004685793163232533 9.550195729271848e-05
 0.07153075822603719 0.05146680391147709 0.04503152206544581 0.03137528324908489 0.02166276346604215 0.006374145089324168 0.003771043771043771 0.0008715103273973796 0.0004424704798444864 9.551852930120435e-05
 0.05681818181818182 0.04507042253521127 0.03382663847780127 0.02747811927539182 0.01786896095301125 0.00481480821013963 0.002850338822534227 0.0009273821162087074 0.0004801614910484179 9.756693938285526e-05
 0.04983388704318937 0.02793296089385475 0.01846153846153846 0.02712308267863823 0.01842978252856616 0.006974365332754719 0.003910629089866256 0.0008711998745472181 0.0004786511805101054 0
 0.04878048780487805 0.02754820936639118 0.03250711093051605 0.01176816710797293 0.01628664495114007 0.006077629396015046 0.00382087063747753 0.0008688013437460784 0.0004417706954845145 8.962968598936634e-05
 0.07293354943273905 0.05079006772009029 0.03802281368821293 0.02057862244280353 0.01970609762963797 0.006204098058284986 0.003357866937716106 0.0009045123619896964 0.0004606533436571955 9.358864048959204e-05
 0.0755813953488372 0.05676855895196507 0.04794134235758601 0.02476361999099505 0.01587959127312897 0.00594883997620464 0.003199648952800607 0.000755872548259555 0.0003836196381778264 7.771540618255947e-05
 0.03992015968063872 0.03187250996015936 0.02194185408667032 0.01896408676069693 0.02172088660709878 0.00728768543110708 0.004007052412245552 0.0008758885402636229 0.0004435958073295828 9.750238681863243e-05
 0.05486968449931413 0.03896103896103896 0.02822201317027281 0.01546591055548396 0.01783378908572108 0.005328108349661407 0.00285088929353124 0.000877733615480168 0.0004764516216857441 9.741329918168852e-05
 0.06628003314001657 0.05878894767783657 0.05168986083499006 0.02925632314080786 0.02187465820846549 0.007005020264522909 0.003998542753307683 0.0008754795682523871 0.0004523227263654001 9.165807870320556e-05
 0.06445672191528545 0.05163511187607573 0.0494641384995878 0.02666940198994769 0.01729183293429104 0.006832045546970313 0.003748861952621526 0.0009184528661469754 0.0004690747793149749 9.552318646245401e-05
 0.03992015968063872 0.02219755826859046 0.01757469244288225 0.007796663028223921 0.01820991060589339 0.005582433941198363 0.003415180917019861 0.0007563093654370499 0.0003837313644306607 0
 0.06105006105006105 0.04474272930648769 0.03351487222454964 0.02760853008377761 0.01907373189485605 0.006748860101068295 0.0040709558950906 0.0009092316025690629 0.0004618737924948457 9.363542112431038e-05
 0.05854800936768149 0.0365764447695684 0.02570694087403599 0.01395283940281847 0.01675353685778109 0.005300776307239834 0.003387050770108385 0.0007930474880704381 0.00040288227878078 8.168425767040083e-05
 0.06134969325153374 0.04759386567953464 0.03998667110963012 0.02451701480827694 0.01614674158754763 0.005290373227298326 0.003881217494803481 0.0008697080679918441 0.0004600923708853548 9.356594756922636e-05
 0.06097560975609756 0.04798464491362764 0.03707823507601039 0.02249116418549855 0.01436290267423569 0.007275767051611505 0.004081349102971569 0.0009097419816890231 0.0004620054575623413 0
 0.0572737686139748 0.04294149221685453 0.03241491085899514 0.02252944188428059 0.01461696897216132 0.004070868510947096 0.002714318027595567 0.0009040860843839327 0.0004605418519857683 9.358157804823075e-05
 0.06610009442870632 0.04375 0.03191974464204286 0.02604166666666667 0.01930821426601203 0.006228282960729037 0.003405872441114258 0.0008868940200206684 0.0004512732773623666 9.161530732454424e-05
 0.05988023952095808 0.03695491500369549 0.03038194444444444 0.02094136418029518 0.01370667710984923 0.00431696914230457 0.00375097045456528 0.0008331573369191391 0.0004582732459103989 9.349053269115283e-05
 0.05847953216374269 0.03633720930232558 0.02549719530851606 0.02952340784479123 0.02058554437328454 0.006153740961692962 0.003438322822320144 0.0008717061614128614 0.000469803847106253 9.746997775496405e-05
 0.06009615384615384 0.051698670605613 0.04187855219862399 0.01798792239496338 0.01301637322737549 0.004625109203967316 0.002622251157407407 0.0008608831896296098 0.000439713775646306 9.344943331865978e-05
 0.06075334143377886 0.03965631196298744 0.0284765068818225 0.01834413599119481 0.01611403780601178 0.006095351059273171 0.003325483992737862 0.000721617515412385 0.000365103235406725 0
 0.06256517205422314 0.05181347150259067 0.0413880929640242 0.01715945089757128 0.0187389770723104 0.006356553769925352 0.003484756424461203 0.0008849114896138324 0.0004507589899470946 9.159226786039268e-05
 0.05277044854881267 0.03144654088050314 0.02922755741127349 0.02331908278274388 0.01539448364336113 0.00686084949791056 0.003836261388900998 0 0 0
 0.0731981981981982 0.0546218487394958 0.04493119910137602 0.0274273176083379 0.01847176897974263 0.007424364288807771 0.004166124202577789 0 0 0
 0.0546448087431694 0.03218020917135962 0.0367769976596456 0.01562296575966671 0.01792893621645116 0.005765492702533521 0.00314553020158355 0.0008058296015748213 0.000411009576523133 8.360764603866973e-05
 0.05966587112171838 0.04795117698343505 0.03761969904240766 0.0268910478834143 0.01841620626151013 0.005680489190363218 0.003673672885670051 0.0008641681325518693 0.0004405683135436574 8.95870930879576e-05
 0.05270092226613966 0.03134796238244515 0.03288271830471319 0.02003338898163606 0.01298257601639904 0.004607587160190448 0.003983320903112075 0.0009209640190869792 0.0004697275286753978 9.745268622363084e-05
 0.06012024048096193 0.04664179104477612 0.0429618397776093 0.0213747328158398 0.01415666711608467 0.006293977148021432 0.003465804066543438 0.0009163820473120414 0.0004685326630713292 9.74229250457838e-05
 0.05793742757821553 0.04067402672864614 0.03000428632661809 0.02280068402052062 0.01598011363636364 0.004660395270561836 0.004135186126450545 0.0009274752963090348 0.0004714155233203366 9.562042516028374e-05
 0.04878048780487805 0.02700270027002701 0.01786777843954735 0.02064992935550483 0.01309351526428227 0.005591185660253248 0.003052859361952393 0.0009183404058299311 0 0
 0.04893964110929853 0.02700270027002701 0.01784651992861392 0.02779367285212131 0.01937653160084345 0.005802839978154014 0.003726299005164824 0.0008319515842873368 0.0004225350728676473 9.736535315506467e-05
 0.07003891050583658 0.04815409309791332 0.03613006824568447 0.01786625829504849 0.01065854586981347 0.006648504897191412 0.003653244705022766 0.0007981420809705408 0.000470347528029773 9.557638634046181e-05
 0.05988023952095808 0.04219409282700422 0.03174603174603174 0.01355748373101952 0.007893905904641616 0.005984251968503937 0.003331550661488151 0.0009155413138017853 0.0004683155275867115 9.739993845914092e-05
 0.04761904761904762 0.03640776699029126 0.03155680224403927 0.02266956837141821 0.01788532351394003 0.006295094668539053 0.003661790092242236 0.0008136948721724103 0.0004130467706626647 9.539767813976118e-05
 0.05641748942172073 0.04244031830238727 0.03301540719002201 0.02249948864798527 0.0145714664193933 0.006980581292042137 0.004108217290459521 0.0009260938518944407 0.000471061143736457 9.560581721561999e-05
 0.06605019815059444 0.03891050583657588 0.03043478260869565 0.0273607927235081 0.02013085052843483 0.007085052114494442 0.003993471542174532 0.0009072570915654045 0.0004697417790295526 9.745541911796879e-05
 0.06802721088435375 0.0495458298926507 0.04191773644223212 0.02650389526945627 0.01955839209429204 0.006649988916685138 0.003693314221897836 0.0008314898751604968 0.0004224744624012466 8.758817790512568e-05
 0.06122448979591837 0.04847129008202834 0.03905076599579454 0.02452016572249937 0.01713600274176044 0.006985733579645125 0.004009999402766046 0.0009396225402024215 0.0004793788815014538 9.753578816978472e-05
 0.0591016548463357 0.03821656050955414 0.02754820936639118 0.027336860670194 0.02020739165115661 0.006972174684667554 0.003870854227148764 0.0009413717515470197 0.0004798337620827527 9.755458527455344e-05
 0.06230529595015576 0.04825090470446321 0.03831417624521073 0.02786128015250385 0.02011138613861386 0.007087172218284904 0.003945361132055621 0.000872889788935249 0.0004428266510791686 8.967996806595981e-05
 0.06798096532970768 0.04940304652120214 0.04381161007667032 0.02621786197564276 0.01808001866324507 0.005972328212614884 0.003960430137151418 0.0008886828175109153 0.0004517377171532667 9.163465263992462e-05
 0.04651162790697674 0.04513746409519902 0.03695281409891984 0.0259153987627487 0.01793358787458059 0.005313587357090211 0.00284646533280689 0.0006073929518905595 0.0003066125446071799 0
 0.04830917874396135 0.02652519893899204 0.01759530791788856 0.02309468822170901 0.01548083472660846 0.00641319285387082 0.003618942579444406 0 0 0
 0.06324110671936758 0.04280363830925629 0.0474847900281941 0.02862669245647969 0.0202750835662228 0.006875599616245603 0.00380170988532982 0.0009233894548924251 0.0004703595114532541 0
 0.03992015968063872 0.02525252525252525 0.02271694684234439 0.02344665885111372 0.01796860223188954 0.006108931901485436 0.003841977783345862 0.000898139513552352 0.0004589955809468005 9.352424218003019e-05
 0.04615384615384616 0.02566295979469632 0.02292526364053187 0.02076843198338526 0.01822480543788789 0.006385186367627105 0.003533163152641481 0.0008488915213100711 0.000431798420795412 8.763852613510315e-05
 0.05780346820809248 0.04162330905306972 0.03361344537815126 0.02338415489664204 0.01902406544278512 0.006663464071531512 0.003735914299863596 0.0008324138064541108 0.0004311164151494308 9.726199543106814e-05
 0.0694980694980695 0.04796163069544365 0.03927492447129909 0.02184650455927052 0.01450829495994449 0.00693598853249896 0.003897892539433679 0.0009050714813901898 0.000460799673714614 9.359572263564758e-05
 0.05115089514066496 0.03717472118959107 0.0277888050813815 0.02638986629134412 0.01809373723224187 0.006947486067269789 0.003984806864041781 0.0009203706792910844 0.0004695754255527294 0
 0.05056890012642225 0.03240440699935191 0.02315886984715146 0.01591632560254661 0.01792271376114705 0.007015134780142691 0.003997720448765385 0 0 0
 0.06382978723404255 0.04422604422604422 0.04673770798280052 0.02671347885818959 0.01898253606681853 0.007037943696450428 0.004002827529233415 0.0009061481185858691 0.000461076781056219 9.360787660490207e-05
 0.05095541401273886 0.03267973856209151 0.02328830926874709 0.02748978950675463 0.0193680482541088 0.006022282445046673 0.003658536585365854 0.0008135278052181998 0.000413002904787097 9.744299634429673e-05
 0.06185567010309279 0.04694835680751173 0.04475043029259897 0.02854138500826198 0.02037205811397631 0.006729159168088136 0.003756377105318331 0.0009166480472532069 0.0004686040188652168 9.550446553015026e-05
 0.04746835443037974 0.02604166666666666 0.02275830678197542 0.02557136007671408 0.01800622033065968 0.00707490366088632 0.004016991017324343 0.000906506401478184 0.0004611704309294252 9.361113932723467e-05
 0.05188067444876784 0.03749330476700589 0.02786624203821656 0.02493765586034913 0.01776868404049106 0.007276831459672988 0.004155782474471622 0.0009434343706618865 0.0004803681384558223 9.75772757260994e-05
 0.06779661016949153 0.05261427162117724 0.042976094547408 0.02722464219041693 0.01923393966038358 0.007163770011835794 0.004053226627111774 0.0009083371824926704 0.0004616424255282368 9.745902444709904e-05
 0.064 0.04396678065461652 0.03460207612456748 0.02488500113113642 0.01874150775429883 0.006407791874919903 0.004018047731058671 0.0009358288770053476 0.0004783871518879207 9.749526700272688e-05
 0.06853226727584238 0.05232177894048397 0.04452539971665655 0.02534624785009505 0.01771675340493855 0.006832571628125901 0.003864850473229469 0.0009365873052280686 0.0004785852628946985 9.750382254781865e-05
 0.0619962802231866 0.04793863854266539 0.03922594142259415 0.02446571202417788 0.01841027293229622 0.00676787719379201 0.003806689391448791 0.0008842650796030804 0.0004680369749210188 9.548145929088307e-05
 0.06181318681318682 0.04283674440742503 0.04054327995134806 0.02547162301997931 0.01791920069504779 0.005546218487394958 0.003495043006077965 0.0007903096471749321 0.0004021740942990351 8.165617849482967e-05
 0.05581395348837209 0.04840764331210191 0.04151017987744614 0.02699247052138088 0.01954789233622375 0.006460783046905286 0.003556061306496924 0.0008855861232504862 0.0004509339724832247 9.160275549053972e-05
 0.05313496280552604 0.04228329809725159 0.04654983570646221 0.02896218825422365 0.02048235956782221 0.006730984967466906 0.003717768276814404 0.0008164106312214864 0.0004586260733801717 9.542572796908206e-05
 0.05886200130804447 0.0485575549842902 0.0404767258826175 0.01998667554963358 0.01691868457227451 0.006544405277170437 0.003734954077041916 0.0008473238047920014 0.000468182146264004 9.548782241811372e-05
 0.06444053895723492 0.05025125628140703 0.0424201830765796 0.0245253164556962 0.01722700750208391 0.006551781932318568 0.003700388971119755 0.0008647759461609713 0.0004407271017785787 9.742519137091163e-05
 0.06389776357827476 0.04640371229698376 0.03675344563552833 0.02413819114430112 0.01720647773279352 0.005697263685641268 0.003520945330882984 0.0008069489835324767 0.0004761784444707908 9.740381075513e-05
 0.06001091107474086 0.04379105411323116 0.03750275755570263 0.02540806898675701 0.01951763557786142 0.006708729334717675 0.00371096856279489 0.0008680053237659857 0.0004415647878575571 0
 0.06375227686703097 0.05013787916771121 0.04268032437046521 0.02583574727941752 0.01823349600471926 0.007162381418736205 0.004118096934959281 0.0009414965568125921 0.0004798652460043873 9.756561835396449e-05
 0.05886681383370125 0.04243827160493827 0.0340522133938706 0.02594670406732118 0.01886023040065246 0.006419103251275797 0.003543334986889661 0.0008838148523164595 0.0004504751533574109 9.158397065490305e-05
 0.05336179295624333 0.0391644908616188 0.03317172748150039 0.02146454222735904 0.01675702316412025 0.005538000456070626 0.003036554760692692 0 0 0
 0.0398406374501992 0.01970443349753695 0.01260239445494644 0.0234617422235677 0.01794548452808226 0.006917501278233932 0.003991949568370453 0.0009208915765280085 0.0004697105213199648 9.555098680281621e-05
 0.06909258406264394 0.05115089514066496 0.04195070791819612 0.02825080436317979 0.02011138613861386 0.006900069000690006 0.003923508640248375 0.000886841014469004 0.0004512679648795801 9.547680619739948e-05
 0.06359300476947537 0.04656160458452722 0.03743161531816873 0.01621351958094288 0.009724715739078396 0.007124833011726288 0.004069658996489919 0.0009241468007192942 0.000470563784430809 9.558662607686798e-05
 0.05997818974918211 0.04720853858784893 0.04108885464817668 0.02677753505743077 0.01942938950812967 0.00716974368166338 0.004121803499327052 0.0009417046391445477 0.0004799272861189358 9.755984898531784e-05
 0.05257623554153523 0.04307869040781161 0.04007052412245552 0.02375095427941301 0.01669541988981023 0.006748167793976867 0.004151416564999322 0.0009432418645389184 0.0004803262297331739 9.757632360291614e-05
 0.060790273556231 0.04258943781942078 0.03299241174529858 0.02272107607016268 0.01704575720449582 0.006068527681822426 0.003395970115462984 0.000755380634364783 0.0003921126539654843 0
 0.06860371267150928 0.05341880341880342 0.04491354143274197 0.02371072910491998 0.01953397516394586 0.007148071541550067 0.004040265110161697 0.0009237679725794874 0.0004704655452597656 9.559218462196578e-05
 0.04901960784313726 0.0407000407000407 0.0343878954607978 0.01678227791452227 0.01951964694899432 0.007111935683364255 0.003991046174669004 0.0008902410230804662 0.0004604164319685741 9.741608796871551e-05
 0.04796163069544365 0.04830917874396135 0.04354926510615133 0.02664433617539586 0.01910828025477707 0.006538233460550124 0.003695904422192617 0.0008304364619544226 0.0004395402604227205 9.343102375155776e-05
 0.04848484848484848 0.04855393709098586 0.04172926055750292 0.02373778873368027 0.01593723182542601 0.0060471037555697 0.003994839998335484 0.0009202277563697015 0.0004695460272493211 9.74586949166937e-05
 0.05594405594405594 0.04546602677443799 0.03840983291722681 0.02632490474541046 0.01919579713073348 0.0072548100902317 0.004111736437694344 0.0009262922258995165 0.0004711198617263206 9.561002582665822e-05
 0.05565862708719852 0.03852739726027397 0.02976190476190476 0.02571737953438008 0.01886136893830347 0.007153946847697038 0.004042211003414379 0.000907838899158414 0.0004615232033245382 0
 0.06756756756756757 0.04806641905178064 0.04153294317538229 0.02320599785790789 0.01773533424283765 0.006341058352834604 0.003595582569985446 0.0008437685772911194 0.0004304757245933717 0
 0.04716981132075472 0.0337126000842815 0.03780105842963603 0.02562225475841874 0.0193032447835279 0.00675888085507702 0.004002501563477173 0.0009346489630165128 0.000478087960379192 9.749536399595693e-05
 0.06584362139917696 0.04195070791819612 0.04277917096916949 0.02606223345443058 0.01954335287668621 0.006599916293744568 0.003638106055228225 0.0009002796613416082 0.000459561070288399 9.354644939475447e-05
 0.06293706293706294 0.04180213655364607 0.03322259136212624 0.02129109180718787 0.01702369130373103 0.006698422149449241 0.003891662733603266 0.0009000193408411543 0.0004594932278519376 9.354365662551807e-05
