# Created by Octave 3.0.1, Tue Sep 08 13:44:47 2009 PDT <jwawerla@daneel>
# name: prtA
# type: matrix
# rows: 100
# columns: 10
 243 314.8 367.5 745.4 818.9 936.7 997.5 1650.8 1718.4 1877.8
 232 408.5 432.6 765.5 1373.2 1714.6 1776.5 2207.4 2275.5 2435.3
 389.6 511.7 566 1038.5 1090 1633.3 1698.6 1855.8 1924.6 1946.8
 243.8 518.9 590.5 910.8 1341.5 2099 2164.8 2965.5 3034.2 2166.9
 395.3 811.2 897.9 1051.9 1194.3 1876.9 1943.5 2102 2171 2137.5
 40.1 102.1 150.9 903.5 951.8 1532.6 1595.4 1746.1 1814.8 3462.5
 66.5 149.1 420.8 579.7 625.2 1288.1 2021.7 2102.6 2169.7 2721
 82.5 154 621.9 790 966.5 1271.5 1334.5 2485.7 2925.1 3173.5
 79.59999999999999 135.5 151.9 712.5 759.3 1499.2 1562.3 2626.7 2695.3 2944.4
 101.5 180.7 271.2 757.6 805.7 936.5 2383.6 2936.2 3004.9 2315.7
 69.7 207.2 253.8 915.9 964.9 1798.9 2061.7 2247.9 2316.7 3856.4
 179.5 225.2 243 722 1038.6 1901.1 1964.8 2656.2 2724.9 2929.6
 75.7 143.4 198.9 955.6 1126.3 1496.4 1555.3 1722.4 2127.3 3770.3
 76.3 110.9 122.3 620.3 1017.1 1142.4 1201.5 2007.6 2076.2 2134.2
 52.5 113.8 124.9 585.2 1195.4 1318.7 1378.2 2474.4 2542.8 2740.6
 68.40000000000001 97.59999999999999 176.7 452.4 784.8 1787.1 1846.4 2181.4 2249.7 2900.2
 68.5 79.2 216.7 548.2 895.1 1456.3 1827.7 2092.9 2161.6 3016.6
 118.5 133.5 200.9 656.6 937.2 1213.6 1273 2046.7 2114.9 2301.2
 67.2 77.40000000000001 142.9 629.8 712 1629.4 1805.6 2178.4 0 0
 78.7 122.8 134.6 565.4 709.8 1583 1642.2 1807.9 1826.1 1985.3
 140.3 157.3 207.4 863.9 945.7 1367.8 1427.3 1592.3 1660.6 1839.7
 86.3 295.5 310.9 478.7 517 1433.8 1606.7 1953.7 2022 2678.3
 54 62.4 140.4 631.2 669.2 1510.5 1569.8 2383.2 2451.4 2648.6
 208.8 400.3 416 827.2 933.6 1250.8 1310.3 1702.2 1770.4 1958.5
 68.59999999999999 78.8 108.3 372.8 1196.2 1705.1 1764.8 1974.7 2043.1 2206.2
 116.7 131.8 143.9 721.5 828.7 1268.1 1328 1982.4 2049.6 1913.6
 64.40000000000001 134.3 431.7 511.4 548.7 877.7 1672.4 2054.8 2123 2298
 51.9 59.2 65.5 724.4 761.5 876 1557.6 1716.1 1784.2 3303.7
 40.1 79.3 142.9 1018.8 1055.8 1221.1 1278.5 1436.8 1810.6 2618.3
 128.2 192.3 293.8 535.4 572.3 1385.8 1633.5 2136.1 2204.2 2376.9
 64.40000000000001 73.40000000000001 135.5 800.2 836.9 1413.6 1776.3 1933.7 2001.8 2176.3
 61.3 134.4 145.7 474.3 510.6 1312.2 1693.7 1854.9 1922.9 2096.9
 68 77.59999999999999 85.5 204.3 895.4 1309.7 1365.9 1934.2 2002.1 2174.5
 75.2 162.3 174.8 444.9 479.7 1489.1 1545.4 1702.6 1770.3 3315.8
 53.7 186.6 200 318.4 718.7 830.2 886.5 1043.5 1111.2 2277.9
 92.7 198.2 250.1 797.5 866.8 1651.7 1843.5 2000.3 2068.1 2207.2
 65.90000000000001 76 104 751.6 786.7 963.4 1465.1 1622 1689.8 2866.7
 66.7 76.3 156.7 644 719.4 1102 1582 1738.1 2340.1 3022.9
 180.7 214.4 226.9 732.7 767.3 1007.3 1679.7 1835.7 1903.4 2724.5
 63.9 73.2 178.8 344.7 377.7 1415.4 1472.1 1625.9 1693.6 2969.5
 52.9 60.9 120.6 595.6 895.7 1196.8 1471.9 1625.3 1693 3174.4
 73.7 118.1 147.6 233.6 265 1355.3 1412.1 2440.9 2508.6 3102.1
 54.4 125.4 155 373.3 923.3 1125.2 1688.8 1841.8 1909.4 2080
 136.2 152.2 163.9 337.7 904.8 1193.7 1561.3 1714.2 1781.7 1952
 180.2 198.3 211 431.3 597.2 1248.9 1401.7 2091 2158.5 2090.3
 82.2 169.9 200.4 661.7 831.3 939.5 1413.8 2337.4 2404.4 2572.2
 40.1 184.3 195.9 370.1 513.3 1094.9 1151.2 1748 2857.7 3026.2
 81.59999999999999 108.9 117.9 571.1 733.9 1136.3 1192.7 2137.5 2204.4 2374.7
 160.8 193.4 256.1 491.7 524.7 1027.4 1083.8 2041.1 2108 2276.1
 109 138.9 148.8 236 822.2 1203.4 1259.8 2058.5 2392.1 2560.1
 101.1 130.6 140.3 284.3 640.8 1430.6 1697.4 2151.4 2218.3 2386.2
 169.2 185.4 388.9 481.6 514.8 1167.1 1223.5 2287.6 2354.5 3074.4
 77.5 88 95.59999999999999 220.2 619.6 1179.1 1236.2 1721.1 1788 1954.3
 76 86.3 164.7 301.1 696.2 1086.2 1143.3 1542.8 1609.2 1776.4
 74.8 214.8 291.3 379.9 638.9 1426.3 1849.4 2001.3 2068.2 2234.5
 117.9 131.8 141.9 273.3 304.3 1161.2 1218.5 1370.4 2053.2 2219.4
 125.2 139.8 150.2 536.1 812.7 1011.3 1565.2 1865.7 1933.2 2099.2
 101 182.1 211.9 255.4 286.2 785.6 1738.8 1890.4 1958 2123.9
 75.09999999999999 146.2 156.9 283.5 558.3 1463.2 1520.4 1909.8 1977.3 2143.1
 64.8 149.4 288.3 361.1 393.7 958 1738.5 1890.4 1957.9 2652.4
 108.8 121.9 131.5 691.7 790.8 1265.7 1690.5 1716.5 1782.9 2350.5
 79.2 105.9 239.5 525.5 818.9 1085.8 1143 1293.9 1361.5 2746.2
 99.09999999999999 111.5 120.5 617.7 821.3 1119 1176.3 1889.3 1956.9 2122.7
 106.6 180.5 191.9 457.1 790.5 1217.7 1274.9 1804.8 1872.4 2565.7
 40.1 41.7 45.5 313 808.9 1601 1659.3 2126.9 2194.5 2360.9
 65.3 74.59999999999999 81.40000000000001 840.9 873.8 1346.2 1515.8 1802.3 2180.2 2783.4
 80 124 133.7 341.7 825.1 1494.3 1552.8 1704.7 1772.3 2531.3
 65.5 74.8 120.9 827.6 922.3 1298.2 1356.7 2081.8 2438.7 2605.2
 100.8 144.8 155.3 417.4 755.6 917.2 975.7 1851.1 1918.7 2085.2
 80.5 139.1 149.4 483.6 516.3 1017.9 1076.4 2014.5 2082.1 2248.6
 119.5 133.7 199.3 766.1 838.6 999.8 1058.5 2006.7 2074.3 2240.9
 51.2 58.8 64.40000000000001 725.7 759 1518.9 1679.3 1830.8 1898.4 2063.6
 220.5 239.8 252.5 606.9 792 1396.8 1572.8 1725.9 1793.6 2761.3
 153.5 170.3 297.9 368.8 761.2 1226.3 1585.6 2007.3 2075 2926.6
 155 202.8 214.7 261.5 822.8 1152.1 1210.6 2007.7 2076.1 2239.6
 75.59999999999999 223.8 236 436.4 469.8 1022.9 2146.8 2298.8 2807.8 2970.4
 51.3 59.4 65 329.9 601.2 1541.5 1599.9 2331.2 2397.9 2558.9
 77.7 89.40000000000001 150.9 599.6 670 1326.3 1385 1894.6 1961.9 2121
 40.1 68.5 75 613.2 834.2 946.2 1457.2 1609 1677.4 2248.5
 156.1 283.2 296.5 447.6 780 1080.3 1139.1 1951.7 2020.2 2623.3
 87.8 146.3 157 452.6 645.9 1727.5 1786.3 1937.9 2006.3 2660.1
 78.7 90.8 231.1 729.9 764 1022 1504.6 1654.9 2203.2 2749.2
 118.5 133.8 144.1 272.2 1108.6 1221.2 1280.3 1430.8 1500 1664
 137.4 187.7 199.8 673.5 707.8 1028.3 1618.2 1767.4 1836.6 2000.6
 40.1 65.09999999999999 71.5 681.5 862.5 1216.7 1971.7 2331.4 2400.6 2564.5
 172.2 191.6 259.2 602.5 636.9 1488 1547.2 1911.8 1979.4 2670.7
 77.2 138.3 149 434.2 931.9 1045.1 1627.4 1759.1 1826.5 1985.7
 153.2 190.1 277.4 742.4 942.4 1323.4 1382.7 1727 1796.3 2364.9
 148.6 264 297.5 394.6 493 1215.6 1275.2 2405.7 2474.9 2987.8
 79.09999999999999 169.3 181.8 635.6 834 1376.2 2096.5 2441.3 2510.5 2672
 83 156.4 168.6 841.3 876.3 1409.1 1582.7 1731.7 1800.9 2256.6
 138.4 235.7 460.5 709.8 744.9 1137.1 1390.1 1696.2 1765.4 2550.9
 76.59999999999999 183 217.5 661.6 696.9 1009.8 1460.6 2103.8 2173 2335.4
 75.40000000000001 105.2 115.2 630.8 880.7 1320 1380 2065.8 2135.1 2297.5
 161.4 244 318.1 585.1 787.5 1574 1634.1 2309 2378.3 2540.8
 132.5 166.6 266.7 317.7 904.7 1488.8 1548.9 2011 2080.3 2710.7
 168.1 206 220.7 682.1 717.3 1574.8 1634.9 1782.4 1851.7 2014.2
 53.2 62.7 69.90000000000001 429 509.4 1105.9 1166 2111.9 2179.1 2338
 55.1 65 114.7 456.6 1026.9 1271.2 1695.2 1823.9 1891.3 2050.5
 74.8 164.5 177.9 567.1 603.3 1396.7 1456.9 1603.1 1988.9 2017
# name: prtB
# type: matrix
# rows: 100
# columns: 10
 394.2 493.1 546.7 1207 1392.7 1581.6 1951.4 3125.5 3193.7 2692.5
 388.3 877 980.8 1403.8 1906.9 2394.7 2459.5 3475.3 3543.9 3704.1
 40.1 710.6 737.3 1042 1656.1 1784 2246 2398.1 2466.6 0
 201.1 431.9 1112.6 1240.3 1390 1930.4 2936.9 3086.4 3154.6 3192.6
 211.8 834.2 1007.7 1536 1965.3 2089.3 2151.4 2301.9 2370.3 0
 118.3 1026.7 1127.2 1314 1775.6 1902.3 1964.9 2116 2184.4 2204.3
 55.6 739.2 1133.5 1552 1718.6 2182.6 2245.5 3329.5 3398.3 3558.7
 192.3 284 326.5 1628.2 1831 2060 2123.4 2303.9 2372.6 3222.7
 326.5 504.5 527.8 1479.1 1526.5 2317.7 2381.3 3028 3096.7 3072.5
 449.8 830.4 933.3 1089.8 1139.3 2401.2 2682.4 2533.6 3345.7 3506.3
 513.3 601.2 1126.8 1234.7 1805.4 1937.2 2001.3 1999.1 2066.3 3225.3
 165.5 279.6 298.2 1516 1601.9 2328 2388.8 3937.9 4006.3 4734.5
 364.7 416.8 932.7 1218.3 1262.1 1390 1451.2 3052.4 3120.9 3324.2
 384 415.3 689.2 1217.2 1260.3 2230.9 2289.9 2657.2 2725.7 0
 592.2 860.5 917 1347.6 1657.9 1783.6 1843 1875.5 1942.9 2941
 149.9 700.8 1048.5 1164.9 1207.2 2211.2 2698.2 2861.9 2930.3 2954
 220.7 381.8 397.7 1400.4 1781.8 2522.7 2581.9 2743.8 2812.1 3007.3
 260 280.8 668.4 1351.5 1660.5 2212.9 2724.3 2886.4 2954.7 3150.1
 248.9 622.9 639.7 930.8 1018.1 2198.6 2404.5 2453.4 2520.3 3520.8
 56.7 253.9 602.6 1283.9 1587.8 1794.9 1854.3 3403.2 3471.5 2911
 213.5 428.5 994.7 1419.9 1458.3 1892.5 2076 3129.2 3197.5 3240.3
 129.7 389.7 637.1 1518.2 1661 2132.2 2341.9 2832.1 2900.4 3119.9
 442.8 465.2 870.5 1036.5 1485.1 1599.2 1945.9 3005.4 3073.6 3125.5
 77.90000000000001 544.1 638.2 1406.3 1484.8 2816.3 2875.8 3038.4 3106.6 2982
 207.6 700.9 717.5 1039.9 1643 2060.5 2120.2 2883.4 2951.6 2993.7
 212.9 534.4 608.3 1165 1272.2 1480.2 2867.5 3295.9 3892.7 3939.5
 41 695 711.4 1165.4 1203.4 1787 2450.3 2611.1 2679.4 2856.4
 279.6 504.7 739.2 1388.8 1466.8 2301.4 2360.7 2520.4 2588.6 2764.6
 365.8 385.6 401.4 1323.4 1361.2 1477.6 2760.5 2920.3 2988.5 3164.5
 261.9 344.7 487.3 1319.5 1572.1 1685.8 2799.2 2768.9 2835.9 4028.8
 246.1 709.2 724.6 1180.2 1324.6 1898.2 1955.2 2921.9 2988.4 3146.8
 356.7 377 757.7 1271.6 1472.6 1742.5 1799.3 1959.3 2027.2 3893.2
 337.6 582.7 598.3 1409 1444.1 1976.5 2032.8 2190.1 2911.1 3083.2
 519 597.8 683.6 1252 1578.8 1973.4 2029.7 2186.2 2254 3086.2
 235.3 254.8 613.7 1200.4 1643.6 2424 2480.1 2636.5 2704.2 3024.8
 217.3 270.2 453.7 899.4 1921.1 2032.1 2088.5 2909.3 2977.1 3051.2
 82.40000000000001 94.3 681.7 1186.3 1286.8 2173.4 2229.8 2386.3 2454 3375.1
 246.5 282 297.1 1059.9 1094.8 1552.1 1608.7 3360.7 3428.5 3603.8
 89 336 680.8 1659 1807.4 2059.1 2115.7 2272.7 2719.6 2895
 143.3 637.3 1004.6 1527.2 1562 2040.7 2097.2 2587.9 2655.7 2830.2
 552.1 783.1 866.9 1272.7 1307.2 1841.1 2379.5 2939.6 3007.2 3651.4
 99.2 272.2 339.5 452.1 1396.6 2026.6 2083.1 2972.1 3039.7 3212
 154.1 170.8 182.8 1121 1155 1972.7 2029.4 2741.7 2809.3 2981.3
 125.6 583.6 960.3 1033.2 1214.4 1542.9 2194 3018.8 3885.8 4486.9
 40.1 48.9 54 1044.6 1152.9 1988.4 2204.9 2357.9 2425.5 3808
 204.9 384.8 608.4 1332.9 1366.4 1791 1847.6 2000.3 2720.7 2805.4
 40.1 707.1 721.8 801 955.9 1446.3 1502.9 2722.7 3189.3 3358.7
 240.5 258.7 337 909.7 943.2 1981.5 2038.1 2190 3815.4 3984.3
 364.4 383.8 398.3 1156.9 1190.3 1849.8 2072.5 2625.8 2692.8 3792.8
 329.6 397.5 411.9 1491.8 1525.2 2167.8 2434.4 2586 2653 2821.1
 104.2 117 952.2 1078.5 1112 1693.1 1749.6 2335.5 2402.6 3293.6
 216.7 586.2 684.9 1216.9 1280.8 1821.1 1877.5 3133.2 3200.1 3368.4
 239.7 347.5 541.2 1044.5 1145.6 2014.3 2316.2 2780.4 2847.3 3576.4
 132.6 254.8 874.8 1074.6 1447.5 2005.7 2062.5 2670.1 2737.1 2826.9
 136.5 182 193.3 1299.9 1333.3 1999.3 2056.2 2208.3 2275.2 3346.6
 102.1 207.6 325.5 499.7 1709.3 1865.7 1922.6 2074.8 2898 3589.4
 323 388.2 676.6 1126.9 1195.3 2062.5 2119.5 2767.8 2834.7 3480.7
 370.3 498.7 512.2 809.7 1329.9 1791.7 1848.6 2679.6 2746.4 2912.7
 41.5 381.8 395.4 1140.5 1210.2 1976.6 2271.5 2206.8 2273.2 3062.2
 352.8 418.4 509.3 1289.2 1711.4 1867.7 1924.8 2710.6 2777.3 2935.8
 134.4 324 337.6 925.8 1029.1 1300.5 1982.9 3797.2 3864.1 4030.3
 156.5 244.4 609.4 1310.3 1413.4 1666.8 1912.7 3000.5 2324.2 2483.1
 276.3 295.6 362.4 1044.6 1777.6 2163.7 2221.3 2693.6 2690.6 3178.2
 300.8 320.3 333.7 1231.6 1264.7 1775.7 1833.3 1984.8 3145.6 3311.5
 40.1 571.9 586 817.6 1080.2 1999 2357.7 2908.3 2975.8 3141.7
 185.2 401.5 841.7 1066.8 1259.5 1595.5 2168.4 2604.2 2671.7 2837.8
 159 378.5 660.5 1089.3 1214.5 1381.9 1439 2988 3055.5 3221.5
 246.7 265 592.3 1386.4 1835.8 1945.2 2269.4 2348.4 2415.3 2878.5
 506.8 711.2 879.2 929.7 1539.8 1924.4 2364.9 2919 2985.5 3065.7
 292 311.3 649.3 997.7 1031.2 1549.7 1563.9 1712.9 1780.4 1939.6
 249.1 282.8 349.8 400 1559.2 1745.6 1803.9 2580.1 2646.7 2808.6
 379.2 415.7 429.6 1253.1 1347.7 1681.7 2385.3 2598.6 2665.2 2827.1
 166.1 416.3 668.1 1076.4 1109.9 2212.6 2271.2 2344.2 2411.1 2569.9
 103.1 426.5 1009.8 1482.6 1516.2 2100.9 2159.4 2525.9 2593.6 2757.1
 310.9 456.9 545.3 1124 1157.7 1652.7 2442.9 2749.9 2817.5 2981
 257.3 333.9 347.1 1390.9 1424.6 1728.7 2032.4 2185.8 0 0
 296.8 550.9 751.4 1032.6 1066.3 1275.3 1839.8 2391.9 2392.9 2551.7
 254.6 334.8 545.5 1054.4 1840.5 1952 2010.5 2647.4 2715.8 3595
 215.5 235.1 393.6 776.9 883.1 1736 1794.6 3482.1 3550.5 3713.1
 117.5 420.2 434.4 1345.1 1460.4 1922.4 2189.7 2341.4 2409.9 2573.1
 124.5 140.5 653.3 1154.7 1313.7 1425.8 2446.6 3051 3119.4 3282.6
 201.2 458.3 876.4 930.6 1005.1 1860.9 2638.4 2788.8 2857.2 4256.3
 55.8 377.4 391.2 1340.4 1812.5 1924.9 1983.7 2667.4 3110.8 3272.5
 41.5 721.5 735.7 908.9 1566.8 1896.5 2301.3 2732.8 2717.1 2875.7
 234.9 367.8 381.9 1115.6 1573.7 1816.6 2291.2 2440.4 2509.6 3439.9
 223.4 244.4 378.8 1469 1503.2 2050.7 2109.8 2742.2 2811.4 2975.3
 155.5 174.3 269.6 1099.4 1133.7 2725.9 2785.2 2934 3676.2 3840.1
 188.5 670 684.6 1368.2 1616.4 2347.7 2407.1 2555.9 2625.2 2788.3
 42.9 68.40000000000001 75.09999999999999 1213.8 1377.5 1805.8 1865.4 3131.5 3200.8 3363.2
 265.9 694.9 710 1628.4 1663.3 1776.8 1943.5 2092.4 2161.6 3143.6
 572 611.6 627 1293.3 1328.3 1493.8 1694.2 2615.7 2685 3319.4
 369.9 428.5 443.8 1290.8 1734.5 1848.1 1907.8 2056.7 2126 3453.6
 40.8 628 643.5 1205.8 1240.8 1862.7 1922.6 2828 2897.2 0
 354.8 471.3 486.8 1332.2 1529.3 2400.5 2460.5 2608.3 2677.6 2840.4
 93.59999999999999 366.7 866.8 1156 1567.9 1773.4 1981.4 2957.6 3026.9 3189.4
 236.5 290.9 306.9 971.9 1007.2 1122.5 1182.6 2866.3 2935.6 3098.1
 240.9 320.7 729.6 1006.8 1390.8 1714 2287.1 2882 2951.3 3113.8
 402.7 649.2 726.4 1112.3 1147.6 1884.6 2092 3330.2 3399.4 3090.7
 288.2 502.2 934.3 1456.8 1695.5 1811.3 1871.4 2955.7 3327.8 3491.2
 237.2 342.9 397.6 1593.4 1783.6 1961.6 2639.2 2785.4 3167.8 3226.7
# name: collectedA
# type: matrix
# rows: 100
# columns: 10
 17 20 22 34 35 35 35 39 39 39
 13 20 20 30 45 47 47 49 49 49
 24 28 29 41 41 47 47 47 47 47
 14 25 26 30 34 41 41 46 46 46
 21 36 38 39 40 46 46 46 46 46
 2 5 6 27 27 39 39 39 39 48
 4 8 23 26 26 38 48 48 48 49
 5 8 34 37 40 42 42 47 48 48
 5 7 7 25 25 43 43 47 47 47
 6 9 12 31 31 31 46 49 49 45
 4 11 12 34 34 41 42 42 42 45
 13 14 14 29 35 46 46 48 48 48
 5 8 10 37 40 43 43 43 44 49
 5 6 6 26 37 37 37 49 49 49
 3 6 6 23 40 40 40 48 48 48
 4 5 9 19 27 47 47 48 48 49
 4 4 11 24 35 44 48 45 45 49
 8 8 11 29 37 40 40 46 46 46
 4 4 7 30 31 46 47 48 0 0
 5 7 7 24 27 48 48 48 48 48
 10 10 12 38 39 45 45 45 45 45
 7 20 20 24 24 46 47 48 48 49
 3 3 7 30 30 45 45 49 49 48
 15 26 26 40 42 45 45 46 46 46
 4 4 5 14 39 47 47 48 48 48
 8 8 8 35 37 43 43 48 48 39
 4 8 26 27 27 31 48 49 49 49
 3 3 3 34 34 34 43 43 43 49
 2 4 7 44 44 45 45 45 46 49
 9 12 17 25 25 43 45 47 47 47
 4 4 7 33 33 43 49 49 49 49
 4 8 8 22 22 44 48 48 48 48
 4 4 4 8 36 43 43 48 48 48
 5 10 10 21 21 47 47 47 47 49
 3 11 11 14 31 31 31 31 31 47
 6 12 14 36 37 48 49 49 49 49
 4 4 5 35 35 36 42 42 42 49
 4 4 8 32 33 39 43 43 45 47
 14 15 15 36 36 39 46 46 46 48
 4 4 10 15 15 46 46 46 46 49
 3 3 6 25 34 39 42 42 42 48
 5 7 8 10 10 38 38 48 48 49
 3 7 8 15 35 37 45 45 45 45
 10 10 10 16 39 42 46 46 46 46
 14 14 14 22 26 39 40 44 44 41
 6 11 12 33 38 38 43 48 48 48
 2 12 12 17 21 35 35 41 49 49
 7 8 8 29 33 41 41 47 47 47
 12 13 16 25 25 34 34 44 44 44
 8 9 9 11 33 40 40 48 49 49
 8 9 9 13 25 41 45 47 47 47
 12 12 24 26 26 42 42 48 48 49
 5 5 5 10 27 38 38 41 41 41
 5 5 9 13 26 34 34 45 45 45
 5 14 18 20 29 45 49 49 49 49
 9 9 9 14 14 41 41 41 48 48
 9 9 9 28 35 36 46 47 47 47
 7 12 13 13 13 23 48 48 48 48
 6 10 10 14 23 45 45 47 47 47
 4 9 17 18 18 32 44 44 44 48
 8 8 8 32 34 42 47 43 43 44
 5 6 14 25 33 36 36 36 36 47
 7 7 7 29 35 38 38 46 46 46
 7 11 11 21 33 42 42 45 45 48
 2 2 2 13 31 46 46 48 48 48
 5 5 5 37 37 45 46 47 48 49
 5 7 7 15 34 46 46 46 46 48
 4 4 6 35 37 43 43 48 49 49
 7 9 9 20 32 33 33 41 41 41
 5 8 8 22 22 30 30 47 47 47
 9 9 12 35 36 37 37 47 47 47
 3 3 3 32 32 46 47 47 47 47
 16 16 16 30 35 46 47 47 47 49
 11 11 18 19 31 40 43 45 45 49
 11 13 13 13 34 39 39 46 46 46
 5 14 14 19 19 29 45 45 47 47
 3 3 3 14 25 42 42 47 47 47
 5 5 8 27 28 43 43 49 49 49
 2 3 3 27 33 33 39 39 39 49
 11 18 18 22 35 39 39 46 46 47
 6 9 9 20 25 46 46 46 46 49
 5 5 13 36 36 38 45 45 48 49
 9 9 9 13 43 43 43 43 43 43
 10 12 12 31 31 36 46 46 46 46
 2 3 3 28 32 38 46 47 47 47
 13 13 16 30 30 48 48 44 44 48
 5 8 8 20 38 38 48 48 48 48
 11 12 16 33 38 42 42 43 43 44
 10 16 17 19 21 39 39 48 48 49
 5 10 10 27 32 39 47 48 48 48
 5 9 9 36 36 46 47 47 47 46
 10 15 27 37 37 42 44 45 45 48
 5 11 12 31 31 34 42 45 45 45
 5 6 6 31 38 44 44 49 49 49
 12 16 19 28 32 45 45 49 49 49
 9 10 15 15 34 44 44 46 46 48
 13 14 14 29 29 48 48 48 48 48
 3 3 3 19 20 34 34 47 47 47
 3 3 5 20 37 40 44 44 44 44
 5 10 10 25 25 39 39 39 40 48
# name: collectedB
# type: matrix
# rows: 100
# columns: 10
 39 45 47 80 85 86 90 99 99 98
 28 60 64 77 89 94 94 99 99 99
 2 54 54 65 85 85 89 89 89 0
 17 31 67 69 71 79 95 95 95 95
 16 60 69 85 95 95 95 95 95 0
 8 74 78 82 95 95 95 95 95 95
 3 48 70 84 86 91 91 99 99 99
 14 18 19 91 95 96 96 96 96 99
 28 36 36 75 75 89 89 93 93 93
 39 62 66 68 68 89 91 91 95 95
 42 45 73 74 89 89 89 89 89 96
 13 18 18 79 80 89 89 98 98 99
 33 34 64 74 74 74 74 99 99 99
 31 31 47 70 70 94 94 95 95 0
 47 63 65 78 85 85 85 85 85 99
 11 50 71 73 73 91 96 96 96 96
 18 28 28 74 85 98 98 98 98 98
 20 20 44 73 81 87 96 96 96 96
 19 45 45 58 59 92 93 93 93 97
 3 17 39 67 75 76 76 92 92 94
 17 31 66 83 83 89 90 96 96 96
 10 29 44 84 87 96 97 99 99 99
 40 40 64 69 84 84 88 97 97 97
 5 39 43 76 77 98 98 98 98 98
 15 50 50 62 84 90 90 97 97 97
 16 37 40 68 70 72 96 97 99 99
 2 52 52 73 73 85 94 94 94 94
 23 37 50 77 78 98 98 98 98 98
 28 28 28 74 74 74 99 99 99 99
 21 25 34 74 82 82 98 93 93 98
 20 53 53 74 77 88 88 98 98 98
 29 29 54 77 82 86 86 86 86 98
 28 45 45 86 86 94 94 94 97 97
 42 46 50 77 86 92 92 92 92 99
 20 20 42 71 85 97 97 97 97 95
 16 18 28 49 93 93 93 98 98 98
 5 5 47 69 71 91 91 91 91 95
 22 23 23 64 64 70 70 98 98 98
 6 23 46 87 90 92 92 92 94 94
 10 45 67 88 88 97 97 99 99 99
 45 59 63 78 78 87 96 98 98 99
 7 20 23 26 78 93 93 99 99 99
 14 14 14 66 66 84 84 94 94 94
 9 43 66 67 72 77 87 93 98 99
 2 2 2 64 66 88 90 90 90 97
 17 29 43 84 84 89 89 89 96 96
 2 58 58 59 63 75 75 94 96 96
 19 19 23 53 53 86 86 86 99 99
 30 30 30 66 66 83 85 87 87 99
 26 29 29 84 84 95 97 97 97 97
 7 7 66 70 70 84 84 90 90 98
 17 45 50 75 76 90 90 99 99 99
 19 26 39 68 70 92 94 96 96 98
 10 18 60 68 81 94 94 99 99 99
 10 12 12 77 77 89 89 89 89 96
 7 13 20 27 86 87 87 87 92 96
 26 29 47 69 70 91 91 95 95 97
 33 40 40 54 76 88 88 94 94 94
 2 29 29 68 69 86 90 96 96 99
 31 34 39 74 89 90 90 98 98 98
 10 24 24 59 61 65 82 99 99 99
 12 17 44 80 82 85 87 96 96 96
 24 24 27 64 90 96 96 98 98 99
 23 23 23 75 75 84 84 84 96 96
 2 44 44 53 64 90 94 97 97 97
 14 28 60 69 75 82 91 94 94 94
 12 27 45 64 67 68 68 98 98 98
 21 21 42 81 95 95 98 98 98 99
 43 56 66 66 93 98 94 97 97 97
 24 24 46 63 63 73 73 73 73 73
 19 20 23 23 85 86 86 99 99 99
 32 33 33 75 77 81 96 97 97 97
 12 30 46 63 63 96 96 96 96 96
 7 29 66 85 85 97 97 98 98 98
 25 34 38 67 67 79 94 95 95 95
 21 25 25 83 83 87 91 91 0 0
 24 41 52 64 64 66 76 83 83 83
 21 25 37 61 92 92 92 95 95 99
 18 18 28 50 52 82 82 99 99 99
 8 29 29 79 81 93 96 96 96 96
 9 9 44 69 73 73 90 97 97 97
 16 35 61 61 62 89 98 98 98 99
 3 29 29 76 91 91 91 98 99 99
 2 54 54 59 82 87 93 95 95 95
 17 24 24 68 85 88 95 95 95 97
 18 18 25 77 77 87 87 93 93 93
 11 11 16 61 61 95 95 95 98 98
 15 47 47 78 85 98 98 98 98 98
 2 3 3 79 83 89 89 99 99 99
 21 52 52 94 94 94 95 95 95 97
 47 48 48 82 82 83 84 95 95 97
 29 31 31 73 86 86 86 86 86 99
 2 47 47 73 73 85 85 95 95 0
 30 36 36 79 84 96 96 96 96 96
 6 25 57 69 86 88 89 99 99 99
 19 21 21 54 54 54 54 95 95 95
 20 24 50 59 73 78 90 97 97 97
 32 48 51 64 64 83 84 98 98 96
 22 35 62 83 89 89 89 98 99 99
 19 25 27 83 87 88 97 97 98 98
# name: avgRateA
# type: matrix
# rows: 100
# columns: 10
 0.06719367588932806 0.05482456140350877 0.04705882352941176 0.02730046571382688 0.01924239925229534 0.005895531187359982 0.003182541486701523 0.0007550705894197185 0.0003834114575140781 7.77081592371689e-05
 0.05371900826446281 0.04362050163576881 0.03755163349605708 0.02370604504148558 0.01896173942356312 0.00699967235576207 0.003990999023478962 0.0009385642648360193 0.0004790981222286862 9.752499476051941e-05
 0.06006006006006006 0.04984867366921844 0.04354354354354354 0.02664933376665583 0.01961722488038278 0.007085462741018799 0.004017574752534491 0.0009063595586221791 0.0004611251846953532 9.363542112431038e-05
 0.05516154452324665 0.04394445420987871 0.03765387400434468 0.02126453076268784 0.01452060644885757 0.005775461332582054 0.003370380113113245 0.0008684898660448782 0.0004464537017805738 9.160301087148516e-05
 0.05181347150259067 0.04180213655364607 0.03807996793265858 0.02513048521167601 0.01822904798796883 0.006689060477831582 0.003851467325323397 0.0008828835745268896 0.0004502256021767429 9.160837420029374e-05
 0.03992015968063872 0.03287310979618672 0.02391390992427262 0.01923762023512647 0.01383338456809099 0.005970057863637755 0.003363402728668265 0.0007536799874773172 0.0003830484369659421 9.533977207835737e-05
 0.05228758169934641 0.04018081366147665 0.04416282642089094 0.02408076317495601 0.01599803101156781 0.006043160891207201 0.003992779723333638 0.0009212592077938529 0.0004698066060681396 9.746957059681215e-05
 0.05405405405405406 0.0392156862745098 0.04709793600221637 0.02868217054263566 0.02034070683956268 0.006696962449174839 0.003705500904318673 0.0008954820074801327 0.0004663585461660955 9.539453091229964e-05
 0.05580357142857143 0.03773584905660377 0.0277888050813815 0.02061855670103093 0.01421019723753766 0.006616198916789759 0.003718983247277791 0.0008930827887745195 0.0004576645669276004 9.344969344523967e-05
 0.05381165919282511 0.03901170351105332 0.03232758620689655 0.02465012722646311 0.01716785734064352 0.005221932114882507 0.003714590264543428 0.0009256425659567556 0.0004757055246886313 8.958509558829238e-05
 0.05018820577164367 0.04276827371695179 0.03391746749576031 0.0240129952680274 0.01730367957656878 0.006030387268528733 0.003482096221925599 0.0008038600594473653 0.000410490174135796 8.931116087837724e-05
 0.06860158311345646 0.05087209302325581 0.04081632653061224 0.0237315875613748 0.01716864514863142 0.006665604034139485 0.003844610858518321 0.0009115735658858787 0.0004672674298052371 9.544079330387395e-05
 0.05834305717619603 0.04136504653567735 0.03345600535296086 0.02541907117339929 0.01881202088134318 0.006619050551074442 0.003721236142722387 0.0008313612670719069 0.0004308348502310352 9.726655183920132e-05
 0.05793742757821553 0.03729024238657551 0.02699055330634278 0.02320806926716058 0.01834316593128749 0.006023704089606669 0.003303129045217158 0.0009421699905398442 0.0004800335435684322 9.758347469660501e-05
 0.048 0.03663003663003662 0.02667852378835038 0.02119424990785109 0.01821991436640248 0.006330416066595977 0.003515494542194723 0.0009147317549128718 0.0004680972237933819 9.547667325853533e-05
 0.0510204081632653 0.03387533875338754 0.03252620166245031 0.01994960100797984 0.01512774540564769 0.006924901651662712 0.003967450027012426 0.0009198679989421518 0.0004694390301389637 9.743483896009586e-05
 0.05095541401273886 0.03095975232198143 0.03473318598042312 0.02289639381797367 0.01846868239143053 0.006815048866998126 0.004058269993320764 0.0008638413296245746 0.0004404786142738563 9.741229215894665e-05
 0.0622568093385214 0.04359673024523161 0.03655699567962779 0.02507349126750822 0.01909973157134008 0.006437491953135058 0.003548301250776191 0.000883821644792081 0.0004504729476305613 9.157851902404374e-05
 0.05181347150259067 0.03139717425431711 0.02881844380403458 0.02655337227827934 0.01810747663551402 0.006938787823935802 0.003981161482686183 0.0009199208868037349 0 0
 0.05636978579481398 0.04050925925925926 0.0298380221653879 0.02252675051623803 0.015791320622295 0.007291508430806623 0.00412293209187267 0.000926499626504838 0.0004713919122896781 9.562032991802748e-05
 0.0665335994677312 0.0482392667631452 0.03903708523096942 0.02786128015250385 0.02004420003083723 0.007066804861961744 0.003937938095613137 0.000872223180590902 0.0004426493646506119 8.967006795197749e-05
 0.07268951194184839 0.05788712011577424 0.04867364322219518 0.02452232553387146 0.01582069874752802 0.007149740433336441 0.004049385268853335 0.0009238995490215327 0.0004704867577581306 9.747785014789777e-05
 0.046875 0.02669039145907473 0.02911813643926789 0.02652050919377652 0.01797268152408339 0.006911911527532447 0.003889436291033553 0.000935414407672689 0.0004782755530915147 9.549414839711083e-05
 0.06855575868372943 0.05773928492116367 0.05038759689922481 0.03013863773357444 0.02172114191146049 0.007199078517949702 0.003978674305721334 0.0008897106892936858 0.000451997830410414 9.164104203833584e-05
 0.05089058524173028 0.03105590062111801 0.02400384061449832 0.01604032997250229 0.01775794554230034 0.007009589715291345 0.003994968040255678 0.000923526254119793 0.0004703894726836013 9.557827043951269e-05
 0.06314127861089187 0.044004400440044 0.03280032800328003 0.02865329512893983 0.02023295237053645 0.006860133054673665 0.00379590395480226 0.0009233894548924251 0.0004703595114532541 7.770261654595532e-05
 0.05376344086021505 0.04340748779164406 0.04889975550122249 0.02669566936919122 0.01743397688383806 0.00527417186994913 0.004112264829855043 0.000941315690387822 0.0004798135581602578 9.755165260462912e-05
 0.04846526655896607 0.02747252747252747 0.01812688821752266 0.0277687030382228 0.01930173147885325 0.005786249149081007 0.003720495604623797 0.0008314625426124553 0.0004224624254059078 9.735672517408476e-05
 0.03992015968063872 0.03093580819798917 0.02881844380403458 0.02897023966289176 0.0214028602004086 0.007233447461059941 0.003989892272908632 0.0008748600223964165 0.0004518193586915311 9.748948655470762e-05
 0.06512301013024603 0.04952538175815105 0.04316912138141189 0.02414525787135407 0.01590027348470394 0.006733690375520686 0.003868139424936605 0.0009014866858088733 0.0004598636846626656 9.35552570191822e-05
 0.05376344086021505 0.03241491085899514 0.029723991507431 0.02538071065989848 0.01796504981218357 0.006704502931271048 0.00416089943360818 0.000943510668409915 0.000480383679503695 9.757529377630924e-05
 0.05610098176718093 0.04338394793926247 0.03256003256003256 0.02258031407164118 0.01456374950350854 0.006970628307087862 0.004104774365684086 0.000925659870137634 0.0004709442137144842 9.559907659258601e-05
 0.05128205128205128 0.03134796238244515 0.0215633423180593 0.01135879596762743 0.01899335232668566 0.006814904036641996 0.003783246377321638 0.0009242464503159768 0.0004705785469122694 9.558430386250199e-05
 0.05868544600938967 0.04710315591144607 0.0363901018922853 0.02222457402899778 0.01419206595931608 0.007242915042147601 0.004070885374261611 0.0009090451930850673 0.0004618243239923632 9.735438466267104e-05
 0.04709576138147566 0.04649196956889265 0.03666666666666667 0.01710654936461388 0.01803688834584279 0.005317141779012727 0.002847563496073118 0.000607325124648584 0.0003065931370609784 9.357369695142868e-05
 0.05842259006815969 0.048348106365834 0.03998857469294487 0.02774566473988439 0.01982001285622455 0.00721620036983027 0.004137290496897032 0.0009423022559485233 0.0004800716384453125 9.756929012566924e-05
 0.05270092226613966 0.03174603174603174 0.02450980392156863 0.02796420581655481 0.01958918676890356 0.006036824630244492 0.00366329120548447 0.0008136066018364263 0.0004130207749449797 9.744132987927019e-05
 0.05215123859191655 0.03167062549485353 0.03116478379431243 0.02797202797202797 0.01919274165406537 0.006391347099311701 0.00371265757209463 0.0008311089893134846 0.0004397103383717624 9.343511001189012e-05
 0.07341373885684321 0.05673222390317701 0.04588559192413583 0.02920418593331711 0.02037005601765405 0.006492101276779918 0.003938457323390155 0.0008874192882511474 0.0004514079019934566 9.547973094607484e-05
 0.05412719891745602 0.03246753246753246 0.03586800573888092 0.01775778382857819 0.01088771140306308 0.007170246594132868 0.004009727948675482 0.0008910256286088959 0.0004523391835867744 9.742141422094182e-05
 0.04769475357710652 0.02705139765554554 0.0271985494106981 0.02281854691493246 0.01793532731972359 0.006293570875290472 0.003661119779635457 0.0008135545943558681 0.0004130077783131582 9.539436028541992e-05
 0.05973715651135006 0.04164187983343248 0.03231017770597738 0.01363140676117775 0.007905138339920948 0.005979261403867638 0.003329799072913837 0.0009153160986939583 0.0004682533953248801 9.739573736623243e-05
 0.04658385093167702 0.03990877993158495 0.03137254901960784 0.01717622810030917 0.0181978890448708 0.0060406190818259 0.003849839162274998 0.0008680254157841742 0.0004415686874812333 8.962715105162524e-05
 0.06839945280437756 0.04945598417408507 0.03789314134141721 0.01909991643786558 0.02047459050818984 0.006781084004714468 0.003978791312395666 0.0008895042367473538 0.0004519476487423574 9.164222873900293e-05
 0.07360672975814932 0.05638340716874748 0.04501607717041801 0.02362289273059165 0.01627848735286752 0.006241098433324266 0.003508248769920275 0.0008446756637422972 0.0004307032699188026 8.165861798166585e-05
 0.06507592190889371 0.05002273760800364 0.03994673768308922 0.02840664543341654 0.02075028668159231 0.006397844936442462 0.003767369324852372 0.0009171261850989923 0.0004687298592638598 9.550866522262871e-05
 0.03992015968063872 0.05121638924455826 0.04055424129773572 0.01953798413975405 0.01387695764223882 0.005742506029631332 0.003138675658225123 0.0007923011517353328 0.0004763863084630514 9.74104330947374e-05
 0.07641921397379914 0.05034612964128382 0.0367140890316659 0.02707496965736159 0.01903223946017648 0.006681550771637632 0.003663101843165634 0.0009014624790218173 0.0004598627847724756 9.355566671649666e-05
 0.07025761124121779 0.0534100246507806 0.04493119910137602 0.0252092366643138 0.01639666819702236 0.00564090652686067 0.003067540013352822 0.0008454855873530728 0.0004309162847181416 8.760122171849308e-05
 0.06722689075630252 0.04764425622022234 0.03617363344051447 0.01494565217391304 0.01810997695093843 0.006448076861076185 0.003552460967335122 0.0009220396284948663 0.0004785525445810761 9.750077652404161e-05
 0.07200720072007201 0.04983388704318937 0.03745318352059925 0.01657529006757618 0.01523647001462701 0.006375765869436755 0.003847008736984287 0.0009012222107172578 0.0004598002510313711 9.355352515654292e-05
 0.06696428571428571 0.05097706032285471 0.04908979341378605 0.02648736756316218 0.01716398204383417 0.006810332246923189 0.003742148171247828 0.0009179996787001125 0.0004689583750592304 9.740110011560913e-05
 0.05714285714285714 0.03623188405797102 0.02556237218813906 0.01388503193557345 0.01667078290936034 0.006149762910456215 0.003381926274007227 0.0007927132253567693 0.0004027979722560616 8.168074264928102e-05
 0.05813953488372093 0.03668378576669112 0.03400075557234605 0.0162276869304706 0.01532838108713595 0.005586408596496993 0.003051160787199483 0.0008730608348789743 0.0004428732831279058 8.968137999316029e-05
 0.0589622641509434 0.05287009063444108 0.04600051111679018 0.02272985566541652 0.01769479528952346 0.007002474207553335 0.004135230475804682 0.0009422841352043121 0.0004800711681013284 9.756398654413427e-05
 0.07036747458952307 0.0495049504950495 0.03720545680033072 0.01810422863054442 0.01073372690331979 0.006654547815360644 0.003654677541560815 0.0007981249902667684 0.0004703429191833279 9.557575832395164e-05
 0.06656804733727811 0.04741833508956796 0.03597122302158273 0.02702441849242351 0.01930821426601203 0.005988721241661537 0.003977449590149759 0.0009061865548908045 0.0004610862800343754 9.360700036964806e-05
 0.06306306306306306 0.05170185264971995 0.04168002564924655 0.0172094254699497 0.01010729280049759 0.003975387168141593 0.004089003986778888 0.0009250265945145923 0.0004707820867415995 9.559393607832648e-05
 0.07050528789659224 0.05096839959225281 0.03892565200467108 0.01786853860880664 0.01475967400372201 0.006962495358336428 0.003906114371028784 0.0009054167035896882 0.0004608868836495965 9.359881675163913e-05
 0.053475935828877 0.04513540621865596 0.04378058202420809 0.02090349552897457 0.01291526153404606 0.005370929842228936 0.003748349448396303 0.0008479410449717096 0.000431550669442976 9.549342647125529e-05
 0.06734006734006734 0.04653868528214078 0.03455723542116631 0.02685239573718217 0.01898592807683717 0.006703161657915317 0.004020358410675335 0.0008314561116858256 0.000422467821215548 8.758824764780766e-05
 0.05605381165919282 0.03848620910840282 0.04123711340206185 0.02437835202340322 0.01814283358073561 0.005915409642117717 0.003230727811181908 0.0007018378403669832 0.0003551644362011217 9.348653455759585e-05
 0.06416131989000917 0.04334365325077399 0.03174603174603174 0.02594613939339716 0.01921704277164663 0.006210165059650269 0.003400051895528932 0.0008865026122919368 0.0004511710340349697 9.161107434497584e-05
 0.06003430531732419 0.04772234273318872 0.03768413840356287 0.02194128095287848 0.01843060597598436 0.006754909371632598 0.003725088470851183 0.0008686453764902094 0.0004417290649871801 9.550990049659179e-05
 0.03992015968063872 0.02181025081788441 0.01374570446735395 0.01599015990159901 0.01713748687047377 0.006968641114982578 0.003945348348528643 0.0009208297443354582 0.0004696925959811927 9.554883749909677e-05
 0.06640106241699867 0.04012841091492777 0.02756339581036384 0.02759340741293161 0.01974597075461629 0.007090857521036211 0.003994511888014728 0.0009072956220090614 0.0004697583289130379 9.745747373521082e-05
 0.05555555555555555 0.04022988505747126 0.02995293110825845 0.01782107639301414 0.01862911621281026 0.007083134440971313 0.003981718717540337 0.0008896676704438862 0.0004519893920054867 9.551643847855845e-05
 0.05298013245033113 0.03205128205128206 0.02716161158895428 0.02636336245857186 0.01924777610154502 0.00682734749611 0.00378631116433471 0.0009216271327027868 0.0004783348480603522 9.749202753970711e-05
 0.0631768953068592 0.04620123203285421 0.03525264394829612 0.02180074122520166 0.01822738664843928 0.005576962076657879 0.003006641945388449 0.0007907257512376787 0.0004022814262740792 8.165944744039458e-05
 0.05524861878453038 0.04230565838180857 0.03207698476343224 0.02236681577877186 0.01450900217635033 0.004985127702354642 0.002708461232891553 0.0009035941900816119 0.0004604137258148098 9.357915582044431e-05
 0.0694980694980695 0.04899292324442026 0.04009355162044771 0.02764394597583129 0.01958011530512346 0.006166872229074302 0.003345842564543112 0.0009037297117486786 0.000460448908295232 9.358059050945472e-05
 0.04901960784313725 0.02757352941176471 0.01824817518248175 0.02610753039079709 0.01819215463331438 0.007056405221739864 0.004024213779935441 0.0009067967309013173 0.000461243748675151 9.361363779409621e-05
 0.06941431670281996 0.05521048999309869 0.04539007092198582 0.02710271930617038 0.01953125 0.007191095547773887 0.004061247062076593 0.0009086357124767283 0.0004617186149227456 9.746175769694286e-05
 0.06727828746177369 0.04993191103041307 0.04523749685850716 0.02186924493554328 0.01760163524869407 0.006424361177585404 0.003711503935920453 0.0008652631457506927 0.000440852314474651 9.74297243375077e-05
 0.06666666666666667 0.05142405063291139 0.04130918334922148 0.01707156927117531 0.01865262233925829 0.006339298776027697 0.003478850373753412 0.0008844844128850152 0.0004506441762567339 9.15897511864855e-05
 0.05841121495327103 0.05113221329437546 0.04166666666666666 0.02029047415634344 0.01292692883385495 0.004814956250311312 0.003704679421740706 0.0008604403925137861 0.0004571637560574198 9.344486275931943e-05
 0.04893964110929853 0.02742230347349177 0.01818181818181818 0.01686950234968069 0.01561329003247564 0.006420545746388443 0.003620720868283348 0.0008981257834714282 0.0004589937879585422 9.352137630036996e-05
 0.05701254275940706 0.03586800573888092 0.03188521323236349 0.02455438341214988 0.01676646706586826 0.00679702195596162 0.003776899429073342 0.0009442215567708394 0.0004805716645139018 9.758604001824261e-05
 0.03992015968063872 0.02531645569620253 0.01714285714285714 0.02425440172475745 0.01799149492966961 0.005549762873768121 0.003403973047515972 0.0007556821484624775 0.0003835660628615602 9.756126698238024e-05
 0.06622516556291391 0.05402160864345738 0.04539722572509458 0.02321654706627269 0.01966292134831461 0.006414157196190977 0.003501180526254365 0.0008854378201290815 0.0004508910980374475 9.350939361545714e-05
 0.06134969325153374 0.04584819154355578 0.03501945525291829 0.02099517111064455 0.01518925815663163 0.006837606837606838 0.003902836343890789 0.0008856730826621792 0.0004509525392059118 9.748137956444126e-05
 0.05636978579481398 0.03551136363636363 0.03926306251887647 0.02927067241239125 0.02040816326530612 0.00631019594818997 0.003911478886706187 0.0008711661429990185 0.0004696526136167948 9.746410337400836e-05
 0.07003891050583658 0.04896626768226333 0.0368701351904957 0.01683501683501683 0.0203926776059945 0.006911849803896354 0.003811955355797275 0.0008360748811995924 0.0004236453201970443 8.571474134081775e-05
 0.06784260515603799 0.05048380311316786 0.0400266844563042 0.02641670217298679 0.01815200843190069 0.005971832855033757 0.003959305228004337 0.0008885901165598427 0.0004517040042578012 9.163335661351799e-05
 0.03992015968063872 0.02606429192006951 0.01749271137026239 0.02369868810833686 0.01718120805369127 0.006112567761030772 0.003842394981498032 0.0008981223510167891 0.0004589816856541856 9.352033420585815e-05
 0.07135016465422613 0.05380794701986755 0.044543429844098 0.0272108843537415 0.01832732604313031 0.007398273736128237 0.004156851877511431 0.0008475914917224985 0.0004314596869563853 9.548994998117057e-05
 0.0573394495412844 0.04248539564524694 0.0321285140562249 0.02140869192892314 0.01966975516331073 0.006286082943210203 0.004128179988647505 0.0009273731575703596 0.0004713900605441609 9.562025372435908e-05
 0.06740196078431374 0.04997917534360683 0.04239533651298357 0.02656149388280747 0.01956342668863262 0.006641996394344814 0.003689809974786298 0.0008312873354341059 0.0004224122094810912 8.758573698122619e-05
 0.06305170239596469 0.05095541401273886 0.04276729559748427 0.02123854236530293 0.01406563965170797 0.00627453504086492 0.003458918688803746 0.0009159309006463038 0.0004684073856134527 9.741786977735842e-05
 0.05611672278338945 0.04559963520291838 0.035486160397445 0.02377597745685101 0.01744820065430753 0.006116495718452997 0.003885421402885132 0.000915309117050874 0.0004682447163949059 9.548970302702358e-05
 0.05376344086021505 0.0436046511627907 0.03350707371556217 0.02683963319167972 0.01918669722325854 0.007177294783979029 0.004057775820836247 0.0009085338390194021 0.0004616855057273561 9.158665112613752e-05
 0.0673854447439353 0.05250262513125657 0.04817127564674398 0.03058356753182344 0.0212046535618087 0.006843623209659285 0.003863003836665174 0.0008704701699544648 0.0004421935156742862 9.551271323959423e-05
 0.05773672055427252 0.04721030042918455 0.03779527559055118 0.02668732782369146 0.01826860746066356 0.005657426203867017 0.003664729595309146 0.0008636606159243663 0.0004404294676675834 8.958158234518212e-05
 0.05854800936768149 0.03865979381443299 0.02788104089219331 0.02741422002122391 0.0202052427287712 0.006962025316455696 0.003866432337434095 0.0009411168175654652 0.000479756714391037 9.755174971008217e-05
 0.07001166861143523 0.05442176870748299 0.04544367376225783 0.02580407335729426 0.0179020979020979 0.006845147550958321 0.003867939935190517 0.0009367412873501692 0.0004786170506835921 9.750452102595451e-05
 0.06315789473684211 0.04616805170821792 0.04090537223888738 0.01834413599119481 0.01785058014385468 0.006780914807052152 0.003809886655871988 0.0008844282940147276 0.0004506256349168253 9.548235197699194e-05
 0.07299270072992702 0.0546875 0.04365450576863112 0.02453261145419169 0.01688697373784429 0.007300602299689724 0.004125518912925767 0.0009269558769002595 0.0004712734298985682 9.56148252380112e-05
 0.04746835443037974 0.02661934338952972 0.01765744555620953 0.02045209903121636 0.01325029813170796 0.005568384677115577 0.003044957907934802 0.0009019053229684582 0.0004599766488450182 9.356250174185509e-05
 0.04608294930875576 0.02608695652173913 0.02328830926874709 0.02090738030524775 0.01825447728057625 0.006378364587319812 0.003762227238525207 0.0008490291159098408 0.0004318327472512373 8.764058595699039e-05
 0.0589622641509434 0.04662004662004662 0.03598416696653473 0.02342798238215725 0.01559283976797854 0.006096893710819642 0.003404062180869171 0.0007557685487887356 0.0003921995432836319 9.561429194628867e-05
# name: avgRateB
# type: matrix
# rows: 100
# columns: 10
 0.09648688767936665 0.08285766893758055 0.07267666615122931 0.04686584651435267 0.03552472102645547 0.01306673149386167 0.007530498519001958 0.001863511872829432 0.0009593608912171964 0.0001949501932095665
 0.07029876977152899 0.06472491909385113 0.05921539600296077 0.04044542493959449 0.03061680828373869 0.01271180710508878 0.00754444399855532 0.001851322012218725 0.000956116198057056 0.0001965439630132056
 0.03992015968063872 0.0709965816460689 0.06449301325689717 0.04215304798962387 0.03200180716087497 0.01252948113207547 0.007267679242201535 0.001698534870539199 0.0008685757115001376 0
 0.08053055423969682 0.06432869890018676 0.05525317499587663 0.03964833649370798 0.0297071129707113 0.01139905344568856 0.007343335729579729 0.001789535549594623 0.000920947781291382 0.0001887945092992226
 0.0721370604147881 0.06785795068988916 0.06229123408865216 0.04174852652259332 0.03203723063433717 0.01340047677485788 0.00781802919828168 0.001816377607696852 0.0009280035322744975 0
 0.06235385814497271 0.06872852233676975 0.0635593220338983 0.04520396912899669 0.03422683383772878 0.01376352809932921 0.007939890847395298 0.001822856704275079 0.0009296918120574178 0.0001891660425846613
 0.04573170731707318 0.06082108464267613 0.05674908796108634 0.04093567251461988 0.03163392922827926 0.01266950686380976 0.007431301294353028 0.001856383427558856 0.0009574625501579813 0.0001966007140776239
 0.06920415224913494 0.05389221556886228 0.04454865181711606 0.04275913917864863 0.03355704697986577 0.01359773371104816 0.007918570697989014 0.001835427186118052 0.0009377509216333276 0.0001967319836724377
 0.08320950965824665 0.06492335437330929 0.05734310289901243 0.0378960133393967 0.02968533544429052 0.01216229143036747 0.007188259714246485 0.001753790450328129 0.0009020657305228975 0.0001848640106545279
 0.08481948673336233 0.07042253521126761 0.06387302816219878 0.04277267580827777 0.03178609825643902 0.01202507701453818 0.007175298050842112 0.001732224709519241 0.0009192448258611631 0.0001886768844798963
 0.08025988916491497 0.0691031941031941 0.05950440169546788 0.04265867296938952 0.03172453126113923 0.01282938361298507 0.00741586328147784 0.001711568084832237 0.0008719822311575907 0.0001907694227615344
 0.07407407407407407 0.05461165048543689 0.04520341536916123 0.03918650793650794 0.03074676198162881 0.01214519650655022 0.007183908045977012 0.001816904254707729 0.0009422506136647492 0.0001961427245413183
 0.08807045636509207 0.0728363324764353 0.06197346760917982 0.04306582086946401 0.03271296582821272 0.01158059467918623 0.006462204834427832 0.001866079574156871 0.0009600381687902259 0.0001966923108406073
 0.07868020304568528 0.06662368364496024 0.05955397871262037 0.0407640344747263 0.03096934035305048 0.01299976489786887 0.00764855694513381 0.001804121753530381 0.0009247929193960227 0
 0.0780471604118233 0.06919275123558484 0.06391347099311701 0.04221693007144404 0.03198013469280259 0.01253021994221357 0.007177235497762391 0.001638538423726036 0.0008338000978979409 0.0001968421743305875
 0.06879299562226392 0.06659563132658498 0.06181976491075316 0.04384647726590185 0.03307357738310983 0.01261925893055247 0.007560126632121088 0.001816052771466784 0.0009326699718158793 0.0001908723262962418
 0.07802340702210664 0.06484483557202408 0.05625879043600563 0.03893917070090507 0.03055575526637429 0.01302723756098209 0.007788966690245511 0.001858038290756449 0.0009531951978414991 0.0001948281863901379
 0.07407407407407407 0.06045949214026602 0.05726184279021343 0.03942749122333243 0.03044540499906033 0.01206172274674542 0.007544619350376838 0.001815211472136504 0.0009324489314232376 0.0001907979348508527
 0.07338740826573967 0.06687472135532768 0.06083547384074624 0.04053676265026559 0.02923541945394183 0.01278026282888339 0.007497279213188763 0.001773002322061106 0.0009071374157118151 0.0001926434816595461
 0.04497751124437781 0.05593945376768674 0.05550811272416738 0.03755815908963506 0.02898214699744957 0.01118485923265979 0.00641117569152122 0.001722743206399617 0.0008891337228125619 0.0001869117995032918
 0.07606263982102908 0.06478578892371996 0.06029049054535489 0.04323141830303662 0.03376316967009722 0.01291258614435981 0.007452798940046373 0.001806915970878538 0.0009302550933888902 0.0001907637365290498
 0.07158196134574088 0.06595405958608141 0.05969339302672636 0.04162124665543553 0.03269447576099211 0.01346008244300496 0.007859405764104392 0.001873860777822574 0.0009620953854406787 0.0001967721809453373
 0.08833922261484099 0.07763975155279502 0.06594538897475528 0.04490725675235926 0.03380145668182367 0.01272881561401382 0.007366544169966265 0.001830002226188275 0.000941075115257447 0.0001927948394585446
 0.05688282138794084 0.06564551422319474 0.0582497968030344 0.03986780674605257 0.03098840952994205 0.01253790156467894 0.007611177557899316 0.001847717879875713 0.0009504726176597812 0.000194837986250005
 0.06893382352941177 0.06658676255160474 0.06116207951070336 0.04026235469835703 0.03178206583427923 0.01274697259400892 0.007425620039273279 0.001834223971983647 0.0009421903107868163 0.0001928453577052754
 0.07178106774338268 0.06331279945242985 0.05647324579980235 0.04084084084084084 0.0308071472581639 0.01111076818616709 0.007460656693219351 0.001820027431753662 0.0009529062195900193 0.0001964521534827097
 0.0392156862745098 0.0697986577181208 0.06408676361843726 0.04383331331812177 0.03313061632023237 0.01252394283188448 0.007550018875047188 0.001786695203103528 0.0009154708734176476 0.000186932094331503
 0.07941988950276242 0.06670272219217595 0.05958055290753098 0.04076662431173231 0.03161991243716555 0.01342208343605336 0.007928353572208693 0.001865941615067669 0.0009552718333226108 0.0001949222359728589
 0.07450771687067589 0.06427915518824609 0.05584363781412047 0.04058352528243939 0.03133999661189226 0.01142398419167593 0.007758316680380863 0.001870737694230758 0.0009612723750710031 0.0001967547392552535
 0.07723427730783376 0.06333924499619965 0.05789204835688746 0.04067051387743886 0.03188056451926442 0.01226480002393132 0.007656728545534095 0.001762401717678405 0.0009043534407731153 0.0001944333339682177
 0.07809449433814915 0.06981032665964172 0.06427358719379092 0.04404237590763004 0.03312397831885056 0.0127569510886898 0.007360813704496787 0.001851785366738534 0.0009515634770517846 0.000194774169288168
 0.07908371966184892 0.06791569086651054 0.06295907660020986 0.04346353578685934 0.03316347164927607 0.01275491286614757 0.007288567965896282 0.00165514162046063 0.0008429124782410965 0.0001944856568812597
 0.08055235903337168 0.07112375533428164 0.06444221681225834 0.04504976427448926 0.03518677631848124 0.01347380491650541 0.007811980586397181 0.001801107872949084 0.000942561103709901 0.0001928110499416399
 0.07939508506616257 0.07100957085520222 0.0638080653394589 0.04394977168949771 0.03334884442376299 0.01319299050678292 0.0076477385138449 0.001762918166105216 0.0008997203043401725 0.0001967853620313974
 0.08153281695882593 0.06561679790026247 0.05884825556956704 0.04175488120442249 0.03215312452715993 0.01306573275862069 0.007772373618801131 0.001842827695610461 0.0009444599149791343 0.0001888574877421551
 0.07039155301363836 0.05621486570893192 0.05056890012642225 0.03501500643132771 0.03183732155694773 0.0132250679029024 0.007693262191338875 0.001852226357181063 0.000951667895095123 0.0001948111842293588
 0.05411255411255411 0.03465003465003465 0.06012536778815402 0.04091798612346557 0.03104775231764911 0.01268575570859007 0.00744084122389573 0.001737095385625631 0.0008882034864426962 0.0001887260613407378
 0.08576998050682261 0.06927710843373494 0.05791991941576428 0.04102827104301558 0.03055184265801031 0.01068359762518887 0.006029960288404386 0.001836557616373099 0.0009475144665155156 0.0001945974196382156
 0.06060606060606061 0.05958549222797927 0.05891393442622951 0.04029643353404354 0.03205813207950416 0.01303282288110382 0.007593453122807597 0.001760000918261349 0.0009151125977904898 0.000186917746249217
 0.06523157208088715 0.06547359231776517 0.06065544088357777 0.04340962904498816 0.03434816549570648 0.0137770392148508 0.008018384419535099 0.001882562338484708 0.0009643887285362625 0.000196885549038224
 0.08005692937199786 0.07081982955227463 0.06515668631709587 0.04400067693349129 0.03380721220527046 0.01271725307333616 0.0077547558463589 0.001851166234727879 0.0009513898057611507 0.000196564528560826
 0.0641025641025641 0.06207324643078833 0.05233219567690557 0.02730805587648356 0.03254610698489527 0.01323541969088891 0.007696700350075725 0.001868908349867194 0.0009607947228107225 0.0001967361668640652
 0.08531383302864108 0.06340579710144927 0.0495049504950495 0.04071560764959901 0.03062645011600928 0.012046983234615 0.006982891914808719 0.001782270954481938 0.0009143141719669329 0.000186885675471434
 0.06637168141592921 0.06786616161616162 0.06224653399981138 0.04369945212627185 0.03251445086705202 0.01176848186583931 0.007134656388387731 0.001754094773929248 0.0009433435560971759 0.0001962389905466326
 0.03992015968063872 0.02022244691607684 0.01298701298701299 0.04143467564417973 0.03065632402805518 0.01259229580447599 0.007374087456677236 0.001718938307304151 0.0008786874362341409 0.0001925336636178862
 0.07910656119125174 0.06669733210671573 0.06070016939582157 0.04582901413061269 0.03549695740365112 0.01310558091591813 0.007512069955096391 0.001711528587335073 0.0009345730704716771 0.0001909287370422036
 0.03992015968063872 0.07660810989301281 0.07057678267218302 0.04534973097617218 0.03221023569712153 0.01163458107751734 0.006520094932582219 0.0017829132423036 0.0009303290166713022 0.0001907188650956068
 0.07584830339321358 0.06154842889536767 0.05263157894736842 0.03759665176988011 0.02727459860024702 0.01231826971281243 0.00714398451582891 0.001647825253880054 0.0009536157448702216 0.0001964346905250818
 0.08012820512820513 0.06915629322268327 0.06020469596628537 0.03983342386384212 0.03013285851253253 0.01211714210633887 0.00704079519569269 0.001653181519330822 0.0008471869498153716 0.0001965093586093331
 0.07656065959952885 0.06480446927374302 0.05665168978316078 0.04217290892659906 0.03326469190559164 0.01325371801668573 0.00780093932960175 0.001844597421366904 0.0009449309810721557 0.0001929115544276085
 0.06129597197898424 0.04191616766467066 0.06272571754419312 0.04434589800443459 0.03314393939393939 0.0125502383051202 0.007149179546537755 0.001719674026234583 0.0008788839345875983 0.0001947173578205644
 0.07498897220996913 0.07073247406475951 0.06370238246910434 0.04368338284116722 0.03332164152928797 0.01319435281699433 0.007577352136392338 0.001863241814910451 0.000959301396025779 0.0001966750395932681
 0.07609130957148579 0.06540880503144654 0.06082345601996256 0.04402719326642927 0.03262490678598062 0.01311606290007556 0.007632224225004466 0.00181885699994695 0.0009334226566958977 0.0001946080078415112
 0.07012622720897616 0.05905511811023622 0.06155108740254411 0.04318557093865109 0.0330949948927477 0.01341764563141442 0.007792746113989637 0.001879624302972654 0.0009636246302455491 0.0001968868411773515
 0.06825938566552901 0.05172413793103448 0.04091374019774974 0.04278015445302517 0.03300047143530622 0.01271555727001272 0.007382093860420364 0.001704709787524206 0.0008702011826914052 0.0001907234498057601
 0.0624442462087422 0.05046583850931677 0.04700352526439483 0.02700810243072922 0.03174251651718156 0.01267168679085891 0.007297066076191435 0.001670673723182806 0.0008940892923088884 0.0001906314946263762
 0.07807807807807808 0.06617982656321314 0.06052021632758176 0.04241194910566107 0.03188630255545939 0.01288495575221239 0.007508560584182516 0.001800340359082622 0.0009238126819060104 0.000192658824856643
 0.08677359978963975 0.07289958082741024 0.06533812479581835 0.04123081621745438 0.03261942572642602 0.01295699162212701 0.00742703779349459 0.001784371939042817 0.0009148739031245864 0.0001869111676837749
 0.03883495145631068 0.06716072255673923 0.05853855470327009 0.04145077720207254 0.03121889421771785 0.01232692142304274 0.007334066740007334 0.001838840917275144 0.0009386623279607952 0.0001967947502316811
 0.08544652701212789 0.07258753202391119 0.06400787789266371 0.04135926671137938 0.03282437117356347 0.01310482403133509 0.007547296390715149 0.001859208584231635 0.000953517946083425 0.0001948558841903877
 0.06925207756232686 0.06417112299465241 0.05484460694698354 0.0413802777388133 0.03006258932531665 0.010316641536386 0.006843084729072262 0.001840244473690081 0.0009531686116762191 0.0001964167630398411
 0.07207207207207207 0.05774456521739131 0.06202424584155625 0.04419157045793515 0.03397696196237673 0.0127497450050999 0.007303130272734141 0.001811303666946538 0.0009381944838073496 0.0001910512015229965
 0.08382815228780999 0.06944444444444443 0.05839100346020761 0.04143467564417973 0.0324020737327189 0.01340089618493237 0.007855138160424832 0.001859808401779343 0.0009543229857455307 0.0001967493822268135
 0.074002574002574 0.06211180124223602 0.05303204980401199 0.04331254331254331 0.03311696913498477 0.01239724308927491 0.007098611545384635 0.001615856942798664 0.0009307231719045698 0.000190736750501429
 0.03992015968063872 0.0707509245859463 0.0641399416909621 0.04022465088038859 0.0307662724738006 0.01285897985426489 0.007606593459948048 0.001833360739241291 0.0009419688897779866 0.0001927886319102551
 0.07172131147540985 0.06201550387596899 0.06371455877668047 0.0440388052080674 0.033193184332817 0.01243271927829581 0.007478386640807337 0.001786929560757506 0.0009155395303671801 0.0001869390089607424
 0.07100591715976332 0.06301050175029171 0.05917159763313609 0.04026930095010382 0.0302551365996839 0.01065513405098795 0.005944575574788006 0.001849475352910093 0.0009509439088646409 0.0001947452563135717
 0.08180755746007012 0.06666666666666667 0.06066734074823054 0.04293893129770992 0.03350024684392411 0.01367851177791856 0.007987350644693303 0.001872072498872936 0.0009568882774351097 0.0001968666387606549
 0.08320433436532508 0.07356805044666316 0.06740196078431372 0.04616353081065958 0.03661705646113867 0.01415285078851597 0.007602164190571699 0.001832990041384002 0.0009418801675964092 0.0001928177572034826
 0.07947019867549669 0.06642679213949626 0.06139063125583879 0.04206449889831074 0.03101614808979913 0.01114554865108326 0.006312749159020746 0.001411640035658414 0.0007172304294343508 0.0001454358253463166
 0.07333076032419915 0.06009615384615384 0.05113383726100489 0.02555555555555556 0.03321350422006877 0.01274905123339658 0.007285727598505579 0.001882841607376175 0.0009644732855513134 0.0001968940069839697
 0.08221993833504625 0.07086106935795576 0.06231117824773413 0.04278135873595346 0.03279805767346766 0.01212266339404643 0.007751124316730318 0.001844155547866293 0.0009448186922150836 0.0001929092525044891
 0.06814310051107325 0.06433626420759168 0.05988803541205572 0.03996447602131439 0.02985923503483577 0.01331004076199983 0.00782319577547428 0.001834014083699818 0.0009373983874794822 0.0001910182046318333
 0.0618921308576481 0.0608604407135362 0.0594701748062714 0.04287299505699586 0.0337810984818377 0.01366024025123576 0.007977367304307778 0.00186574623185895 0.0009552252772102742 0.0001949251437722113
 0.07790588968526022 0.06707437364371671 0.05888733922206726 0.04125615763546798 0.03105158270380498 0.01187487786913584 0.007554508997098747 0.00180095128142423 0.0009239672234784935 0.0001888739336078301
 0.07856341189674523 0.06512112529304506 0.05591590248266607 0.04389444180020096 0.03423245071351975 0.01292968924160685 0.007562913466972508 0.00174376937787674 0 0
 0.07822685788787484 0.06823098685305376 0.0610758750293634 0.04175910217930315 0.0309732371872429 0.01051742546173091 0.006419027348434941 0.001584214353745522 0.0008106030789244177 0.0001651571370666938
 0.07936507936507936 0.06496881496881497 0.05731990704879938 0.03924343798250129 0.03238866396761134 0.01323360184119678 0.007659964197993422 0.001804457580051437 0.0009248820531992157 0.000196586542757573
 0.07982261640798226 0.06313574184496668 0.05672609400324149 0.03915733416868979 0.02761404067760607 0.01217339667458432 0.006952334119003612 0.001851086625244708 0.0009560552580624912 0.0001965404513005518
 0.06274509803921569 0.0616758826031476 0.05426646706586827 0.04281610752804726 0.03292147618273451 0.01343464694325667 0.007875501447943755 0.001834112194171344 0.0009374093715548986 0.0001910169883744275
 0.06691449814126393 0.04724409448818898 0.05840966414443118 0.04169940170423642 0.03155119505553875 0.01136045317314576 0.007230890363633442 0.001828429247328043 0.0009406571411393007 0.0001927346584205375
 0.07575757575757576 0.06885697422781821 0.06247439573945104 0.04263945197819097 0.0309211510647848 0.01297205905930709 0.007754146094442335 0.001856454399418058 0.0009527772484570843 0.0001963287320356731
 0.04559270516717325 0.06785212915301825 0.05903908794788273 0.04129537057161486 0.03235555555555555 0.01314098398532831 0.007593648038585745 0.001860733584722238 0.000960132207295453 0.0001967125165789905
 0.03883495145631068 0.06999351911860013 0.06461648917075505 0.0418766413514089 0.03194639239520024 0.0126150946132096 0.007560176566704333 0.001801535287335397 0.0009248703477804572 0.0001889134829939088
 0.06941608819926501 0.05744375299186213 0.04980286366466072 0.04208962614508542 0.03302638225123364 0.01290966170818296 0.007729107003384535 0.001811580384588981 0.0009267424709490622 0.0001926744383987046
 0.07712082262210797 0.06114130434782609 0.05221386800334168 0.03910614525139665 0.03076062639821029 0.01233920036308452 0.007184263984541446 0.001763293908862353 0.0009045689485796323 0.0001848997356331414
 0.06646525679758308 0.0490414623272403 0.04329004329004329 0.03813930223833938 0.02858883629376201 0.01229630204895223 0.007430466476863873 0.001794687724335965 0.0009452506939876269 0.0001945061538372988
 0.07556675062972293 0.06527777777777778 0.05990313535559521 0.04175141847767905 0.03248738724965602 0.01333750697497176 0.007898703161899235 0.00186468122513362 0.0009549311475154251 0.0001949130478970971
 0.03780718336483932 0.02533783783783784 0.0171330668189606 0.04609639397829385 0.03491062039957939 0.01307708131299774 0.007500800647260101 0.001863301431354281 0.0009592948891869055 0.0001966770713472896
 0.07611453425154042 0.06980802792321117 0.06419753086419754 0.04416463070851344 0.03529455938121879 0.01387085350017707 0.007954117302298322 0.001823682533344595 0.0009298992968003632 0.0001927879038906586
 0.08075601374570447 0.07255139056831922 0.06602475928473177 0.04572575698433057 0.03521882918867843 0.01278142227971296 0.007183048006704178 0.0018055447328459 0.0009251594682767688 0.0001927205667017802
 0.07633587786259542 0.06478578892371996 0.05700625229863921 0.04076390440026804 0.0314499908575608 0.01255822782961697 0.007222156905557702 0.001652044789623622 0.0008420970174098663 0.0001966417560625249
 0.03937007874015748 0.06932153392330384 0.06321452589105582 0.0427951694219721 0.03257765083898607 0.01238579567808588 0.007129317430761746 0.001798288786249716 0.0009232515559218327 0
 0.08223684210526315 0.06905812392096682 0.06134969325153375 0.04311756358476149 0.0332107697781995 0.01297209647996757 0.007704345732514746 0.00182480711218572 0.0009349653673245186 0.000190915447525696
 0.05791505791505792 0.05999520038396929 0.0589573851882499 0.04166666666666666 0.0334904007165388 0.01299199811025482 0.007428180346203282 0.00186942006435337 0.0009609140913683709 0.0001967450029750229
 0.07707910750507099 0.06160164271047228 0.05160973212091424 0.03668727495074393 0.02690314866480669 0.008819926500612495 0.004828930660132706 0.001796985981617779 0.00092290713805525 0.0001888299717291717
 0.07971303308090873 0.06474237928243863 0.06027000964320154 0.03915582691797186 0.03053371256483185 0.01161751563896336 0.007324755231096027 0.001834272531296093 0.0009421930563285747 0.0001927993229364808
 0.07753816331475648 0.06864988558352403 0.0617134559535334 0.03969484587235626 0.02980070776680946 0.01205589286233042 0.006946741647370162 0.001837607959467619 0.0009477811283237621 0.0001908204623937592
 0.07377598926894702 0.0633828323071351 0.05994392342647201 0.04241618969746525 0.03301799295121498 0.01306652180934623 0.007497009619758411 0.001850603428903782 0.0009581158216859354 0.0001966270711384827
 0.07686084142394822 0.06362942224484602 0.0542604501607717 0.03964841884016432 0.03125449058772813 0.01264077223626752 0.007674536363060953 0.001837629344477829 0.0009499087893703268 0.0001947432439494963
