# Created by Octave 3.0.1, Thu Sep 10 08:56:22 2009 PDT <jwawerla@marvin2>
# name: prtA
# type: matrix
# rows: 100
# columns: 10
 268.6 327.3 529.5 943 1041.2 1375.8 1438.9 1787 1787 2349.6
 314.4 587.6 788.5 1094.5 1141.6 1588.1 1652.3 1808.4 2465.4 2625.5
 304.7 372 404.6 922.3 974.8 1811.4 1876.3 2553.4 2622 2782.2
 40.1 55.1 59 202.5 261.5 971.6 1113.4 2088.7 2157 2346.4
 40.1 58 62 151.5 804.5 1395.6 1763.7 1918.1 1986.7 2341.6
 40.1 94.40000000000001 100.2 395.8 740.8 924 1562.2 1865.8 1934.5 2304.9
 53.4 131.3 138.3 650.3 724.6 1136.1 1393.8 1707.5 1776.2 3302.8
 40.1 100.9 172.8 252.9 293.6 1710 1775 1930.7 1999.4 2951.7
 48.2 83.09999999999999 88.2 234.6 781.5 1235 1301.2 1790 1807 3397.5
 54.7 107.6 235.6 652.3 844.1 1137.5 1203.2 1359.7 2644.3 2945.8
 75.09999999999999 212 218.6 279 728 1558.6 1927.7 2599.5 2665.5 2917.9
 43.5 58.9 62 732.7 820.5 1651.1 1714.5 1869.1 1935.3 2910.5
 78.09999999999999 119.7 127.9 324.5 783.1 994.7 1057 2006.6 2117.9 2357.7
 40.9 50.5 52.8 133.8 479.4 1257.5 1319.4 2430.8 2539.1 2639.5
 59 72.90000000000001 91.09999999999999 205.3 238.1 1332.6 1394.5 2445 2550.8 3194.7
 40.1 53.9 56.4 263.4 691.4 813 915.5 1068 2736.6 2703.1
 40.1 107.6 171.1 347.5 773.4 1212.3 1274.9 1830.6 1936.6 2739.5
 49.6 57.4 62 431.6 487.2 601.1 889.4 2016.8 2105.2 2291.9
 58.1 67.2 72.59999999999999 295.1 437.8 840.6 1593.5 1760.1 2192.2 2377.7
 40.1 40.1 65.59999999999999 106.7 129.6 1637.6 1711.3 1008.2 1100.1 2412.4
 69.3 80.3 86.8 229.4 422.4 1398.6 1472.9 2143.1 2230.1 2414.5
 59.5 69.3 75.40000000000001 422.9 555.7 1069.7 1558.3 1720.1 1787.5 1946.8
 51 59.5 64.90000000000001 411.7 500.6 774.1 1269 2108.9 2195.3 2773.1
 72.3 84.09999999999999 154.3 329.2 364.3 1195.3 1570.4 2005.6 2092.1 2963.6
 72.40000000000001 83.5 90 298 377 1165 1235.3 2380 2461.2 3003.5
 41 59.8 64.8 126.3 254.5 1261.8 1331.9 2067.7 2437.8 2628.8
 60.9 70.7 76.5 173.9 299.9 1059.9 1130.2 1994 1729.1 1944.4
 66 76.7 109.6 275.7 689.7 1237.3 1675.3 1838.3 1787 2349.6
 52.1 59.4 64.59999999999999 385.8 631.4 1056.6 1125 1709.1 2324.2 3018.7
 51 68.5 74.40000000000001 149.4 517.1 805.6 1343.6 1876.5 1955.9 2138.5
 70.8 90.09999999999999 124.5 154.3 498.2 880.5 1540.4 1848.5 1927.6 2109.2
 60.5 66.3 71.5 140.9 491.1 1134.9 1450.2 1607.6 1684.7 3768.7
 40.1 69.59999999999999 75 175 202.1 1063.7 1378.7 2392.6 2469.7 2647
 89.3 97.5 164.2 314.2 384.2 861.3 933.1 1601.7 1678.8 1855.9
 40.1 94.3 100.6 390.2 467.5 1120.4 1184.7 2259.7 2335.9 2335.6
 63.9 69.5 74.5 130.9 154.9 754.2 1434.6 1597.2 2553.7 2738.1
 55 61.5 64.90000000000001 81.59999999999999 617.2 1161.6 1356.9 1769.5 1845.3 2779.5
 40.1 89.5 94.2 338.4 414.6 1021.2 1172.8 1876.3 1952 2127.4
 43 49.4 52.3 64.8 280.6 656.7 1548.4 2057.1 1269.8 2246.3
 89 114.4 120 143.3 252.1 1161.5 1224.5 1381 1492.7 1652.1
 40.1 40.1 40.1 86.3 340 1152.1 1214.5 1376.5 1452.5 2566.8
 129.4 145.7 180.2 210 413.8 1195.3 1353.7 1730.4 2127.9 2721
 62.9 72.3 75.5 94.2 559.9 806.1 1013.3 1645.7 2187.1 2726.9
 59.7 68.8 71.8 107.6 128.9 917.9 1304 2007 2082.2 2260.8
 66.59999999999999 76.3 79 116.8 138.8 1083.1 1144 1307.9 2174.8 2351.9
 41.5 47.7 49.5 63 126.4 798.8 859.8 1648.1 1722.7 1899.9
 42.6 49.1 50.9 117 430.5 1131.6 1192.4 1574.4 1648.9 3135.2
 43 48.8 50.6 63.4 195.6 906.2 1475 1634.3 2358 2121
 40.1 49 51 63.2 120.6 1046.8 1231.5 1753.9 1822.2 1993.7
 78.8 89.3 156.4 250.6 440.4 726.2 1021.1 1984.5 2052.8 2224.2
 98 168.1 173.3 216.8 266.1 930.7 986.8 1760.8 1829.6 2000.9
 48 77.2 81.2 144.4 166.3 1089.3 1485.3 1854.6 1994.2 2637.6
 40.1 40.1 87.2 198.6 437.6 940.3 1067.4 1918.3 1990.1 2164.8
 66.3 74.3 78.90000000000001 152.5 211.9 949.4 1309 1467.7 1538.7 1710.6
 86.7 96.7 102.3 139.2 160.2 1074.5 1183.2 1988.4 2059.4 2497.9
 46.9 52.6 56.1 131.8 174.1 525.6 1269 1751.4 1822.1 1993.8
 40.1 40.1 40.1 93.90000000000001 110.8 908.9 1412.8 1570.5 1641.1 1812.7
 64.5 72.40000000000001 77 170.3 471.4 862.8 917.3 1493 2334 2505.5
 59.6 66.8 71.40000000000001 133.7 336 949.4 1004.1 1682.2 1752.7 1923.7
 59 65.3 69.7 176.5 221.1 709.5 838.6 1507.5 2073.1 2243.3
 40.1 40.1 74.90000000000001 150 171.5 979.2 1362 1629.2 1701.5 2213.2
 67.2 73.7 78.40000000000001 238.6 315.4 519.1 1375.2 1825 1897.2 2133.1
 40.1 44.7 60.4 74 145.5 712.6 840.2 1838.4 2121.4 2919
 40.1 40.1 62.1 75.90000000000001 221.2 897 1394.6 1860.6 2083.7 2259
 59.5 65.8 70 145.5 224.3 586.6 641.1 1828.3 1900.8 2068.2
 57 63.1 67.5 156.4 178.8 851 906 1497.2 1569.8 2053.9
 66.7 73.90000000000001 136.9 189.3 233.4 614.3 669.3 2051.5 2124 3016.1
 82.40000000000001 148.5 156.5 180 220.1 725.6 780.8 1676 1748.2 1916.6
 40.1 40.1 40.1 62.2 73.40000000000001 1117.6 1172.9 2317.6 2384.6 2543.5
 80.40000000000001 89.2 95.2 130.7 149.3 670.3 1331.3 2074.7 2146.5 2314.6
 83.09999999999999 92.2 98.3 131.8 150.6 1080.7 1136 1290.2 1362 2146.1
 69 76.90000000000001 82.3 200.3 222.8 894.6 1119.1 1273.6 1989 2157.2
 59.9 67 71.90000000000001 129.8 204.3 940.9 1156.6 1310.7 1994.6 2164.4
 58.5 65.59999999999999 70.5 221.1 244.5 768.9 824.6 2209.9 2281.6 2892.3
 69.7 77.90000000000001 83.5 279.3 325.4 799.7 1043.7 1858.9 1930.1 2099.8
 40.1 56.9 61.2 74.40000000000001 107.9 804.9 924.9 1524.4 1595.5 2766.5
 40.1 40.1 40.1 66.8 121.3 854.5 910.3 1514.9 1586 2161.2
 40.1 40.1 49.9 139 158.6 588.6 644.4 1930.4 2001.6 2235.6
 77.8 87 93.5 112.1 129.7 851.2 1094.8 1247.5 1880.7 2050
 50.8 56.5 61.2 107.5 182 765.5 821.7 976 2802.5 2971.4
 84.7 93.5 100.7 237.2 380.1 800.7 1031 1683 2279.9 2510.1
 56.9 63.4 68.7 101.2 117.7 1001.3 1057.7 1212.1 1282.1 1877.8
 57.4 64.3 69.7 161.6 182.7 502.9 559.1 1611.9 1682 1593.1
 40.1 40.1 40.1 41.7 49.3 1042.4 1269.8 2047.1 2190.6 2349.6
 56 62.8 106.6 127.4 145.7 832.7 1212.7 1366.7 1977.1 2492.4
 48.7 54.7 59.3 73.09999999999999 187.6 1166.3 1386.7 1541 1612.5 2943.9
 40.1 87.5 94.5 161.9 269.6 1168.6 1445.8 1914.9 1986.5 2625
 40.1 46.9 51 125.8 164.3 1044.5 1101.3 1762.7 1834.4 2005.2
 40.1 69.3 75.2 91.59999999999999 616.1 947.9 1004.8 1337.9 1409.6 2917
 86.3 108.8 129.8 153.4 271.9 937.3 1172.7 1638.6 1778 1937.2
 47.9 107.5 164.2 190.1 269.1 951.8 1456.9 1749.9 1821.4 1982.9
 40.1 40.1 40.1 188.6 211.2 852.9 1083 1680.3 2008.6 2961.7
 40.1 40.1 62.5 77.5 224.2 787.7 844.7 2127.8 2195 2809.4
 40.1 46.3 63.2 78.3 170.7 1224.2 1281.1 1846.1 1919.1 2086.3
 40.1 43.2 107.9 296.6 422 944.3 1001.4 1361 1664.7 1831.2
 49.4 66.3 71.7 120.6 139.1 718.4 775.6 1690.8 1765.1 1931.8
 40.1 44.6 48.3 60.4 71.8 1006.4 1063.7 1221.2 1853.1 2054.4
 87.59999999999999 97.3 104.8 240.5 265 823 1283.3 1649.5 1782.9 2742.3
 65 72.8 128.3 186.7 359 940.8 998.2 1686.5 1759.3 1982.1
 57.7 64.5 69.8 218 348.4 852.7 1411.9 1999.8 2067 2226.1
# name: prtB
# type: matrix
# rows: 100
# columns: 10
 321.8 340.4 589.4 1503.7 1655.3 3111.5 3691 3827.8 4597.5 5243.8
 659.4 710 1476.3 2383.5 3068.2 3408.6 3471.8 4083.2 4151.6 4558.5
 53.1 318.7 353 2008.6 2969 3485.5 3546.4 3998.2 4066.3 5416.9
 334.5 964.4 1191.2 2465.5 2778.9 3645.7 3795.6 4870.2 4936 5095.8
 209.7 1082.4 1259.8 2873.3 3263.2 4362.6 4426.5 4401.6 4412.8 4573.1
 251 1662.2 1689.2 2394.9 2928.6 4279.6 4343.3 4498.5 4566.8 5535.6
 339.6 408.5 1424.1 3196.1 3511.9 4030 4091.6 3971.9 4037.4 5474
 319.2 494.1 1244.1 2866 2996.5 3575.5 3636.4 3971.9 4037.4 4673
 114.9 397 404.6 3114 3150 3703.7 3509.7 4290.7 4356 4932.3
 367.2 486 494.5 2594.8 3194 4169.7 4374.7 4546.7 4643.2 4583.4
 604.3 1814.7 1826.2 2572.5 2849.4 3565.4 3031.7 3944.7 4011.1 3893.1
 68.2 839.4 850.8 2729.8 3285 3484.4 3422.5 3683 4461.4 4798.9
 40.6 47.1 1012.4 2594.3 2691.1 3098.7 3793.9 3800.4 3866.1 5054
 800 911.9 1552.2 2310.3 3084.8 3445.1 4108.5 4998.9 5448.5 5733.9
 666 915 1164.6 3017.3 3144.8 3353.9 3926.5 4674.5 4742.6 6063.5
 243.4 278.8 1186.6 3125.5 3183.4 4051.6 4208.2 4194.4 4259.7 4417.2
 317.6 882.5 1385.3 2463.4 2685.7 3688.7 5009.2 5173.3 5536.2 5715.1
 611 1023.4 1119.3 2868.3 3479.3 3739.5 4024.6 4186.9 4268.1 5602.8
 328.1 596.1 727.7 2329.3 3249.7 3904.8 4328.9 4490.6 4570.4 4555.5
 40.1 890.9 1003 2401.9 2902.5 3756.7 4184.5 4346 4247.8 4405.3
 42 1213.9 1265.3 1891.8 2802.3 4074.2 4148.8 4684.4 4764.1 4947.1
 263.4 716.9 1618.7 2063.3 2390.1 3671.1 4267.7 5661.3 5739.7 5920
 301.5 763.9 777.1 2889.5 2963.4 3808.9 3984.1 4142.9 4221.2 4401.2
 290.3 393.5 1294.2 2683.5 3013.3 3531.6 3604.6 4648.5 4726.6 4906.2
 44.7 1197.3 1778 2479.1 2551.6 3304.4 3935.4 4159.5 4224.9 5116.2
 341.5 555.8 605.4 2684.3 2887.3 3796.8 4539 4557.5 4622.5 4779.7
 379 1035.3 1046.3 2720.1 2776.3 3388.5 3946.4 4528.3 4928.7 5102.9
 40.1 40.1 71.09999999999999 2186.7 2669.3 3662.4 4508.8 5012.1 5087.4 5922.8
 421.2 997.7 1715.3 2484.3 2516.4 3097.4 3573.8 4473.5 4563 4542.7
 40.1 40.1 40.1 1956.1 2575.4 3778.5 3907.1 4179.7 4253.8 4429.3
 320.5 1294 1313.7 2641.9 2760.2 3598 3654.5 4460.5 4533.9 4707.4
 316.2 479.8 1092.3 2259.5 3159.8 3656.3 3712.6 4913.8 4986.8 5159.4
 318 800.4 806.1 2554.5 2766.4 3493.2 3696.5 3856 3924.5 3958.6
 336.1 355.5 361.5 1965.9 2804.9 3411.2 3467.2 4324.2 4392.5 4563.9
 690.6 1596.6 1641.3 1849.3 2558.3 3502.7 3751 4631.8 4700.7 4049.5
 500 553.7 573.8 2272.1 2859.6 3190.5 3246.5 4817.2 4885.9 4928.4
 446.2 465 679 1205.9 2969.4 3486.6 4079.9 4488.9 4436.6 5218.3
 291.9 309.6 377.2 2429.7 3154.6 3863.7 4075.3 4821 4892.6 5066.7
 749.3 855.1 864.2 2123.6 2152 3778.3 3833.6 4135.3 4206.8 4380.3
 125.2 589.2 611.3 1803.6 2379 3043.9 3973.5 4133.6 4204.9 4378
 238.6 413.1 422.3 2124.2 2940.2 3877.3 4059.9 4367.9 4439 4611.5
 409.2 813.9 823.4 2625.1 2779 3031 3085.9 4297.7 4368.6 4540.6
 288.1 787.2 809.6 2638.8 2701.6 3504.7 3928.8 4614.9 4685.7 5218.2
 283.5 300 309.6 2364.2 2430.9 3349.5 3404.2 4843.7 4914.2 5085.3
 92.8 1248.7 1258.9 1336.3 3029.1 3324.3 3378.9 4591.5 4661.9 4832.5
 138.9 1281.7 1531 2115.6 2286.9 3571.3 4087.7 4241.9 4312.1 5190.8
 230.7 920.8 2067.3 2535 2583 3406.6 3578 4395.3 4973.2 5156.4
 299.1 1153.5 1219.3 2420.5 2653 3381.2 3435.8 4087.2 4056.6 4214.2
 380.7 834 1292.2 2707.3 2771.2 3453.8 3572.3 4307.9 4380 4550
 283.3 297.8 718.2 1850.6 3099.7 3291 3650.7 4485.7 3775.9 4612.5
 40.1 45.7 48.7 2492.3 2925.5 3507.5 3752.3 4315.9 4388.4 4555.7
 40.1 47.2 98.09999999999999 2355.6 2841 2973.5 3402.2 3705 3777.4 4729.8
 270.1 364 374 1775.6 2888.4 3853.9 4127.3 4731.4 5098.4 6057.6
 58.6 65.59999999999999 70.2 84.7 3109.1 3645.2 3975 4339.1 4411.5 5182.3
 118.3 369.1 379.3 1849.6 1931.7 3770 3825.1 3976.5 4311.9 5428
 89.09999999999999 337.8 384.7 1617.7 2835.7 3760.4 3815.5 4137.7 4209.9 4378.9
 768.7 858.1 1077.8 1231.6 2737.8 3488.5 3543.7 4114.3 4186.5 4358.2
 290 686.3 696.8 1792.6 3008.4 3617.8 3793.4 3928.6 3994.2 4151.9
 274.4 312.4 322.5 433.1 2988.4 3429.7 3582.8 4236.4 4308.5 4476.7
 351.4 1181.2 1306.8 2304 2350.7 3469.5 3852 4340 4412.2 4697.2
 152.3 198.4 294.4 2471.4 2809.4 3680.3 3936.3 4346.5 4418.2 4367.2
 441.7 458.6 469.4 2375.7 2516.9 3346.7 3463.2 4485.3 4557 4610.9
 183.1 632.5 643.5 1008.4 2594.7 3229.2 4228.8 4383 5286.1 5455.8
 275.8 738.1 955.5 2518.4 2893 3414.7 3470.3 4057.1 4128.2 5118.2
 717.9 788.8 800.5 2079 2652.7 3707.7 3827.2 4182.7 4253.7 4866.8
 275.6 1099.7 1275 2019.7 2756.8 3496.3 3552.3 4107.5 4181.2 5008
 41 1572 1633 2518.1 2544.4 2732.7 2961.2 3014.6 3735.2 3893.1
 290 723.5 772 2760.3 2848.9 3679.7 3840.3 4197.5 4478.1 4647.2
 641.7 657.5 740.2 1925.7 2903.6 3290.3 3346.4 3500.7 4298.7 4467.6
 40.1 40.1 376.2 1872.8 2359.1 3734.8 3791.1 4484.9 4555.1 4724
 662.9 679.1 691.4 1861.2 1906.2 3458.8 3949.1 4103.4 4173.6 6027.9
 579.7 788.9 1052.7 2126.6 2377.6 3741.9 3798.2 3952.6 4799 4969.5
 318.1 376.3 1198.7 1428.1 3070.5 3171.1 3227.4 3647.5 4859 5029.3
 475.9 493.1 505.7 564.5 3126.1 3409.6 3466.1 3929.7 3999.7 4049.5
 77.7 572.3 596.8 1852.7 2803.9 3641 4076.5 4393.8 4692.4 4360.4
 508.9 844.2 1350.5 2488.6 2596.1 3487.2 3543.6 3697.7 4661.1 4839.5
 283.9 374.5 789.7 2424.8 2683.4 3607.9 3664.3 4184.2 4255.7 4250.2
 169.6 258.3 443.6 1892.5 1919.3 3614.5 3743.7 4613.3 5226.5 5395.2
 661.6 725 1193.2 2690.7 2780 3327 3384 4322.1 4346.1 4517.6
 576.3 606.9 619.9 2157.3 2301.2 3204.9 3652.5 5270.4 5343.7 6023.9
 236.5 1001.6 1313.9 1461.9 1899.2 4073.5 4258.4 4303.1 4368.3 4720.1
 119.6 656.8 1693.1 2312.4 2339.6 3585.4 4272.7 4793.2 5203.5 5369.3
 59.3 1322.3 1334.7 2594.5 2705.6 3314.8 4180.6 4333.9 4407 4572.7
 304.8 321.5 370.9 695.9 3069 3903.6 4274.2 4427.4 4500.4 4666.1
 40.1 40.1 40.1 2188.3 2786.3 3378.9 3435.9 4163.6 4236.6 5224.2
 321.5 732.6 1197.7 1393.4 2905.8 3682.9 3739.9 4381.1 4452.8 4615.6
 308.3 542.4 1684.6 2110.4 2835.9 3904.7 3961.6 4008.8 4074.3 4231.8
 300.3 713.5 1142.9 2474 2629.4 3580 3981.4 3997.4 4068.9 5355.8
 353.4 529.6 651.8 2412.1 2473.1 2575.5 3860.8 4641.1 4941 5370.9
 366.8 555.1 667.4 2240.1 2704 4036 4093 4249.2 4322.1 4487.4
 283 329.6 341 1641.9 2542.3 3633 3956 4112.1 5210.5 5372.6
 295.2 1366.3 1378.2 1846.4 1872.7 3382.2 3439.2 4203.3 4104.8 4743.1
 335.8 922.4 1132.6 2394.8 2933.1 3735.7 3792.7 3840.6 4683.7 4847.5
 274.4 290.8 448.7 2462.3 2488.6 3990.8 4109.7 4771 4224.9 5116.2
 134.3 1220.5 1311.5 2494.3 2642.4 3260.3 3317.2 4125.5 4199.6 5017.2
 312.3 350.3 362.4 2547.5 2592.6 3511.9 3684.7 3842.3 3915 4688.4
 286.9 716.7 1341.9 2082.5 2129.3 3561.8 3698.9 4771.1 4722.6 4745.8
 424.8 1344 1356.4 2284.7 2311.7 3922.2 3979.6 4371.2 4323.4 4480.9
 301.4 831.3 1172.6 1978 2079 3449.8 3851.9 4280.3 4354.5 4522.6
 324.3 340.5 925 1821.1 2564.6 3507.2 3564.5 4744.7 5060.8 5496.8
# name: collectedA
# type: matrix
# rows: 100
# columns: 10
 16 17 25 38 39 42 42 43 43 44
 15 27 34 40 40 46 46 46 48 48
 17 18 18 32 32 44 44 48 48 48
 4 4 4 11 12 34 35 42 42 42
 4 4 4 7 33 43 49 49 49 49
 4 7 7 20 32 33 40 41 41 41
 5 10 10 36 37 42 44 45 45 49
 4 7 12 13 13 48 48 48 48 49
 4 5 5 10 31 38 38 41 41 48
 4 6 14 29 33 36 36 36 47 47
 6 14 14 14 29 43 46 48 48 48
 3 3 3 32 33 47 47 47 47 49
 7 9 9 17 35 37 37 47 47 47
 3 3 3 6 20 40 40 48 48 48
 5 5 6 10 10 38 38 48 48 49
 3 3 3 13 31 31 31 31 49 48
 3 7 11 17 33 42 42 45 45 47
 4 4 4 26 27 27 31 49 49 49
 5 5 5 17 22 31 45 45 47 47
 3 3 4 5 5 47 47 31 31 47
 6 6 6 13 20 45 45 49 49 49
 5 5 5 25 29 41 47 47 47 47
 4 4 4 23 25 28 38 48 48 49
 6 6 11 19 19 40 43 45 45 49
 6 6 6 17 19 39 39 48 48 49
 3 4 4 6 10 43 43 48 49 49
 5 5 5 9 13 34 34 43 47 41
 6 6 8 15 32 42 47 47 43 44
 4 4 4 21 32 39 39 43 45 47
 4 5 5 8 25 30 43 49 49 49
 6 7 9 9 27 35 46 47 47 47
 5 5 5 8 24 40 43 43 43 49
 3 5 5 10 10 36 39 48 48 48
 8 8 13 20 22 35 35 39 39 39
 3 7 7 24 26 42 42 48 48 47
 5 5 5 7 7 25 43 43 47 47
 5 5 5 5 29 43 45 47 47 49
 3 6 6 19 21 39 40 46 46 46
 3 3 3 3 13 25 42 45 37 49
 8 9 9 9 13 43 43 43 43 43
 2 2 2 4 16 45 45 45 45 49
 12 12 14 14 22 39 40 42 44 49
 5 5 5 5 31 36 38 45 48 49
 5 5 5 6 6 38 44 49 49 49
 7 7 7 8 8 41 41 41 47 47
 3 3 3 3 5 34 34 43 43 43
 3 3 3 6 20 39 39 42 42 48
 3 3 3 3 9 35 45 45 49 49
 3 3 3 3 5 37 40 44 44 44
 7 7 12 16 24 29 34 44 44 44
 9 14 14 15 16 39 39 46 46 46
 4 6 6 9 9 37 43 46 46 49
 3 3 6 12 23 38 39 49 49 49
 6 6 6 10 12 39 45 45 45 45
 8 8 8 9 9 39 40 48 48 49
 4 4 4 8 9 22 44 48 48 48
 2 2 2 5 5 27 39 39 39 39
 6 6 6 11 26 38 38 43 48 48
 5 5 5 8 18 38 38 48 48 48
 5 5 5 11 12 31 32 42 45 45
 3 3 5 9 9 38 46 47 47 48
 7 7 7 17 20 24 46 48 48 48
 3 3 4 4 7 31 32 47 48 48
 3 3 4 4 11 35 44 48 44 44
 6 6 6 10 13 23 23 47 47 47
 5 5 5 10 10 32 32 39 39 40
 6 6 11 13 14 26 26 41 41 46
 8 13 13 13 14 29 29 48 48 48
 2 2 2 3 3 38 38 47 47 47
 8 8 8 9 9 25 40 47 47 47
 8 8 8 9 9 41 41 41 41 48
 6 6 6 13 13 35 39 39 46 46
 5 5 5 8 11 37 40 40 46 46
 5 5 5 14 14 27 27 45 45 47
 6 6 6 18 19 35 39 46 46 46
 3 4 4 4 5 35 36 42 42 49
 2 2 2 3 5 33 33 39 39 49
 3 3 3 8 8 23 23 47 47 47
 7 7 7 7 7 35 38 38 46 46
 4 4 4 6 9 31 31 31 49 49
 8 8 8 16 22 32 36 45 49 49
 5 5 5 6 6 37 37 37 37 39
 5 5 5 10 10 21 21 47 47 43
 2 2 2 2 2 37 41 48 48 48
 5 5 8 8 8 37 43 43 48 47
 4 4 4 4 10 43 46 46 46 49
 3 7 7 10 15 40 44 46 46 48
 3 3 3 7 8 37 37 45 45 45
 3 5 5 5 34 40 40 42 42 48
 8 9 10 10 15 39 42 46 46 46
 4 9 13 13 16 37 48 45 45 45
 2 2 2 12 12 32 35 41 42 49
 3 3 4 4 11 27 27 48 48 49
 3 3 4 4 8 43 43 48 48 48
 3 3 8 20 26 42 42 45 46 46
 4 5 5 7 7 27 27 48 48 48
 3 3 3 3 3 34 34 34 48 48
 8 8 8 16 16 35 45 47 47 49
 6 6 10 12 20 36 36 46 46 46
 5 5 5 14 20 34 45 49 49 49
# name: collectedB
# type: matrix
# rows: 100
# columns: 10
 35 35 62 161 171 268 291 291 296 298
 88 90 167 247 283 290 290 295 295 298
 5 35 37 205 262 278 278 284 284 298
 43 111 132 239 251 283 284 298 298 298
 24 113 128 250 269 298 298 298 298 298
 27 162 163 215 243 296 296 296 296 299
 35 38 137 271 284 294 294 296 296 299
 38 52 132 267 272 288 288 296 296 294
 11 40 40 273 273 288 290 295 295 298
 42 49 49 234 266 292 294 294 294 294
 74 199 199 254 265 284 284 297 297 297
 6 86 86 252 279 282 282 284 298 299
 3 3 103 242 245 256 281 281 281 292
 111 120 189 241 283 288 297 296 297 299
 84 110 131 276 280 284 292 295 295 299
 27 28 121 267 268 297 298 298 298 298
 38 90 143 223 233 274 297 297 298 298
 66 106 113 258 290 294 298 298 298 299
 41 64 74 211 267 289 295 295 295 295
 3 100 108 218 244 282 290 290 290 290
 3 142 145 190 253 291 291 293 293 293
 33 78 180 212 230 280 290 299 299 299
 34 83 83 253 255 287 288 288 288 288
 32 42 138 254 271 288 288 298 298 298
 3 131 184 239 241 278 293 293 293 298
 36 56 59 234 244 280 298 298 298 298
 44 110 110 250 251 272 287 293 295 295
 2 2 4 207 237 272 293 296 296 299
 51 110 189 255 255 279 287 298 298 298
 2 2 2 205 248 295 296 297 297 297
 35 134 135 246 250 285 285 298 298 298
 37 50 112 217 274 288 288 299 299 299
 38 90 90 246 256 289 292 292 292 292
 43 43 43 209 262 286 286 298 298 298
 88 186 189 203 251 287 291 298 298 295
 58 61 62 229 265 275 275 296 296 296
 56 56 76 129 265 281 297 299 294 298
 36 36 41 222 267 290 293 298 298 298
 88 96 96 215 215 293 293 294 294 294
 13 66 67 190 227 261 298 298 298 298
 32 49 49 198 255 296 298 299 299 299
 46 88 88 253 261 265 265 294 294 294
 35 85 86 246 248 279 289 294 294 295
 32 32 32 228 230 275 275 298 298 298
 9 137 137 140 275 281 281 299 299 299
 14 147 169 214 224 286 295 295 295 298
 25 97 218 254 255 281 284 296 299 299
 36 136 141 245 258 289 289 298 298 298
 47 94 140 265 267 289 290 298 298 298
 34 34 79 186 275 279 286 295 286 295
 3 3 3 238 266 288 293 299 299 299
 3 3 7 247 279 280 293 295 295 295
 32 40 40 166 248 283 289 294 296 299
 5 5 5 5 269 287 292 294 294 298
 12 41 41 187 190 289 289 289 291 296
 8 37 40 163 264 297 297 298 298 298
 94 101 124 133 256 284 284 298 298 298
 34 75 75 173 271 290 292 293 293 293
 34 36 36 42 256 275 277 294 294 294
 45 137 149 241 242 281 290 291 291 294
 16 19 26 227 249 284 288 291 291 291
 56 56 56 239 245 282 283 295 295 295
 21 71 71 106 235 267 292 292 299 299
 35 85 106 248 270 285 285 290 290 299
 90 95 95 215 252 295 296 298 298 293
 36 136 151 216 262 289 289 292 292 296
 3 201 205 278 278 280 284 284 297 297
 36 83 86 260 264 290 292 294 295 295
 81 81 87 208 275 286 286 286 298 298
 3 3 38 173 209 281 281 295 295 295
 88 88 88 201 202 287 298 298 298 297
 68 89 116 210 228 293 293 293 299 299
 39 43 135 152 279 279 279 281 297 297
 58 58 58 60 284 291 291 295 295 295
 7 59 60 175 246 283 294 296 297 295
 64 99 151 253 258 296 296 296 298 298
 35 42 87 242 257 294 294 298 298 294
 19 26 44 182 182 283 284 295 298 298
 84 88 134 261 265 283 283 299 293 293
 67 68 68 215 223 260 268 294 294 297
 26 115 146 154 185 292 294 294 294 295
 12 66 171 218 218 277 292 296 299 299
 5 149 149 257 262 281 295 295 295 295
 37 37 40 66 261 289 298 298 298 298
 2 2 2 229 269 290 290 299 299 295
 40 86 131 145 267 297 297 298 298 298
 37 59 176 209 254 295 295 295 295 295
 38 81 118 232 240 285 294 284 284 298
 42 59 69 231 233 233 284 296 297 298
 44 60 69 215 242 295 295 295 295 295
 38 41 41 179 246 291 298 298 299 299
 40 156 156 194 194 283 283 298 297 295
 42 109 127 238 271 295 295 295 299 299
 34 34 47 224 224 292 293 297 293 298
 14 143 150 249 256 282 282 292 292 296
 42 44 44 259 260 296 298 298 298 298
 40 88 149 211 212 290 291 299 297 295
 50 150 150 230 230 295 295 298 298 298
 39 100 135 202 206 284 291 293 293 293
 37 37 104 176 233 290 290 294 297 298
# name: avgRateA
# type: matrix
# rows: 100
# columns: 10
 0.05743000717875089 0.04505698383249403 0.03971405877680699 0.02633402633402633 0.01910640799529689 0.006587408638915901 0.003671681717647676 0.0008303242126402379 0.0004224508041301934 8.758840456924819e-05
 0.04623921085080148 0.04234629861982434 0.03826674169949353 0.02508623392913139 0.01867762420620097 0.006982286243378212 0.003947718476180668 0.0008878869063703955 0.000468450813640507 9.54985371812612e-05
 0.05401970130282809 0.04265402843601896 0.0356718192627824 0.02249876959853758 0.01620417257443792 0.006459758639927181 0.003704857573486692 0.0009133567000422427 0.0004677359630488589 9.546877355642264e-05
 0.07984031936127745 0.03805899143672693 0.02515723270440252 0.01565836298932384 0.009512485136741973 0.005693616451202358 0.003149351233645869 0.0008063169171048615 0.0004111318852354709 8.360764603866973e-05
 0.07984031936127745 0.03703703703703703 0.02469135802469136 0.01074443591711435 0.01828761429758936 0.006723372318468947 0.004165356137949794 0.0009437941681224852 0.000480454804400966 9.754318575248398e-05
 0.07984031936127745 0.0484764542936288 0.03496503496503497 0.02232641214556821 0.01838235294117647 0.005570560432140445 0.003459549220736538 0.0007905016407729178 0.0004022190720511701 8.16237309251811e-05
 0.07886435331230283 0.05515719801434087 0.0419639110365086 0.03129618360427715 0.02145425026093007 0.006844738514691742 0.003861749372465727 0.0008702799400473819 0.0004421465922288315 9.735689926620715e-05
 0.07984031936127745 0.04638833664678595 0.0439882697947214 0.01726656926550671 0.01004947433518862 0.007153502235469449 0.004076433121019108 0.0009243087422276227 0.0004705910034764911 9.742486206926033e-05
 0.06872852233676975 0.03756574004507889 0.02656748140276302 0.01361285053090117 0.01740106651698007 0.006094627105052125 0.003362474781439139 0.000791658621355474 0.0004027227990216783 9.535208259874154e-05
 0.06182380216383308 0.03807106598984772 0.04171632896305125 0.02516705718996789 0.01789490808524484 0.005865580448065173 0.003213367609254498 0.0007009386737072063 0.0004578919628269665 9.344943331865978e-05
 0.07050528789659224 0.05343511450381679 0.04394224733207783 0.01797175866495507 0.01678240740740741 0.006556277254292074 0.003856569162537622 0.000912556203005732 0.000467537780461791 9.544301366087785e-05
 0.05607476635514019 0.02754820936639118 0.01851851851851852 0.02595927638517076 0.01812688821752266 0.007066500278149479 0.004012121729480558 0.0009061271547028964 0.000461076781056219 9.743284341846114e-05
 0.07945516458569808 0.05303476723629936 0.03949100482667837 0.02061855670103093 0.01962873647019236 0.006172118704855956 0.003346296463778602 0.000903731449469875 0.0004602523161952998 9.355883268037894e-05
 0.05893909626719057 0.02985074626865672 0.01963350785340314 0.009466708740927738 0.0135189941868325 0.006392329204954055 0.003533756206159337 0.0009154924204856687 0.0004681141145182667 9.549587726392374e-05
 0.07246376811594203 0.04068348250610252 0.03139717425431711 0.01417836381681554 0.008076892011953801 0.006000694817294634 0.003334942296722103 0.0009152445419010392 0.0004680607074737593 9.737781419398892e-05
 0.05988023952095808 0.02887391722810394 0.01918158567774936 0.0170290804296568 0.01832801229750503 0.005332874591432995 0.002839998167743117 0.0006070337589096891 0.0004769478452664386 9.548379550474227e-05
 0.05988023952095808 0.04441624365482234 0.04057543341940243 0.02005899705014749 0.01860832299537611 0.006760781031180078 0.003725088470851183 0.0008682129861510383 0.0004414508625949855 9.348778045090947e-05
 0.06711409395973154 0.03724394785847299 0.02469135802469136 0.0279089738085015 0.01815492200107585 0.004820481691096392 0.002846805149962349 0.0009420033527629535 0.0004798972040601262 9.755283730436425e-05
 0.07342143906020558 0.04266211604095563 0.02896871378910777 0.02138095837001635 0.01530115454166087 0.005307673869123035 0.003881485315047225 0.0008693955382620977 0.0004599176845199536 9.355510803923024e-05
 0.05988023952095808 0.03329633740288569 0.02415458937198068 0.008241305422778967 0.004426345609065156 0.007080872604555863 0.004013218003125187 0.0006077454213244145 0.0003066267985887254 9.354864649041305e-05
 0.07566204287515763 0.04604758250191864 0.03211991434689507 0.01782286811077598 0.0140607424071991 0.007032788422467414 0.003922286431503805 0.0009397216506114904 0.0004793108878891833 9.752903230300877e-05
 0.07194244604316546 0.04191114836546522 0.02850627137970353 0.02708852530068263 0.01864112618114032 0.006754864326078719 0.00406634193609787 0.000908737608782659 0.000461746285152892 9.363542112431038e-05
 0.06557377049180328 0.0365296803652968 0.02425712553062462 0.02522759679719206 0.01666000266560043 0.004849240574288633 0.003372082704765285 0.0009211478269547045 0.0004696889191577303 9.745947028590034e-05
 0.07290400972053464 0.0447427293064877 0.04325599685410932 0.02291365171249397 0.0139265557428718 0.006456507352347748 0.003716379727580723 0.0008652914301536758 0.0004407784735547608 9.742255702003088e-05
 0.07281553398058252 0.0449438202247191 0.03157894736842105 0.02130325814536341 0.01379811183732752 0.006326034063260341 0.003471202371098235 0.0009163802978235968 0.0004684700159670197 9.741482912146735e-05
 0.05882352941176471 0.03642987249544627 0.02427184466019417 0.009580073447229763 0.007971303308090873 0.006867035037848542 0.003794597552043347 0.0009218767105134278 0.0004783390506238908 9.748744998296954e-05
 0.0705218617771509 0.04142502071251036 0.028328611898017 0.01335509719542959 0.01000076928994538 0.005610653641149194 0.003054751936173653 0.0008270185021348617 0.0004620113615474825 8.168235366307503e-05
 0.07894736842105263 0.0473559589581689 0.03816793893129771 0.01933737269562975 0.01893827306622477 0.006733682843538069 0.004025592490128733 0.0009066655349423109 0.0004224508041301934 8.758840456924819e-05
 0.0644122383252818 0.03656307129798903 0.02430133657351154 0.02370738315646873 0.01961505455437048 0.006439256348446323 0.00350561797752809 0.0008315750999340542 0.0004397786642846951 9.343589015676753e-05
 0.06557377049180328 0.04219409282700422 0.0286697247706422 0.01231906375115491 0.01647880825258717 0.005167424555601488 0.003790683733559011 0.0009445510009349127 0.0004805999456627817 9.75826390527713e-05
 0.07425742574257425 0.04996431120628123 0.0400890868596882 0.01375515818431912 0.01802162595114137 0.005951874840574781 0.003985997019167447 0.0009064871693491615 0.0004611116125563635 9.360513609390148e-05
 0.07092198581560284 0.04299226139294927 0.02915451895043732 0.01248244655952567 0.01609549996646771 0.006520073676832549 0.00375539291890098 0.0008332106123904231 0.0004228758112085693 9.726686076367984e-05
 0.05988023952095808 0.04180602006688963 0.02857142857142857 0.01481481481481482 0.008318775476249896 0.005936969177235022 0.003427456563579319 0.0009161599157132878 0.000468431155746528 9.549445236915768e-05
 0.08056394763343404 0.05423728813559322 0.04920514761544285 0.02456398919184475 0.01589365698598469 0.00597137153873714 0.003201287832362276 0.000755789053461417 0.000383560781598524 7.771155026771628e-05
 0.05988023952095808 0.0485100485100485 0.03489531405782652 0.02696023365535834 0.01771720613287905 0.006862296581922751 0.003755129775496884 0.0009184897731904317 0.0004690436103068425 9.356294875378134e-05
 0.06765899864682003 0.04184100418410042 0.02865329512893983 0.01109526073862736 0.006061130833838427 0.004344652601577978 0.003760516327637171 0.0008333785554254882 0.00045829648272076 9.348804079102022e-05
 0.07692307692307693 0.04484304932735426 0.03032140691328078 0.008596973865199449 0.01793222854316102 0.006978706829394962 0.003962348880416311 0.0009078704642695024 0.000461484231476563 9.745822970109163e-05
 0.05988023952095808 0.04301075268817205 0.03089598352214212 0.02266221374045801 0.01484518591828079 0.00647711419650568 0.003580123156236575 0.0008867247664154921 0.0004511927181418707 9.161021684934939e-05
 0.05660377358490566 0.03018108651911469 0.01969796454366382 0.005311614730878187 0.01015149148836483 0.004419537893117896 0.003636867444840844 0.0008644353988216786 0.0003653606504604531 9.756169433204386e-05
 0.08080808080808081 0.05474452554744525 0.04090909090909091 0.01399036219493238 0.01038255730372973 0.006978820092509941 0.003830905608267629 0.0008368852299488138 0.0004236757914608637 8.571677463325679e-05
 0.03992015968063872 0.02219755826859046 0.01427551748750892 0.006822445846836092 0.01194029850746269 0.00731457551080119 0.004012662178429711 0.0008758868354208637 0.0004435573297848747 9.749947668648228e-05
 0.0860832137733142 0.06131834440470108 0.04996431120628123 0.01971830985915493 0.01556089970292828 0.006295094668539053 0.003523080581660604 0.0008119017057668218 0.0004308323190822489 9.746957059681215e-05
 0.06858710562414265 0.04088307440719542 0.02849002849002849 0.008414675193537528 0.01987306878646067 0.006200375467181067 0.003450373639145397 0.0008713213297525254 0.0004697266093274004 9.746842669449356e-05
 0.07173601147776183 0.04208754208754209 0.02910360884749709 0.00987491770901909 0.005314908317831517 0.006421196708291793 0.00389242745930644 0.00094218086026881 0.000480005329038755 9.755887777823792e-05
 0.09138381201044388 0.05542359461599367 0.03910614525139665 0.01297016861219196 0.007024938531787847 0.006739984547352501 0.003679109834888729 0.0007990972150487547 0.0004599960068431746 9.355991288178665e-05
 0.05825242718446602 0.03070624360286591 0.02006688963210702 0.005328596802841918 0.004438920454545454 0.005863282058356901 0.003130812722149579 0.0008325572479916976 0.0004227178397742097 8.567445420889702e-05
 0.05703422053231939 0.03027245206861756 0.01988071570576541 0.009724473257698542 0.01398112548060119 0.006360493182856024 0.003484507344269326 0.0008143575107029844 0.0004131869602130471 9.540179259968295e-05
 0.05660377358490566 0.03036437246963563 0.0199203187250996 0.005324813631522897 0.007527601204416193 0.005925976092919305 0.00392156862745098 0.0008715137031004584 0.0004787119717071455 9.758604001824261e-05
 0.05988023952095808 0.0303030303030303 0.01986754966887417 0.005326704545454545 0.004461895413171516 0.006118938942911953 0.003561412099897609 0.0008501774745478119 0.0004321258036066791 8.765050238678293e-05
 0.07882882882882883 0.05025125628140703 0.046801872074883 0.02131628030908606 0.01666203832268814 0.005064440641262967 0.00308499151627333 0.0008464061402918177 0.0004311493658184782 8.761027445511386e-05
 0.08333333333333333 0.06419073819348922 0.05122575923893157 0.02092633928571429 0.01263723244609431 0.006575952248469827 0.003549714202497543 0.0008887034203489899 0.0004517350554259272 9.163330185264608e-05
 0.06896551724137931 0.04716981132075471 0.03311258278145696 0.01396648044692738 0.007716710966303696 0.006076232079220928 0.003743916136278547 0.0008870958410632808 0.0004510060375982164 9.748574320743215e-05
 0.05988023952095808 0.03329633740288569 0.03205128205128206 0.01717721156598912 0.01599888703394546 0.006396983317340875 0.003523862876556373 0.0009437905324326875 0.0004804387876862558 9.757752833332802e-05
 0.07863695937090433 0.04827031375703942 0.03353828954723309 0.01532567049808429 0.009901807079792062 0.006555282885669144 0.003979131665045539 0.0008743347769571985 0.0004431807773784774 8.969314182319449e-05
 0.0827300930713547 0.05453306066803 0.03954522985664854 0.01408010012515644 0.007757283227029822 0.006420281504650589 0.003576793762071679 0.0009232828861823022 0.0004703143463512426 9.75128453273138e-05
 0.070298769771529 0.03898635477582846 0.02562459961563101 0.01266223488445711 0.007665445873434972 0.003981468075865064 0.003904516816044015 0.0009275111397952519 0.0004714104305450388 9.561871082869948e-05
 0.03992015968063872 0.02219755826859046 0.01427551748750892 0.00841892574507493 0.004501260352898812 0.004569378395302003 0.003417215757745689 0.0007562463036038044 0.0003837030492586168 7.771824029164666e-05
 0.08053691275167785 0.04901960784313725 0.03389830508474576 0.01641056243473072 0.01767024602419464 0.006481544654431329 0.003480714095976111 0.0008350649602858641 0.0004690523188774014 9.552134255246958e-05
 0.07183908045977012 0.04280821917808219 0.02917152858809802 0.01262427015938141 0.01347305389221557 0.006387198709113524 0.003453258330985723 0.0009287530329591233 0.0004717319540415144 9.563206519237883e-05
 0.07246376811594203 0.04336513443191674 0.02946375957572187 0.01626016260162602 0.009827204979117191 0.005429547245818373 0.002952410827966712 0.0008154152307916323 0.0004408605205485088 8.959800957026207e-05
 0.05988023952095808 0.03329633740288569 0.02858776443682104 0.01384615384615385 0.007682458386683738 0.006355365266256355 0.004048582995951417 0.000910337560915141 0.0004621367433125372 9.557693824057193e-05
 0.09067357512953368 0.05658852061438965 0.03923766816143497 0.02301651773625778 0.01520450053215752 0.004348535087242485 0.004043884942682326 0.0009261939218523879 0.0004710629928987254 9.559218462196578e-05
 0.05988023952095808 0.03167898627243928 0.02493765586034912 0.006968641114982578 0.006110868616324749 0.005426600847249939 0.002951975055810778 0.0009066637859193185 0.0004700288088490757 9.544280490496482e-05
 0.05988023952095808 0.03329633740288569 0.02467612584824183 0.006945650286508074 0.009007533573534229 0.005935221298965575 0.003861478244080529 0.0009255581308353549 0.0004310188600138906 8.760420420540001e-05
 0.08633093525179857 0.05181347150259068 0.03529411764705882 0.01549186676994578 0.01061831250510496 0.004116994236208069 0.002161430679159109 0.0009068404713255113 0.0004612328853159151 9.361278009640921e-05
 0.07462686567164178 0.04420866489832007 0.02985074626865672 0.01523461304082876 0.008483203257550051 0.0054691505725517 0.002934164679992665 0.0007573227282260007 0.000383972401245252 7.96727203991444e-05
 0.07822685788787484 0.04842615012106537 0.04643309413254538 0.01885971275206732 0.01135073779795687 0.004631031473202358 0.002436898390709794 0.0007876814308905604 0.0004014727194391133 9.14483651716118e-05
 0.08658008658008658 0.0654911838790932 0.050682261208577 0.01911764705882353 0.01147446930579461 0.005064971356713707 0.002689967349361829 0.0009288644631937457 0.0004717528172488555 9.563341798219067e-05
 0.03992015968063872 0.02219755826859046 0.01427551748750892 0.005336179295624332 0.002794857462269424 0.0062115862429711 0.003401086557652892 0.0008983592519534536 0.0004590534123295886 9.352424218003019e-05
 0.08849557522123894 0.0574712643678161 0.04098360655737705 0.01426985888695101 0.007830853563038372 0.004408937798705536 0.003530045096326106 0.0009025496066227939 0.0004601234501426872 9.356686029034395e-05
 0.08592910848549946 0.05625879043600563 0.04034291477559254 0.01424501424501425 0.007822005909960022 0.006742644761293931 0.003681752873563218 0.0007993729796335363 0.0004044908348296206 9.558970984739302e-05
 0.0759493670886076 0.04728132387706856 0.03291278113000548 0.01856347279737255 0.01063133791298659 0.005937637838021239 0.003507478123229398 0.0007606253510578544 0.0004510290325427252 9.160478033571957e-05
 0.07153075822603719 0.04273504273504274 0.02908667830133799 0.01270244522070499 0.009133936726729221 0.006228012590684913 0.003585321692988903 0.0007795644962941453 0.0004510042688534491 9.160346691242947e-05
 0.072992700729927 0.04325259515570935 0.02932551319648094 0.01941478297046179 0.01124949779027722 0.004680268335384563 0.002494318496757386 0.0008619055006809053 0.0004399618308669399 9.345937489995373e-05
 0.07528230865746549 0.04691164972634871 0.0326975476839237 0.0230976517387399 0.01433529500528142 0.006034794903184647 0.003531425156424024 0.0008870222854707678 0.0004512896583050541 9.161525258524301e-05
 0.05988023952095808 0.03741814780168382 0.02481389578163772 0.006963788300835655 0.004513042693383879 0.006029388964495513 0.003295224670248698 0.0008151477746465752 0.0004134041369942566 9.746074967206446e-05
 0.03992015968063872 0.02219755826859046 0.01427551748750892 0.00529287226534933 0.004459109961651654 0.005636689725851908 0.003024664766321733 0.0007570625197758318 0.0003839111688618511 9.757822786786395e-05
 0.05988023952095808 0.03329633740288569 0.0200133422281521 0.01251956181533646 0.006904885206283446 0.004115520881795082 0.00216076058772688 0.0009050575385515998 0.0004607770858496337 9.358157804823075e-05
 0.07972665148063782 0.05109489051094891 0.03617571059431524 0.01143603986276752 0.006196335310259361 0.005981678971834837 0.003425027941017414 0.0007414995853456266 0.0004515084800163328 9.162434020515885e-05
 0.06578947368421052 0.03755868544600939 0.02481389578163772 0.009876543209876543 0.007614213197969543 0.005376810337351487 0.0028646146169271 0.0006081293157564344 0.000476642105007174 9.742104620660339e-05
 0.08447729672650475 0.05574912891986063 0.03986048829098156 0.02170374389582203 0.01594087384972103 0.005516575585705174 0.003263530051672559 0.0008706924907609852 0.000479077511808283 9.751047789885218e-05
 0.07473841554559042 0.04409171075837742 0.02963841138114997 0.009980039920159681 0.005368166771047687 0.006165330844983587 0.003346084628810693 0.0007224855063549435 0.0003653162799744476 7.77081592371689e-05
 0.07418397626112759 0.04374453193350832 0.02946375957572187 0.0151148730350665 0.00845522955948254 0.003816169655999564 0.001988805864136148 0.0009106427006174932 0.0004622253692885663 8.572685708794639e-05
 0.03992015968063872 0.02219755826859046 0.01427551748750892 0.003692080487354624 0.001906032593157343 0.006123394677611546 0.003638041491419546 0.0009222415850258708 0.0004697105213199648 9.555098680281621e-05
 0.07575757575757576 0.04432624113475177 0.03872216844143272 0.01275103602167676 0.00698263070611853 0.006343545870694533 0.00383493716945963 0.0008371182108253013 0.0004706939106917141 9.353375294830329e-05
 0.06814310051107325 0.03820439350525311 0.02510985561833019 0.006979584714709474 0.008420343550016841 0.006973387606830676 0.00403980082025521 0.0008924933548049126 0.000452700209127814 9.742637300104445e-05
 0.05988023952095808 0.05090909090909091 0.03598971722365039 0.01510802235987309 0.01181474480151229 0.006484453522679376 0.003844204861171784 0.0008860654648280166 0.0004510400886391826 9.549863218104949e-05
 0.05988023952095808 0.03095975232198142 0.01986754966887417 0.01118568232662192 0.00687108133642532 0.006121267267764083 0.003332942988658986 0.0008693518692031134 0.0004418938983290519 8.964050571587704e-05
 0.05988023952095808 0.04191114836546522 0.02853881278538813 0.008451656524678837 0.021038302085267 0.006725062627145716 0.003634777551613841 0.0008181090383517829 0.0004141619728309745 9.544318446184956e-05
 0.08307372793354102 0.05667506297229219 0.04351610095735422 0.01530456075910621 0.01179337998270304 0.006568642312162093 0.003759162959714303 0.0008908064897189312 0.0004519640786810509 9.16449308797993e-05
 0.0690846286701209 0.05714285714285714 0.04920514761544285 0.01883784958701637 0.01260735954613506 0.006216606740817904 0.004189614991838979 0.000869566897713812 0.0004419503169274828 8.964448788992613e-05
 0.03992015968063872 0.02219755826859046 0.01427551748750892 0.01742666279407493 0.009907529722589167 0.005467375147362846 0.00315798971397636 0.0007933390479544429 0.0004117299913928826 9.74229250457838e-05
 0.05988023952095808 0.03329633740288569 0.02461538461538462 0.006926406926406926 0.008985459892174481 0.004665065570088291 0.002489695427259399 0.0009208138459708638 0.0004696902979597828 9.745243426236661e-05
 0.05988023952095808 0.03115264797507788 0.02450980392156863 0.006916825177243646 0.006833518407790211 0.006908518363805791 0.00381168503071509 0.000925816985269866 0.0004709617726216185 9.560109487153902e-05
 0.05988023952095808 0.03218884120171674 0.03848003848003848 0.02510670348983178 0.01828410689170183 0.007065592248035934 0.003817695929608959 0.0008761511652810498 0.0004524677690486472 9.166428870903205e-05
 0.06734006734006734 0.04299226139294927 0.029120559114735 0.01127940702545923 0.006145202352734616 0.004721600447677672 0.002505660937674004 0.0009285985126947154 0.0004716744738618642 9.563052191552717e-05
 0.05988023952095808 0.03171247357293869 0.02022926500337154 0.005353319057815846 0.002799029669714499 0.005660628662759723 0.00307311297305603 0.0006637876504259955 0.0004712669521104414 9.560716926293245e-05
 0.08196721311475411 0.05431093007467752 0.0390625 0.02160702228224173 0.01264822134387352 0.006010647432594883 0.003988194942968813 0.0009099797674711276 0.0004617671534216455 9.746544104206072e-05
 0.08 0.0488599348534202 0.04380201489268506 0.01747487986020096 0.01471670345842531 0.006059789927282521 0.003273262897565056 0.000889980942799377 0.000452047134758199 9.163673366042335e-05
 0.07385524372230429 0.04366812227074236 0.02944640753828033 0.01949860724233983 0.01483239394838327 0.005809284603687188 0.003943252219174721 0.0009423113165819868 0.0004800768122899664 9.756561835396449e-05
# name: avgRateB
# type: matrix
# rows: 100
# columns: 10
 0.1054852320675106 0.0896516393442623 0.08993327531186539 0.08035135000249538 0.06439950288103038 0.03303951180422857 0.02125483894529253 0.005406128431776888 0.002829895551996941 0.0005898142639256533
 0.1314610098595757 0.1184210526315789 0.1059442999429043 0.08565978845153459 0.06956393490978811 0.03448849986918155 0.02152644783919001 0.005454558901840128 0.002832409679736077 0.0005906153597650223
 0.07923930269413629 0.09492812584757256 0.08167770419426049 0.08171888702862154 0.06601158982111363 0.03276177007836898 0.02052205752081734 0.005259434573745051 0.00272902947447925 0.0005896122587115706
 0.1248185776487663 0.1094242902208202 0.1022304832713755 0.08059349182262687 0.06642144539416232 0.03273303491909273 0.02058627388442692 0.005430998975764623 0.002839826179766715 0.0005899870875980359
 0.109239872553482 0.09978806075591663 0.09413148992498897 0.07411140426288797 0.06309814224057046 0.03182876551385299 0.0206564308737393 0.005477780065292198 0.002854056207668025 0.0005905982701019932
 0.103448275862069 0.09461511505665225 0.0911021685669573 0.07426854122767626 0.06185409560657741 0.03189792663476874 0.02063681300676971 0.00543134214703157 0.002830726387342828 0.0005914519175306349
 0.1001144164759725 0.08287895310796074 0.08988911488747459 0.07332052704201726 0.06294465746137991 0.03255813953488372 0.02086349314485225 0.005484335367107698 0.002845130693385264 0.0005915239952994615
 0.1154313487241798 0.09557066715677265 0.09820697864742207 0.07932263814616755 0.06805955210809458 0.03358404757740074 0.02111994368015019 0.005484335367107698 0.002845130693385264 0.0005825554368868555
 0.08807045636509207 0.0894854586129754 0.07927070947284978 0.07553956834532374 0.06578313253012048 0.03308937578271309 0.021466057721489 0.005433711482813816 0.002826861895818161 0.0005901781288303403
 0.1113467656415695 0.09141791044776119 0.08242220353238015 0.07561070182241178 0.06342393896041965 0.03184400798281296 0.02045260074992869 0.005389876931143405 0.002809547108651111 0.0005826588825553912
 0.1204623148298877 0.1067195795570333 0.1033122209531721 0.08266883645240032 0.06884189743856185 0.03315665351297079 0.0217930124235518 0.005505638181322725 0.002855464464850386 0.0005894107301727291
 0.07672634271099744 0.09669440071958624 0.09045014724442575 0.07802340702210663 0.06511085180863477 0.03323747112347367 0.02100949897560067 0.005290315369856379 0.002852728376223179 0.0005923150783410978
 0.05928853754940711 0.03089598352214212 0.09259259259259259 0.07820831852115179 0.06637587710980467 0.03161001148332448 0.02037132355606464 0.005223009494353201 0.002705406287518257 0.0005781559991604858
 0.137037037037037 0.1247530928370933 0.1143929306379373 0.08575596911361776 0.06928123775949863 0.03410261571799032 0.02105113938405926 0.005381925820334589 0.002816540775828959 0.0005912200072014156
 0.1242603550295858 0.1139896373056995 0.1035900680056935 0.07846928041395389 0.06755452615325226 0.03399609763104658 0.02096722076616522 0.00539556831795444 0.00281642808179289 0.0005908349446265143
 0.10655090765588 0.0851581508515815 0.09404632364371211 0.07364501448076127 0.06406272410001435 0.032811878562906 0.02097380385974296 0.005498723115303426 0.002858247242223026 0.0005907808060470578
 0.115995115995116 0.09651474530831099 0.09627684642833098 0.07525140041843828 0.06321729929185772 0.03153521240231565 0.0197878634437545 0.005383038534943532 0.00282367566768559 0.000589264587907302
 0.106280193236715 0.09875163033351965 0.09267612564586239 0.07659650268681531 0.06474225883508583 0.03364036844213056 0.02124837785034867 0.005499484192673875 0.002858016977388099 0.0005913733072680768
 0.1212658976634132 0.09905587370376102 0.08940437356530143 0.07457675043296928 0.06282796432689366 0.03245440661216423 0.02058776319187098 0.005413777789196669 0.00282106599955628 0.0005846730438970539
 0.05988023952095808 0.1062812201084068 0.09791477787851315 0.07512319514800647 0.06252402306213965 0.03220391243276576 0.02044485177482463 0.005336179295624333 0.002781833285690441 0.0005749344822506821
 0.0576923076923077 0.1123506606535327 0.1062037647403501 0.07943808010703235 0.06653867396049759 0.03206894271671332 0.0205671152323872 0.00535801800879227 0.0027967595769925 0.000580258803347915
 0.1207022677395757 0.1017081757725909 0.1047303194274743 0.08270588694261304 0.06784460635379487 0.0322911741301565 0.02032563062021209 0.005371775362774495 0.002827698584353843 0.0005910025300442758
 0.1091492776886035 0.1019781299913994 0.09463003078326303 0.07464227762206815 0.06433869909673512 0.03258068544313138 0.02059481840089816 0.005319257003226646 0.002763353329265063 0.0005709740579522808
 0.1065601065601066 0.09470124013528748 0.09898149476402238 0.07978639861787341 0.06752547778636035 0.03375685686155 0.02116931038031254 0.005453031647712197 0.002845504389524724 0.0005902086367725332
 0.05484460694698354 0.1050268580133088 0.0979765708200213 0.08022557148131987 0.06785674062394415 0.03347622946871538 0.02102558950586277 0.005409946546773881 0.002811228410869188 0.0005899632599390001
 0.1024182076813656 0.09243974909210961 0.08364048766657216 0.07348553842288728 0.06276850255961722 0.0318297562750091 0.02049659536419286 0.005462127113595747 0.002848335683050969 0.0005903565456376316
 0.1131105398457583 0.1013544642034461 0.09596091773532235 0.07763734045526537 0.06646717686624473 0.03242534422125529 0.02057878735731085 0.005373356587313376 0.002811432906344975 0.0005840394105834672
 0.03992015968063872 0.02219755826859046 0.0233781414377557 0.07704619049391448 0.06458997628975553 0.03140007388252678 0.020194640494045 0.005380634442240889 0.002816703049081051 0.0005909992591755106
 0.1182745825602969 0.1049918869905507 0.1041150223103619 0.08544717354153403 0.07251734728699806 0.03445550423592758 0.02114367384225493 0.005470549900410291 0.002849956485563727 0.0005906338551722183
 0.03992015968063872 0.02219755826859046 0.01427551748750892 0.08346565693579253 0.06936286849023886 0.03360482998234322 0.02128409229817863 0.005481757927784761 0.002848817021537824 0.000588784196318493
 0.1059001512859304 0.09970238095238096 0.09549409351347528 0.07829657213787836 0.06648582522206266 0.03314724354501047 0.0208722399209052 0.005471855748661874 0.002850749852440214 0.0005904411149905866
 0.1134273451870018 0.09437523593808986 0.09393608991025749 0.0786374343178112 0.06586855137266215 0.03327056594618948 0.02100258156731765 0.005444897275366119 0.002847977079023268 0.0005918923808999693
 0.1158536585365854 0.105832549388523 0.09932678512305484 0.08053691275167785 0.06796941376380629 0.03402722177742194 0.02131931515350637 0.005421865715983363 0.002809732065104956 0.0005794126739775846
 0.124241548685351 0.1060419235511714 0.09317443120260022 0.08475607283344823 0.06885857709795264 0.03400228267072475 0.02123678270167518 0.005485584693377905 0.002854611202912086 0.0005906090388154998
 0.1256066228946617 0.1129600388679704 0.108539596852926 0.08640871749031626 0.07053930247590141 0.03375398402860268 0.0211620973020144 0.00545469854553575 0.002846208287050612 0.0005852599794266238
 0.1137254901960784 0.1010435646844459 0.09201543484713566 0.08260885249449876 0.06865996476318789 0.03357548379219828 0.02076020080776054 0.005399765037251082 0.002822114316604997 0.0005862217296551352
 0.1227531784305129 0.1087378640776699 0.0975609756097561 0.07561990738026847 0.06676071950420719 0.03311102208187024 0.02109389981462937 0.00548735614042493 0.00281510504937924 0.0005898440337572887
 0.119244783040742 0.100111234705228 0.08591785414920369 0.07577567669044613 0.06426611466807874 0.03271771382154179 0.02081660781652967 0.005435873114317506 0.002841001176441427 0.0005900210803840364
 0.1158962202028184 0.1060656281073915 0.09956440572495333 0.08194846775423083 0.06821065989847716 0.03337776106991103 0.02118031459634513 0.005430837180176336 0.002821313004525616 0.0005828935031760757
 0.09615384615384616 0.1032540675844806 0.0941937297905244 0.08247959715228338 0.06717963894643386 0.0324469473762727 0.02132608151143236 0.005504898990645366 0.002859750357228883 0.0005908267212289196
 0.1287208366854385 0.1058086806305334 0.09381581466590083 0.07545156619160126 0.06471752702908481 0.03334347155103466 0.02119502983662757 0.005499568679312609 0.002862915194515459 0.0005925350492408517
 0.1097328244274809 0.1018636416251881 0.09529997834091401 0.08095740936290038 0.06906589044720826 0.03299713609762171 0.02025080430081232 0.005414593988327315 0.00281693919435539 0.0005827083093015706
 0.117410265011741 0.101528905876732 0.09454705364995603 0.07837390085382949 0.06699805489518046 0.03280538996084518 0.02074837746252369 0.005383146357495848 0.002808406496780363 0.0005839061221468269
 0.1090289608177172 0.09142857142857143 0.078125 0.07960337965225893 0.06703780349179515 0.03293610395832085 0.02051595768490473 0.005433623187348775 0.002840416263956643 0.000589999352584603
 0.08754863813229573 0.1054901054901055 0.100816837147693 0.07624026575178348 0.06825345610682286 0.03375659214588615 0.02100322149055603 0.00547704312942491 0.002856818001584149 0.0005922756557868204
 0.09402283411685695 0.1103852218968236 0.1036174126302882 0.08181679155834226 0.0681493200279899 0.03336716717417428 0.02094025284468011 0.00543860004903958 0.002828051587495602 0.0005898761418458136
 0.1038637307852098 0.09991759373712403 0.1005859825589443 0.08369028006589786 0.07116941110801005 0.03342611757428687 0.02091618795109736 0.005441646612850742 0.00284834605404046 0.0005918958960036931
 0.1164671627305079 0.1130037390943083 0.1068748578791784 0.08388974490669406 0.07062688201478237 0.03448193576098887 0.02150969797109216 0.005509621500096142 0.002863826033139657 0.0005910186583400468
 0.120296902994625 0.1063348416289593 0.1005602643298377 0.08262401396813519 0.07079974543911753 0.03418580993162838 0.02136704906316542 0.005487231139484311 0.002854953056141023 0.0005906253096818947
 0.1159222638936243 0.09775733179988499 0.0965534099242239 0.07912873308942397 0.06707807888382077 0.03365094680979375 0.02095130652640524 0.005414264660268658 0.002755938517517073 0.0005846070004211152
 0.05988023952095808 0.03134796238244514 0.02017484868863484 0.07953747953079571 0.06776206852630239 0.03385248310314429 0.02130552707547101 0.005504833759543706 0.002864302930210636 0.0005926005790837365
 0.05988023952095808 0.0308641975308642 0.0353356890459364 0.08649670822244013 0.07263733402759698 0.03511632281933906 0.02186208234468968 0.005492970859324086 0.002842622767577527 0.0005844711368340051
 0.1142449125312388 0.0966183574879227 0.08438818565400844 0.07294779398839867 0.06377944655899599 0.03196331560103458 0.02045684596490483 0.005371687915894715 0.002816408242180661 0.0005908418330245411
 0.0728862973760933 0.04325259515570935 0.02937720329024677 0.008551393877201984 0.06546445693704217 0.03319761254800351 0.02089445438282648 0.005410468704855251 0.002815781786489036 0.0005898860668713057
 0.09353078721745907 0.09782868050584585 0.08554141456290423 0.07958801498127341 0.06480881399870382 0.03295324971493729 0.02090400792760993 0.005354181912498958 0.002789710474068635 0.0005856422675435473
 0.08072653884964683 0.09541000515729757 0.08252527336496802 0.07697029796477312 0.06882707198164612 0.03390256152687092 0.02149759328290688 0.005504482089191081 0.002859613146159818 0.000590825666973777
 0.1207140105303711 0.1112212311419447 0.1052810324333503 0.07680757680757681 0.06848948579378243 0.03345703009954645 0.02096915909241935 0.005506862326593895 0.002860255407370437 0.0005908499157939734
 0.1133333333333333 0.1018606546244737 0.09412650602409639 0.07546017621913985 0.06760802315138209 0.03365127990902551 0.02116954485478562 0.005433109704312739 0.002817464820153432 0.0005811740469489453
 0.119549929676512 0.09933774834437087 0.08520710059171598 0.0450112528132033 0.06418613980543576 0.03262275051306689 0.0203934387607857 0.005420713764187888 0.002818562245646328 0.0005827821185795101
 0.1245157719977864 0.1112735542560104 0.1059141313619562 0.08594864479315265 0.07222371444772735 0.03317787354625421 0.0209356049667918 0.005355171144644829 0.002787030634351158 0.0005825275036199923
 0.09858287122612445 0.07648953301127213 0.06592292089249494 0.07639496533620516 0.06536462435029139 0.03271776321094894 0.02066545639803965 0.005354530650547873 0.002786870488094987 0.0005769605953757501
 0.1239760903254372 0.1101061738104601 0.09834913944502986 0.08311019925583336 0.06966362421450709 0.03378580756466627 0.0210202626418682 0.005414304408712075 0.002821427546697017 0.0005846088540695415
 0.1087519419989643 0.104029304029304 0.09549428379287156 0.07027313709891275 0.06537402286699864 0.03244543819569338 0.02052175868660745 0.005369324972877554 0.002839881047925604 0.0005915452943659961
 0.1224632610216935 0.1078543332064459 0.1004263382283278 0.08216273522395971 0.06935525301823786 0.03386930015330315 0.02115765795862008 0.005364697699284646 0.002785028455307976 0.0005919406586418782
 0.1236433576040665 0.1132570338578922 0.1054969461410328 0.08336564559906941 0.06899006214580995 0.03387806194517496 0.0214070816940523 0.005499910488034004 0.002858411739823143 0.0005803510945857403
 0.1260504201680672 0.1182917282769418 0.1098181818181818 0.08572449101083462 0.06974020442930152 0.03401480644515848 0.02132479357747393 0.005396664048422123 0.002802808952095004 0.0005861293286442987
 0.05882352941176471 0.123921085080148 0.1182919792267744 0.09211093071800139 0.07843358537411127 0.03620986201456153 0.02191155139956177 0.005357014860057418 0.002863059019503505 0.0005894107301727291
 0.12 0.1073044602456367 0.09862385321100918 0.07974726252185381 0.06859102600743069 0.03341129301703975 0.02109780857351358 0.005424604455925089 0.0028235582385208 0.0005845668023125858
 0.1242903176308117 0.1144876325088339 0.1035467745774815 0.0857484437481964 0.07044779178194488 0.03449814843853661 0.0214289995804112 0.00534572444846516 0.002857178469146787 0.000590721782726978
 0.05988023952095808 0.03329633740288569 0.07979840403191936 0.07290964261631827 0.06221904676847965 0.03217016989513212 0.02037545953549753 0.005414344157739117 0.002821478818345542 0.0005844778532425643
 0.1307772328726408 0.1206967494170896 0.1111953500126358 0.08512620701338303 0.06950657215608011 0.03392916252896392 0.02136338545139113 0.005507971772568822 0.002860609597825169 0.0005869241597153042
 0.1153128709513312 0.1060913100488735 0.1006332957404355 0.07995126779867509 0.0675035528185694 0.0335167412118647 0.02123465379542259 0.005430692867442904 0.002853080659166595 0.0005921149693199293
 0.1188661993294727 0.1008679333802486 0.1039501039501039 0.07883408536901614 0.06854194816361626 0.03414472959577046 0.02109258055248953 0.00523789552169253 0.002832374903441764 0.0005880846913238499
 0.11936612471702 0.1067943288528816 0.09575697540036321 0.05636449037106623 0.06883013014711228 0.0346033105022831 0.02160982021520708 0.005470084202211398 0.00283654664388455 0.0005852599794266238
 0.07981755986316989 0.0948095773742568 0.08610792192881746 0.07438262421898245 0.06467046978101422 0.0327508390232612 0.02088587361915249 0.005441796675356382 0.002836882142352263 0.0005848992109610509
 0.123337830025053 0.1107134869156788 0.1041020337814547 0.08465502241852373 0.07174438975556853 0.03487604863794891 0.02185534126820048 0.00551234037956933 0.002847285190008513 0.0005902866158452339
 0.1190881252126574 0.0989399293286219 0.09778577048443295 0.08274070021881838 0.06977249280556008 0.0341546718711881 0.02151592104974276 0.005499758232104563 0.002858356905185999 0.0005830438936861106
 0.1057906458797327 0.08433344145313007 0.08094186902133922 0.07607105538140022 0.0623437125338266 0.03285158743978176 0.02066401332974381 0.005401614625008926 0.002831986239207804 0.0005896375747138081
 0.1250744490768314 0.1135483870967742 0.1036189297865759 0.08180023192402922 0.0701058201058201 0.03398582923021496 0.02114465032875075 0.005504205470701611 0.002807963115056528 0.0005807527824599182
 0.1142759679345045 0.1035165169736642 0.09445756355049313 0.08090919354231739 0.06755119350539199 0.03168838133310583 0.01963010437648782 0.005319302918017601 0.002790864569974284 0.0005869287992128435
 0.1054766734279919 0.1093571700266261 0.1032604851828276 0.07849533615372853 0.063810706401766 0.03218162781727008 0.02061942433933681 0.00541405555115638 0.002816947291466853 0.0005844823695351146
 0.0925925925925926 0.09337860780984721 0.09536556801070772 0.07751386715972124 0.0652772787160139 0.03226407622242412 0.02045863781905316 0.005402130191337611 0.002842110766276787 0.0005916465444181116
 0.07215007215007216 0.1085768417984406 0.1038544643479473 0.0830505735983196 0.07070379965457686 0.03379516043681147 0.02080306898156636 0.005429391227208059 0.002825481050121161 0.0005846531134165602
 0.1175349428208386 0.09959623149394348 0.08494372478233171 0.05518856091646458 0.06414352420742198 0.03245878071791185 0.0208768267223382 0.005475183455391953 0.002851663725689089 0.000590489434499365
 0.03992015968063872 0.02219755826859046 0.01427551748750892 0.08518394524420637 0.07104561181100283 0.0346107484275979 0.0215839653465715 0.005520312534617345 0.00286847422114689 0.0005838991877269537
 0.1206636500754148 0.1098901098901099 0.1009478307775295 0.0765818104996303 0.06835987505760663 0.03420516186988218 0.02161587784481692 0.005479845019685148 0.002852963252301518 0.0005905485284244086
 0.1162425384857053 0.09959486833220797 0.09862153984086071 0.08006435795280417 0.0662165332777184 0.03312857255157389 0.02112938345175338 0.005462072847387833 0.002834513419739552 0.000585048384493005
 0.1224621334192717 0.106090373280943 0.09493925496821948 0.07800941492938802 0.06612663250123987 0.03321678321678322 0.02102793711645472 0.005259512495046058 0.002728961293912014 0.000589683545731542
 0.1155751238304898 0.1017943409247757 0.09177972865123704 0.07932419903162666 0.06708704039618785 0.03075704573955515 0.02048943783908577 0.005417167663169299 0.002830161709913189 0.0005896659265501832
 0.1167728237791932 0.0991571641051066 0.08991399530883502 0.07846428962446626 0.06533477321814254 0.03264718902169102 0.02093237777620095 0.005437868208194776 0.002827780499050537 0.0005847519680372592
 0.1296928327645051 0.1080084299262381 0.09297052154195011 0.08357066156216443 0.06944640487818649 0.03370786516853932 0.02135282315849814 0.00550708621546752 0.002841921671316076 0.0005916426810634372
 0.1310615989515072 0.1101461554755348 0.1055337572723583 0.08267984998295261 0.06753228669892436 0.03376201951754909 0.02105780105958688 0.005497820243416914 0.002852894391036725 0.0005844557359971836
 0.1214574898785425 0.1120937885643768 0.1030342365730975 0.08221638800607986 0.0689023925148102 0.03376947468434126 0.02138812560267388 0.005479136562371148 0.002856223079619845 0.0005922580581264639
 0.119549929676512 0.09976525821596244 0.08565700747220703 0.07561691928569017 0.06420913833629537 0.0324776438136762 0.02076585611317037 0.005422577641452594 0.002811228410869188 0.0005899632599390001
 0.09702009702009701 0.1125541125541126 0.1062699256110521 0.08315800020038072 0.07028332967274324 0.03413919591298138 0.0211756225032289 0.005394869331461142 0.00280231402039931 0.0005861186510083221
 0.1303133726341917 0.1099175618286285 0.09515570934256055 0.08498769483182937 0.0723709848020932 0.03477484462928371 0.02177614416099732 0.005534681839371646 0.00286772843189145 0.0005904633433223351
 0.1347254968002695 0.1147776183644189 0.1033358762743602 0.08170377541142304 0.06774678043012813 0.03387138218598893 0.02124258152114403 0.005459083348700319 0.002836064039662881 0.0005844526096106199
 0.1149954001839926 0.1076040172166428 0.102993683054106 0.08259417531511475 0.06945073527191473 0.03306359418080742 0.02110217745858251 0.005480842799128951 0.002856501992841491 0.0005907062090953295
 0.1252408477842004 0.1134687393623057 0.1060820367751061 0.08151735270379339 0.06690483923351738 0.03361026296480391 0.02100794836809391 0.005397906791229967 0.002807737088482049 0.0005807470269914569
 0.1106790308106491 0.09475032010243278 0.1014634146341463 0.07582611692731894 0.06536497783762554 0.03408877186383299 0.0213793357661543 0.005370382886379869 0.002826934498880648 0.000589519063226513
