# Created by Octave 3.0.1, Tue Sep 08 22:42:18 2009 PDT <jwawerla@daneel>
# name: prtA
# type: matrix
# rows: 100
# columns: 10
 196.5 239 259.5 580.6 621.4 1326.6 1385.4 2147.3 2857.7 3016.1
 295 371.2 456 862.3 1397 1887.6 1951.2 2106.9 2175.4 2335.6
 234.7 572.7 640.4 1466.8 1723.3 1861.3 1927 2568.9 2637.6 2798
 335 798.9 830.9 1163.6 1533 1679.7 1746.7 2493.9 2562.8 2516.1
 185.6 466.9 496.4 1247.4 1295 1754.2 1819.7 1974.1 2042.9 2203.3
 214.6 252.6 796.2 1085.5 1133.3 1265.5 1969 2118.3 2183.3 2343.6
 89.09999999999999 119.6 129.4 735.8 779.8 1195.4 1274.6 2144.5 2211.6 2370.6
 94.3 144.4 154.6 253.4 870.2 1392.5 1468.9 2502.4 2588 3074.2
 227.1 246.9 260 779 821.2 1553.4 1628.1 1786.8 1870.1 2852.2
 106.5 136.8 147.2 632.2 673.6 1686.3 2060.9 2218.9 2300.3 2475.9
 40.1 70.3 77 814.3 856 1429.7 1503 1661.3 1742.8 2904.9
 141.8 191.3 352.4 686.9 936.3 1588.2 1661 1819.1 1899.8 2081
 97.59999999999999 171.3 344.4 895.2 989.5 1199.4 1819.1 1977.3 2058 2239.3
 140.6 282.9 296.8 382.7 877.2 1720.5 1794.6 1951.6 2558.5 2735.8
 73.5 159.1 170.9 250.3 599.4 1395.3 1466.4 1621.1 2012.8 2112.9
 54.2 186.5 199.1 323.7 727.8 847.2 918.6 1073.5 2075.5 2997.6
 147.2 163.4 292.6 393.1 865.5 1222.2 1292.6 2428.2 2454.5 2961.7
 171.1 188.5 255.4 601.9 640.1 1495.3 1565.3 1842.2 1910 2608.3
 40.1 80.09999999999999 143 1019.5 1057.6 1225.6 1295.2 1415.4 1786.7 2574.5
 86 155.9 204.3 718.1 936.2 1357.8 1426.9 1581.1 1654.9 1824.5
 78.59999999999999 90.09999999999999 230.2 731.3 769.1 1032 1524.6 2158 2231.6 2783.5
 52.2 60.4 122.5 482.3 609.1 1295 1363.4 2450.3 2523.8 2692.6
 54.6 63.1 69.3 449.6 706.3 1265.2 1696.7 1849.3 1922.5 2090.7
 54.8 126.4 155.2 714.7 931.3 1510.2 1711.1 1863.4 1936.2 2103.9
 40.7 189.8 201.9 495.6 833 1122.3 1633.5 2041.3 2895.7 3063.2
 77.09999999999999 89.2 135.1 518 713.2 1445.8 1513.4 2546.4 2613.8 2781.3
 65.7 76 102.8 751.6 787.6 966 1476.9 1628.9 1695.6 2828.8
 67.8 78.3 85.7 545.1 897.6 1313.8 1379.6 1940.3 2008.4 2179.6
 67.7 78 139.8 534.8 877.9 1433.4 1810.9 1686.9 1754.4 1939.5
 75.7 134.1 415 565.8 997.1 1372.6 1588.1 1720.1 1787.5 1946.8
 52.1 60.3 65.7 416.5 450.9 1087.4 1151.1 1879.5 1950.2 2108.9
 78.8 90.09999999999999 97.59999999999999 225.6 627.2 1188.4 1251.7 1739.6 1807 3397.5
 119.7 135.2 145 279.4 312.5 1170.9 1234.5 1384.5 2066.5 2238.4
 53.5 61.7 137.3 618.5 653.2 1489.3 1552.2 2352.8 2418.8 1991
 180.8 198 209.8 431.3 598.4 1249 1408.2 2094.4 2160.5 2515.1
 114.6 128.4 137.4 638.4 805.5 1237.8 1300.5 1988.5 2054.7 1921.5
 40.3 95.90000000000001 103.5 165.3 547.1 1443.7 1506.8 1656.2 1722.3 3271.6
 178.8 212.4 223.6 269.8 710.8 1409.2 1887.6 2278.9 2619.8 2786.8
 65 138.7 148.7 506.4 576.9 1225.4 1287.9 2110.9 2177.3 2738.7
 101.6 146 156.3 418.9 757.7 918.1 980.8 1853.8 1920.1 2087.2
 64.59999999999999 73.90000000000001 179.1 344.7 377 1411.7 1473.9 1623 1689.2 2959.6
 159.9 239.5 251.8 573.8 606.9 1398.7 1616.3 2291.9 2358.1 2524.5
 65.7 75.2 121.3 826.8 921.5 1294.4 1356.1 2078 2433.3 2599.3
 117.8 132.3 197 298.2 672.9 1182.9 1244.5 2007.2 2074.4 2233.4
 168.8 249.9 354.5 402.9 804.2 911.2 972.3 1632.3 1698.4 1866.1
 153 169.1 297.1 366 757.2 1218.6 1580.5 1998 2064.1 2920.8
 162.5 246.7 259.8 497.7 530.1 1031.8 1897.6 2046.3 2112.5 2280.6
 67.09999999999999 76.7 170.7 394.1 460.1 858.2 1801.4 2124.2 2190.4 2809.4
 76.3 134.9 145.6 424.9 919.4 1025.4 1608.7 1757.1 1823.3 1992.9
 80.40000000000001 139.2 150.1 481.7 512.6 1009.4 1069.4 2004 2070.2 2240.6
 51 58.5 64.3 324.4 592.8 698.1 1586 2085.5 2857.7 3016.1
 74.59999999999999 132.6 142.6 509.9 574.4 1251.2 1484.5 1632.3 1716.8 3770.3
 151.3 166.6 195.6 340.8 924.8 1299 1358.4 1701.4 1769.2 2345.5
 67 75.8 82.40000000000001 134.5 380.8 1667 1726.3 1029.1 1099.6 2521.7
 40.1 41.3 45.1 309.9 802.7 1590.4 1649.7 2114.4 2182.1 2349.6
 83.09999999999999 170.3 200.4 663.1 830.3 936.3 1413.6 2332.1 2399.8 2573.5
 126.7 140.2 150.2 536.5 811.2 917.9 1563.1 1860.4 1928.2 2101.8
 87.5 157.8 221.3 427.5 733.5 1426.2 1485.6 2138 2205.8 2379.5
 50.7 57.6 63.1 719.8 751.2 1507 1668.2 1816.7 1884.4 2058
 81.7 152.3 163 203.8 861.3 1387.4 1560.5 1709.1 1776.9 2568
 64.3 134.4 429.8 500.9 532 852.5 912.3 2021.2 2087.3 2246.3
 64.8 74.09999999999999 197 266.8 840.4 1074.8 1266.1 2106.5 2172.8 2345.4
 119.4 133.8 199.1 764.1 835 993.7 1053.5 1998.5 2064.8 2235.5
 127.6 192.7 204.3 527.7 559.2 1367.1 1618.3 2110.8 2177.1 2346
 136.1 231.3 314.7 666.6 730.9 1117.3 1371.2 1677.5 1743.8 2560.8
 40.1 64 69.8 472.9 852.2 1202.4 1603.9 2317 2383.3 2551.8
 76.3 149.3 159.6 287.7 561.5 1466.3 1527.2 1912.1 1978.5 2146.9
 77.5 88.90000000000001 150.1 535.7 664.7 1318.3 1379.3 1900.2 1966.6 2135.1
 165.6 201.1 212.8 285 701.4 1552.6 1613.6 1761 1827.3 1995.7
 77.40000000000001 88.90000000000001 168.4 307.9 702.6 1093.5 1154.6 2003.1 1790.7 2574.5
 75.8 180.3 191.7 653.8 685.9 994 1446 2088.8 2154.7 2323.1
 155.7 281.5 294.5 443.4 773.9 1072.3 1133.1 1941.9 2007.8 2633.7
 66.7 76.5 139.4 615.3 647.3 1602 1779.8 2138.5 2204.4 2151.6
 64.5 74.09999999999999 135.5 796.8 828.9 1403.1 1769.7 1917.6 1983.6 2134.2
 107.1 182.5 194.7 761.7 794 1222 1283.1 1810.2 1876.4 2532.2
 66.09999999999999 76 156.6 644.7 718.1 1100.1 1584.8 1732.9 2333.4 2994.4
 95.2 108.4 244.1 644.1 825.7 1094.3 1155.5 1303.7 1369.8 2754.4
 207.6 398.9 413.3 783.4 919.6 1234.2 1295.4 1672.7 1739 1904.5
 75.2 103.8 113.1 325.6 625.4 1092.1 1153.5 1301.3 1897.3 2060.2
 74.59999999999999 103.2 112.4 625.6 873.9 1311 1372.4 2057.9 2123.3 2287.3
 78.5 167.8 180.1 632.7 830.1 1371.4 2093.5 2437.1 2489.8 2648.6
 99.8 114.1 124.2 625.9 829.7 1130.6 1192.2 1902.1 1968.3 2132.4
 110.5 143.5 155 802.4 1056.5 1224 1932.3 2346.2 2412.4 2575
 117.9 134.2 145.4 273.1 1109.5 1223.8 1285.1 1432.6 1498.9 1660
 136.4 154.4 166.6 571.2 912.5 1205.8 1576.6 1724.2 1790.5 1951.5
 179.7 215.9 230 738.5 772.9 1016.6 1692.5 1840.4 1893.1 2696.1
 53.1 62.2 123.8 602.1 902.9 1208.2 1486.8 1627.9 1695.5 3151.3
 100.7 164.3 263.7 314 900.2 1485.4 1545.6 2008.7 2076 2703.9
 171 382.3 398.5 497 768.1 1192.7 1503.9 2313.6 2380.8 2840.7
 74.90000000000001 165.1 178.2 450.7 485.1 1499.5 1559.8 1708.6 1775.7 2679.1
 109.9 127 273.7 771.2 806 1288.6 1716.5 2047.4 2116.6 2280.2
 85.8 297.5 313 365.4 508.6 1426.9 1600.8 1931.8 1999 2636
 52.2 61.9 68.90000000000001 729.7 764.7 881.9 1566.5 1714.9 1782.1 3286.6
 66.8 112.7 181 680.6 753.4 870.7 931.2 2835.8 2903 2011.3
 80.2 146 234.9 720.8 799.9 1048.8 1287.5 1435.8 2470.9 2972.6
 93.59999999999999 203.2 256.6 841.7 923.1 1668.5 1864.5 2012.8 2080 2237.8
 78.5 125.9 138.2 563.7 705.2 1581.2 1641.8 1790.1 1857.3 2013.8
 103.8 209.4 224.8 274.8 308.3 1713.5 1774.2 1923 1990.2 2146.7
 76.59999999999999 230.1 245.8 449.9 485.2 1044.7 2170.6 2319.5 2827.2 2983.7
 66.8 79.8 132.4 858.7 1124.6 1485.5 1685 1833.9 2213.4 2816.1
# name: prtB
# type: matrix
# rows: 100
# columns: 10
 261.1 781.6 830.1 1072.1 1444.2 2004.3 2064.8 2668.2 2736.1 2895.8
 422.9 814.6 1016.2 1501.5 1547.9 2145.9 2210.2 2579 2647.6 2807.9
 411.8 1024.7 1123.9 1588 1788.5 1929.4 1995.5 2153.5 2222.4 2382.9
 501.6 843.9 1076 1790.1 1997.3 2138.9 2205.1 2363.3 2432.2 2952.2
 591 698.1 725.4 1597.8 1926.8 2059.1 2124 2930.7 2996.7 3156.9
 454.6 888 914.5 1606 1816.7 2665.6 2730.4 2882 3091.4 3251.2
 530.7 1014.9 1041.4 1554.8 1994.1 2373.3 2438.7 3461.9 2782.5 3500.3
 559.3 1049.3 1076.6 1162.5 1679.6 2248.1 2313.8 2465.9 3251 3411.4
 481.9 1015.5 1063.3 1594.9 1641.4 2825.4 2907 3388.8 3458.8 3618.4
 418.9 523.4 544.8 1726.6 1818.1 1944.5 1868.2 2710.6 2777.3 2935.8
 581.7 967.9 1010.2 1229 1274.9 2211.5 2981 3930.5 4426.8 4587
 229.5 694 712.7 887.2 1667.7 1791.8 2827.7 3562.6 3629.4 3789.5
 398.8 424.3 699.5 1229.8 1275 2243.5 2533.3 2684.9 2751.7 3964.5
 163.7 265.4 1024.9 1121.2 1405.1 2760.9 2842.6 3666.9 3759.1 3744.9
 374.4 397.7 581.5 1206.4 1247.8 2259.6 2445.9 2623.8 2702.4 2862.4
 563.7 587.5 728.3 1078.7 1928 2347.7 2000 2840.6 2907.2 3065.7
 122.6 738.2 1125.4 1539.2 1581.5 2159 2237.6 2142.3 3217.6 3377.6
 376.1 397.8 642.8 1632 1675.4 2151.3 2379 2865.7 2953.1 3930.5
 265.5 542.6 613.9 1172.3 1284.8 2613.5 2899.5 3854.8 3938.9 4119.4
 339.4 410.8 979.1 1518 1561.1 2426.5 2501.9 2661.4 2745.7 2926.3
 447.4 469.5 872.4 1043 1494.7 1615.7 2302.9 3031.9 3114 3290.8
 330 349.9 507.6 1353.5 1491.6 2275.4 2347.2 2971.1 3051 3072.5
 308 544.9 637.1 1407.6 1487.1 2824.2 2894.1 3051 3129.6 2950
 227.6 245.8 380.7 1479.1 1519 2074.9 2145.1 2784.7 2863.4 2885.5
 513.6 534.4 602.7 1200.4 1239.5 1883.6 1956 2111.9 3195.9 3370.4
 571.1 607.9 622.6 1292.9 1331.7 1502.4 1714.5 2642 3189.8 3362.9
 233.6 284.8 298.3 964 1002 1119 1188.4 2879.2 2953.2 3123.2
 136.3 327.7 602.3 935.7 1044 1948 2017 3832.8 3906.5 4075.7
 164.8 250.3 282.1 1247.8 1570.8 2111.2 2352.8 3154.3 3954.1 4120.7
 486.3 539.3 553.6 1211.5 1391.1 1563.6 1939.2 2091.4 3185.3 3134
 296.9 467 480.7 1325.3 1522.2 2229.2 2455.2 2604.1 2672.1 2846.1
 40.1 714.7 728.6 1015.8 1051 1736.7 1800.8 2350.4 2417.2 2730
 303.2 324.3 1022.7 1239.4 1316.8 1788.4 1852.6 2001.7 3161.2 3236.5
 241.5 325.5 338.2 912.6 947.4 1985 2048.1 2197.9 3821.9 3992.9
 82.59999999999999 94.40000000000001 679.8 1182.8 1283 2167.4 2230.3 2379.9 2446 2533.9
 149.5 271 708.1 1140.2 1175 2164.7 2227.6 2805.1 2871.2 2954
 285.1 494.1 922.2 972.6 1474 1784.8 1847.3 2934.6 3303.5 3474.3
 103.5 210.4 425.9 504.9 1715.2 1872.9 1935.7 2085.1 2907.5 3515.7
 117.2 368.8 430.7 1339 1372.6 1913 2184.3 2333.7 2399.8 2567.1
 218.5 270.7 349.5 897.1 1917.9 2026.9 2089.4 2903.3 2969.8 3136.8
 326.1 392 680.5 1134 1244.7 2070.9 2133.2 2778.5 2844.7 3491
 221 381.2 394.5 895.1 1715.2 1868.2 2550.2 2699 2765.3 2931.5
 40.1 49.1 53.7 1044.2 1151.3 1983.7 2205 2354 2420 3797.8
 265.1 284.7 351.9 400.6 1558.9 1742.5 1804 2806.2 2876.5 3966.2
 310.4 456 544.4 1120.6 1153.5 1644.7 2437.4 2740.1 2806.2 2974
 263.6 653.3 703.8 1388.6 1650.7 1757.7 1925.8 2074.7 2140.8 3129
 235.2 253.9 542.9 1195.2 1594.7 2411.2 2471.7 2620.3 2686.5 3306.6
 187.2 266.7 280.2 776.8 1624.7 1888.3 2049.4 2197.8 2264 2433.7
 448.2 607.1 830.8 959.6 990.7 1173.9 2367.1 3787.9 2858.4 3575.4
 186.2 250.6 678.5 956.6 1600.7 2324 2383.1 2530.8 2533.8 2692.5
 40.6 692.8 706.6 1148.1 1178.9 1751.8 1810.8 2562.3 2629.4 2798.9
 256.1 331.6 344.9 414.9 1415.7 1714.6 2018.9 2166.5 3071.2 3077.7
 186.3 403.2 842.9 1066.6 1256 1588.4 1647.6 2594.9 2662.9 2832.3
 40.1 622.4 635.9 1193.3 1223.8 1837.7 1896.9 2801.1 2869.1 3481.2
 141.4 554.5 647 1262.7 1549.4 2021.8 2081.1 2228.7 2630.8 2725
 365 384.2 397.5 1308.5 1338.9 1445 1504.3 2876.3 2944.3 3115.2
 40.9 63.4 594.6 932.9 1330.5 1665.8 1815.7 2185.5 3415.7 3586.5
 218.4 588 686 1218.6 1279.6 1818.5 1877.8 3128.3 3196.2 3366.7
 204.6 676.5 708.1 1017.9 1048.4 2021.5 2080.9 2228.4 2896.8 3067.4
 399.5 640.1 653.4 976.3 1123.8 1851 1910.3 3236.3 3302.4 3505.7
 277.9 766.7 862 1046.5 1343.2 1716.6 1775.8 1923.9 1991.6 3790.1
 279.2 503.2 565.1 1342.1 1406.2 2272.3 2331.7 2479.9 2547.6 2721.3
 247.2 264.6 591.5 1384.6 1831.6 1938 2264.4 2412.6 2785.7 2959.3
 497.4 572.9 866.2 1271.3 1302.7 1833 2374.7 2928.7 2994.9 3639.4
 160.5 381 663 1122.6 1214.9 1380.7 1440.7 2986.7 3052.9 3225.6
 124.1 138.8 650.5 1149 1305.7 1414 2436 3037 3103.3 3274.1
 284.9 423.4 511 1149.8 1243.1 1877.5 1937.4 3035.6 3101.8 3271
 548.6 713.2 880.9 1507.8 1539.5 1922.5 2435.2 2585.4 2653.5 2815.1
 254 333.8 544.3 1050.8 1792.9 1943.4 1939.8 2086.3 2153.4 3505.7
 137.7 184.9 319.6 1305.4 1337.1 2004 2064.9 2212.9 2279.2 3352.6
 92 361.3 857.9 1143.1 1175 1751 1811.9 2935.9 3002.2 3170.8
 202.5 394.9 462.1 1017.4 1394.3 2082.9 2381.2 2730.9 3458.6 3627
 212.2 427.1 496.6 1345.4 1439.2 1866.7 2052.1 3088.4 3082 3240.3
 337.7 712.3 726.2 1178.5 1318.7 1888.8 1949.9 2998.3 3064.1 3232.5
 88.8 335.9 678.7 1655.4 1687.6 2049.3 2110.4 2258.3 2703.2 2871.5
 40.1 710 723.8 805 1031.9 1448.7 1946.6 2725.1 3190.2 3358.4
 296.7 550.6 751 1031.8 1064.2 1272 1839 2385.3 2451.2 2619.3
 233.5 252.7 378.6 1108.9 1565 1804.9 2281.2 2429.1 2495 3429.3
 99.90000000000001 273.4 339.9 452.3 1395.2 2023.8 2084.7 2966.7 3032.6 3200.6
 369 407.6 440.2 1285.5 1726.5 1837.3 1898.3 2046.4 2112.5 3445.1
 156 173.4 560.7 1125 1201 1975.8 2037 2743.7 2810 2975.6
 338.5 584.7 599.3 1410.1 1443.4 1975.2 2036.4 2184.6 2250.9 3069.8
 373.8 504.4 720.2 853.7 1697.2 1809.6 2132.3 2697.9 2684.2 2842.9
 248 284.3 298.4 1062.3 1096.1 1554.3 1615.7 3359.5 3425 3589
 279.3 300.9 369.1 1086.5 1788.9 2178.8 2240.3 2708.6 3104.1 3268.1
 158.6 600.8 615.9 1353.3 1466.8 1681.4 2068.1 3015.3 3668.7 3832.3
 166.2 418.3 710.6 1081 1114.8 2219.9 2281.6 2429.6 2495.8 2658.4
 366.1 389.1 423.3 1191.9 1225.9 1339.2 1400.9 2496.7 3052.1 3214.7
 248.3 624.1 639.4 921.3 955.4 1117.4 2242 2535.9 2602.2 3609.1
 365.8 389.3 404.6 1168.7 1202.9 2034.8 2094.7 2643.9 2710.2 3802.8
 234 338.5 391.7 834.3 1773.7 1950.4 2627.8 2775.4 3154.8 3315.7
 293.4 641 656.7 1008.4 1042.6 1565.9 1625.9 1773.6 1839.9 3838.7
 55.5 377.8 393.3 1341.9 1813.8 1928.9 1989 2670 3872.9 4033.5
 42.3 67.59999999999999 74.90000000000001 1213 1376.5 1807.1 1867.2 3132.2 3199.3 3359.4
 378 416.8 432.8 1257.9 1353.5 2337.1 2397.2 2228.6 2297.8 3365.4
 205.5 467.4 614.2 1343.6 1378.3 1809.2 1869.5 2018.3 2738.5 2805.4
 222.9 317.5 725.8 1002.2 1385.6 1710 1770.3 2879.8 2947 3106.4
 258.9 282.1 670.9 1114.1 1647.5 2194.7 2707.7 2856.4 2923.6 3083
 357.5 748.2 1044.7 1279.9 1479.7 1754.5 1814.8 1880.1 1947.5 3024.8
 42.1 728.3 746.2 1543.6 1579.6 1914.7 2321.3 2751.4 2818.6 3490.1
# name: collectedA
# type: matrix
# rows: 100
# columns: 10
 13 14 14 26 26 34 34 41 46 46
 18 20 22 34 45 49 49 49 49 49
 11 24 25 43 46 46 46 49 49 49
 15 34 34 40 46 46 46 48 48 48
 9 22 22 44 44 48 48 48 48 48
 13 13 34 39 39 39 46 46 46 46
 7 8 8 33 33 41 41 47 47 47
 6 8 8 10 30 38 38 48 48 49
 16 16 16 35 35 47 47 47 47 49
 8 9 9 25 25 45 47 47 47 47
 2 3 3 33 33 39 39 39 39 47
 10 12 20 31 36 46 46 46 46 46
 6 10 19 38 39 40 46 46 46 46
 9 17 17 18 32 44 44 44 48 48
 5 10 10 11 25 39 39 39 40 48
 3 11 11 14 31 31 31 31 47 49
 10 10 17 19 33 39 39 48 48 49
 13 13 16 30 30 48 48 45 45 48
 2 4 7 44 44 45 45 45 46 49
 6 10 12 34 39 45 45 45 45 45
 5 5 13 36 36 38 45 48 48 49
 3 3 6 20 23 40 40 48 48 48
 3 3 3 20 27 40 44 44 44 44
 3 7 8 28 35 44 45 45 45 45
 2 12 12 21 32 35 41 42 49 49
 5 5 7 21 25 43 43 47 47 47
 4 4 5 35 35 36 42 42 42 49
 4 4 4 24 36 43 43 48 48 48
 4 4 7 24 35 44 48 47 47 46
 5 8 25 29 41 45 47 47 47 47
 3 3 3 19 19 34 34 47 47 47
 5 5 5 10 27 38 38 41 41 48
 9 9 9 14 14 41 41 41 48 48
 3 3 7 30 30 45 45 49 49 48
 14 14 14 22 26 39 40 44 44 49
 8 8 8 33 37 43 43 48 48 46
 2 5 5 6 18 39 39 39 39 48
 13 14 14 14 29 42 46 47 48 48
 4 8 8 25 26 38 38 48 48 49
 7 9 9 20 32 33 33 41 41 41
 4 4 10 15 15 46 46 46 46 49
 12 16 16 28 28 43 45 49 49 49
 4 4 6 35 37 43 43 48 49 49
 8 8 11 13 29 40 40 46 46 46
 13 17 22 22 35 35 35 39 39 39
 11 11 18 19 31 40 43 45 45 49
 12 16 16 25 25 34 44 44 44 44
 4 4 9 18 19 27 47 48 48 49
 5 8 8 20 38 38 48 48 48 48
 5 8 8 22 22 30 30 47 47 47
 3 3 3 14 25 25 42 45 46 46
 5 8 8 24 25 41 43 43 43 49
 11 11 12 17 38 42 42 43 43 44
 4 4 4 5 14 47 47 31 31 48
 2 2 2 13 31 46 46 48 48 48
 6 11 12 33 38 38 43 48 48 48
 9 9 9 28 35 35 46 47 47 47
 6 10 13 20 30 45 45 49 49 49
 3 3 3 32 32 46 47 47 47 47
 5 9 9 9 36 46 47 47 47 48
 4 8 26 27 27 31 31 49 49 49
 4 4 11 12 33 35 36 42 42 42
 9 9 12 35 36 37 37 47 47 47
 9 12 12 25 25 43 45 47 47 47
 10 15 19 36 37 42 44 45 45 48
 2 3 3 21 32 38 43 47 47 47
 6 10 10 14 23 45 45 47 47 47
 5 5 8 25 28 43 43 49 49 49
 13 14 14 15 29 48 48 48 48 48
 5 5 9 13 26 34 34 43 46 49
 5 11 11 31 31 34 42 45 45 45
 11 18 18 22 35 39 39 46 46 47
 4 4 7 30 30 46 47 48 48 47
 4 4 7 33 33 43 49 49 49 49
 7 11 11 33 33 42 42 45 45 48
 4 4 8 32 33 39 43 43 45 47
 6 6 14 29 33 36 36 36 36 47
 15 26 26 39 42 45 45 46 46 46
 5 6 6 15 26 37 37 37 44 44
 5 6 6 31 38 44 44 49 49 49
 5 10 10 27 32 39 47 48 48 48
 7 7 7 29 35 38 38 46 46 46
 8 9 9 33 39 40 48 49 49 49
 9 9 9 13 43 43 43 43 43 43
 10 10 10 26 39 42 46 46 46 46
 14 15 15 36 36 39 46 46 46 48
 3 3 6 25 34 39 42 42 42 48
 7 10 15 15 34 44 44 46 46 48
 12 24 24 26 34 42 44 48 48 49
 5 10 10 21 21 47 47 47 47 48
 8 8 15 34 34 42 47 49 49 49
 7 20 20 20 24 46 47 48 48 49
 3 3 3 34 34 34 43 43 43 49
 4 6 9 30 31 31 31 49 49 48
 5 8 12 36 37 40 42 42 47 48
 6 12 14 37 38 48 49 49 49 49
 5 7 7 24 27 48 48 48 48 48
 7 13 13 13 13 48 48 48 48 48
 5 14 14 19 19 29 45 45 47 47
 5 5 7 37 43 46 47 47 48 49
# name: collectedB
# type: matrix
# rows: 100
# columns: 10
 18 56 58 68 81 94 94 99 99 99
 29 54 66 85 85 97 97 98 98 98
 31 74 78 92 95 95 95 95 95 95
 38 60 72 92 95 95 95 95 95 96
 46 50 50 86 92 92 92 99 99 99
 35 61 61 85 89 98 98 98 98 98
 39 68 68 79 92 94 94 98 96 98
 41 70 70 70 84 90 90 90 98 98
 34 64 65 82 82 98 98 99 99 99
 34 39 39 89 90 90 90 98 98 98
 43 66 67 72 72 87 93 98 99 99
 18 49 49 52 82 82 96 99 99 99
 31 31 47 70 70 94 95 95 95 98
 11 16 60 61 68 95 95 98 98 98
 29 29 39 69 69 90 98 98 98 98
 44 44 51 64 90 94 90 97 97 97
 7 48 70 84 84 91 91 89 96 96
 29 29 44 87 87 96 97 99 99 98
 19 37 40 68 70 94 96 99 99 99
 26 29 64 84 84 97 97 97 97 97
 40 40 64 69 84 84 92 97 97 97
 28 28 36 72 75 89 89 93 93 93
 23 39 43 76 77 98 98 98 98 99
 18 18 25 77 77 87 87 93 93 93
 42 42 45 74 74 89 89 89 96 96
 47 48 48 82 82 83 84 95 97 97
 19 21 21 54 54 54 54 95 95 95
 10 24 41 59 61 82 82 99 99 99
 13 17 18 69 80 87 89 94 98 98
 45 47 47 80 85 86 90 90 99 97
 26 36 36 79 84 94 96 96 96 96
 2 54 54 65 65 85 85 89 89 98
 23 23 68 75 76 84 84 84 96 96
 19 23 23 53 53 86 86 86 99 99
 5 5 47 69 71 91 91 91 91 91
 11 18 50 73 73 91 91 96 96 96
 22 35 62 62 83 89 89 98 99 99
 7 13 26 27 86 87 87 87 92 96
 8 26 29 79 79 93 96 96 96 96
 16 18 22 49 93 93 93 98 98 98
 26 29 47 69 71 91 91 95 95 97
 18 28 28 55 84 85 98 98 98 98
 2 2 2 64 66 88 90 90 90 97
 20 20 23 23 85 86 86 96 96 99
 25 34 38 67 67 79 94 95 95 95
 21 50 52 86 94 94 95 95 95 97
 20 20 38 71 84 97 97 97 97 97
 14 18 18 47 91 95 96 96 96 96
 39 49 62 66 66 68 89 99 96 98
 15 18 47 59 85 98 98 98 98 98
 2 52 52 73 73 85 85 94 94 94
 21 25 25 26 83 87 91 91 98 95
 14 28 60 69 75 82 82 94 94 94
 2 47 47 73 73 85 85 95 95 97
 10 40 45 77 88 97 97 97 99 99
 28 28 28 74 74 74 74 99 99 99
 2 3 39 54 68 75 76 77 92 92
 17 45 50 75 76 90 90 99 99 99
 15 49 50 62 62 90 90 90 97 97
 32 48 48 60 64 83 83 98 98 99
 22 58 63 69 78 85 85 85 85 99
 23 37 40 76 77 98 98 98 98 98
 21 21 42 81 95 95 98 98 99 99
 41 45 63 78 78 87 96 98 98 99
 12 27 45 65 67 68 68 98 98 98
 9 9 44 69 73 73 90 97 97 97
 23 31 35 67 69 79 79 95 95 95
 46 56 66 93 93 98 97 97 97 97
 21 25 37 61 91 92 92 92 92 99
 10 12 19 77 77 89 89 89 89 96
 6 25 57 69 69 88 88 99 99 99
 16 28 31 64 77 91 94 95 99 99
 17 31 34 81 83 89 90 96 96 96
 27 53 53 74 77 88 88 98 98 98
 6 23 46 87 87 92 92 92 94 94
 2 58 58 59 65 75 82 94 96 96
 24 41 52 64 64 66 76 83 83 83
 17 17 24 68 85 88 95 95 95 97
 7 20 23 26 78 93 93 99 99 99
 29 30 31 73 86 86 86 86 86 99
 14 14 40 66 67 84 84 94 94 94
 28 45 45 86 86 94 94 94 94 97
 33 40 52 55 88 88 91 94 94 94
 22 23 23 64 64 70 70 98 98 98
 24 24 27 65 90 96 96 98 99 99
 12 44 44 81 83 85 88 96 98 98
 12 30 48 63 63 96 96 96 96 96
 33 33 34 74 74 74 74 95 99 99
 19 45 45 58 58 59 92 93 93 97
 30 30 30 66 66 85 85 87 87 99
 19 25 27 48 87 88 97 97 98 98
 24 46 46 63 63 73 73 73 73 99
 3 29 29 76 91 91 91 98 99 99
 2 3 3 79 83 89 89 99 99 99
 32 33 33 75 77 96 96 89 89 96
 17 34 43 84 84 89 89 89 96 96
 19 24 50 59 73 78 78 97 97 97
 20 20 44 65 81 87 96 96 96 96
 29 54 70 77 82 86 86 86 86 95
 2 54 54 82 82 87 93 95 95 97
# name: avgRateA
# type: matrix
# rows: 100
# columns: 10
 0.06295399515738499 0.04844290657439446 0.03894297635605007 0.02406070701462151 0.01603552485506353 0.005374134606265608 0.00298628067525076 0.0007862343783858416 0.0004472197997816401 9.14483651716118e-05
 0.05901639344262295 0.04748338081671415 0.039568345323741 0.02495779196946341 0.01877346683354193 0.007114234276090365 0.004100006693888479 0.0009403744993465357 0.0004795674888476091 9.754435082841034e-05
 0.04495300367797303 0.03854183394893207 0.0337655321447866 0.02186292454748831 0.01689127161899166 0.006704268870330695 0.003856795505994802 0.0009321100498583763 0.0004774078895063797 9.745464381322122e-05
 0.04347826086956522 0.04005183178230651 0.03652379417767752 0.0240442414041837 0.01816028424792736 0.006886536820515892 0.003915993427941464 0.00091439195792273 0.0004680059436754847 9.551932763945275e-05
 0.0460122699386503 0.04256142387308957 0.03688799463447351 0.02518026782648506 0.01917211328976035 0.007106689171182376 0.00406101677707556 0.0009235369155021443 0.0004703903946281417 9.557882236138233e-05
 0.0578806767586821 0.04296100462656972 0.03793796027672394 0.02459791863765374 0.01828153564899451 0.006224563083552789 0.003843261759545493 0.0008826074526605817 0.0004501714076566327 9.157078939594334e-05
 0.07063572149344097 0.04716981132075472 0.03487358326068003 0.02670335005664347 0.01854140914709518 0.006617813216257223 0.003636492647189257 0.0009013414645839925 0.0004598303910710722 9.355643025288502e-05
 0.05752636625119847 0.0411522633744856 0.03142183817753338 0.01327316166710911 0.01604106512672441 0.005944466171294485 0.003313308163816931 0.0009142439202779302 0.0004678909814013335 9.740113883796863e-05
 0.06748207507380852 0.05389019872010779 0.04444444444444445 0.02736512900703675 0.01921809795739073 0.00717184972685934 0.004041932903913795 0.0009075671792812067 0.0004613718843900222 9.744413964978178e-05
 0.06866952789699571 0.04817987152034261 0.03640776699029127 0.02208090443384561 0.01493785850860421 0.006730179621016108 0.003896889950169556 0.0009000572589617935 0.0004594316927711844 9.353682435316798e-05
 0.03992015968063872 0.02493765586034913 0.01694915254237288 0.0251084227345355 0.0177801724137931 0.00606560181656998 0.003390419890463358 0.0007549171236496178 0.0003833195076211781 9.34570333277723e-05
 0.06587615283267456 0.04973062577704102 0.04420866489832007 0.02611845985339961 0.01859216030573775 0.006982180261679974 0.003944773175542407 0.0008877035687613255 0.000451423849703336 9.16186830411826e-05
 0.05576208178438662 0.04518752824220515 0.04275427542754276 0.02723623853211009 0.0196029153053531 0.006452237313288384 0.003892005313433341 0.0008850017219055241 0.0004507240980618864 9.158980589531723e-05
 0.05976095617529881 0.05106638630219285 0.04284274193548387 0.02039197915486575 0.01704666524611123 0.006547131909828138 0.003730520746782426 0.000846942153850892 0.0004680255658965371 9.547758484675251e-05
 0.05988023952095808 0.04782400765184123 0.0369139904023625 0.01466080234572838 0.01563086157308991 0.006098228386471315 0.003401241889346264 0.0007555050163595894 0.0003921076570783274 9.559603029517864e-05
 0.04672897196261682 0.04651162790697674 0.0367769976596456 0.01699647930071628 0.01794189142261836 0.00530168285675195 0.0028391918377814 0.0006069683886947242 0.0004604434952559625 9.741597176606807e-05
 0.06361323155216285 0.04686035613870666 0.04330106979113602 0.0212742134139514 0.01768962744572501 0.006267879528141172 0.003453589076032092 0.0009155378212488699 0.0004685006515087185 9.74229250457838e-05
 0.07178354500276091 0.05450733752620545 0.04501969611705121 0.02722570106180234 0.01829156758734224 0.007389958893353655 0.004150346294518949 0.0008680187183414285 0.0004415660877244627 9.550180528256298e-05
 0.03992015968063872 0.0307455803228286 0.02880658436213992 0.02895689371503784 0.0213841368584759 0.007228218966846569 0.003983993200651604 0.0008752241546307137 0.0004519254480202227 9.749798288611937e-05
 0.0625 0.04856726566294318 0.03943476832073611 0.02791232246941959 0.02014254725751472 0.007077920035232313 0.003938075943606753 0.0008724125697203046 0.0004426741849138605 8.967278401114334e-05
 0.05643340857787811 0.03568879371877231 0.03937007874015748 0.02923739137496955 0.02034933016788197 0.00629973474801061 0.003904690835256755 0.0009202806856091108 0.0004695221438381087 9.745745435162451e-05
 0.04823151125401929 0.02717391304347826 0.02696629213483146 0.02036037870304388 0.0142937045553415 0.006354249404289118 0.003520073217522924 0.000915152058234176 0.000468183972892148 9.548578992410074e-05
 0.04643962848297214 0.02652519893899204 0.01772002362669817 0.02106149957877001 0.015823712125652 0.006384472961757007 0.003761744765617653 0.0008486131924635434 0.0004317005567956045 8.763356899460595e-05
 0.0462962962962963 0.03968253968253968 0.03134796238244515 0.02305095908454763 0.01812250815512867 0.006758624927037572 0.00384250838947665 0.0008676639017110332 0.0004414525948583526 8.962288482523239e-05
 0.03944773175542406 0.0500417014178482 0.03974826101358066 0.02109280835676978 0.01745771958537916 0.005716805775607206 0.003524304809386685 0.0008070513226994713 0.0004762103761381671 9.740326861515611e-05
 0.0574052812858783 0.03591954022988506 0.02977456401531263 0.0206286836935167 0.01459257529768854 0.00667101058053306 0.003734778605798461 0.0008944475739536866 0.0004580280625023145 9.348000810690453e-05
 0.05284015852047556 0.03174603174603174 0.02465483234714004 0.02796420581655481 0.01957932423360931 0.006034193764666443 0.003659524784567261 0.0008134978665050001 0.0004129972191520577 9.744867437982868e-05
 0.05141388174807198 0.03117692907248636 0.02154011847065159 0.02296430963544159 0.01897133220910624 0.006810478634103076 0.003778691693908398 0.0009241379044787958 0.000470549484160128 9.55833331342014e-05
 0.05148005148005148 0.03125 0.02919099249374479 0.02319288751449556 0.01863784014058257 0.006839307364690522 0.004064042536978554 0.000909321317393769 0.0004618964880142775 9.164451094205576e-05
 0.05834305717619603 0.04345464421510049 0.04854368932038835 0.02720960780634266 0.02052976816383757 0.007061481969682704 0.004055884916422882 0.000908737608782659 0.000461746285152892 9.363542112431038e-05
 0.04830917874396135 0.0271985494106981 0.01810500905250453 0.02073104200763775 0.0130953201461162 0.005585307356178336 0.00304902655343419 0.0009059455083414451 0.0004610093947829431 9.360519202109343e-05
 0.05630630630630631 0.03568879371877231 0.02530364372469636 0.01378169790518192 0.0165929203539823 0.006140520974726909 0.003377267435143134 0.0007924297829902048 0.0004027227990216783 9.535208259874154e-05
 0.06939090208172707 0.04859611231101512 0.03673469387755102 0.01796253528355145 0.01066666666666667 0.006644087572315222 0.003649472606702568 0.0007979059833218188 0.0004702816301137004 9.557214263186565e-05
 0.04724409448818898 0.02685765443151298 0.02949852507374631 0.02682163611980331 0.01814662472780063 0.006934492164023855 0.00389536192240439 0.0009359575801103283 0.0004784277886481779 9.561924416971619e-05
 0.07337526205450734 0.0564516129032258 0.04519044544867656 0.02362289273059165 0.01626626626626626 0.006240998559769563 0.003506249890429691 0.0008446205350287171 0.0004306948380244811 9.750950767449576e-05
 0.06420545746388444 0.04484304932735426 0.03369839932603201 0.02898805340829234 0.02049293824425367 0.00689345602616307 0.003805141365426309 0.0009232811102455351 0.0004703360060830124 9.16477975141531e-05
 0.03976143141153082 0.03427004797806717 0.02457002457002457 0.009018487900195401 0.01163467132053519 0.006052423297173984 0.003389300239858171 0.0007549916563742591 0.0003833967576431127 9.537593617442352e-05
 0.06885593220338983 0.05335365853658537 0.04326328800988875 0.01818654195895038 0.01695113397241057 0.006553079947575361 0.003869578384198661 0.0008990242717425194 0.0004677459905398373 9.546790011193612e-05
 0.05333333333333334 0.04239533651298357 0.03216726980297548 0.02484101748807631 0.01648804616652927 0.006104025444148168 0.0033664366268305 0.0009211124735899783 0.0004697716616117278 9.746613897040351e-05
 0.06272401433691757 0.04591836734693878 0.0351150994927819 0.02176515398846447 0.01820560960345907 0.005576113955492472 0.003005245519452135 0.0007906845785651196 0.0004022759004357335 8.16591221604534e-05
 0.05361930294906166 0.03228410008071025 0.03582945180938731 0.01775778382857819 0.01089324618736384 0.007174384328649188 0.004009098911442491 0.0008910756833194507 0.0004523587558954147 9.742333181432465e-05
 0.07062978222483814 0.05526770293609672 0.04548038658328596 0.02607561929595828 0.01742485531146929 0.006720115023364121 0.003873866893933525 0.0009370476115803786 0.000478711504023619 9.750768370497359e-05
 0.05284015852047556 0.03194888178913738 0.02711251694532309 0.02637925836599337 0.01925578974759303 0.006831469242501271 0.003786511214237282 0.0009216943815046661 0.0004783600645493213 9.749317199606128e-05
 0.06259780907668232 0.04388370817334065 0.03703703703703703 0.01628664495114007 0.01733516647737462 0.006469456080480034 0.003557294677397839 0.0008844929163654264 0.0004506516815185787 9.159088184895708e-05
 0.07270693512304251 0.05668556185395132 0.0484048404840484 0.02436593199689888 0.01939917969183017 0.005920963594532413 0.003189850806120868 0.000755341133360319 0.0003834868591836253 7.770997084680556e-05
 0.06748466257668712 0.05020538566864446 0.04532863258625031 0.02193995381062356 0.017641702708855 0.006432315955359727 0.003713138465523941 0.000865417900688488 0.0004408993955759175 9.743084795856524e-05
 0.06956521739130435 0.05392652510953826 0.04446914952751529 0.02505763255487621 0.01633880138553036 0.005636791670811366 0.003698224852071006 0.0008454011140081042 0.000430897294650508 8.760043688726978e-05
 0.05188067444876784 0.03157063930544594 0.03324713705208718 0.0201319762890057 0.01301280734196288 0.004608924242941518 0.003982578338163269 0.0009208774427233416 0.0004697114406049884 9.745243426236661e-05
 0.05793742757821553 0.04326663061114116 0.03257328990228013 0.02162395934695643 0.01979785349588413 0.00630663524413317 0.004134829912048722 0.0009274089931622908 0.0004714048749156627 9.56188822590917e-05
 0.05530973451327433 0.04228329809725159 0.03198720511795282 0.02241010492003667 0.01454449292608753 0.004992178919692482 0.002710173993170362 0.0009037766325667257 0.0004604674038063999 9.358064640731953e-05
 0.04918032786885246 0.02764976958525346 0.01825928180158247 0.01698204754973314 0.01569563033651432 0.004387427388076727 0.003625064733298809 0.0008639640590951416 0.0004472197997816401 9.14483651716118e-05
 0.0591016548463357 0.04381161007667032 0.03297609233305853 0.02376472918110704 0.0158790650406504 0.006558740721781418 0.003744176934128608 0.0008328120188331722 0.0004227423591776383 9.726655183920132e-05
 0.06819590824550527 0.05078485687903971 0.04059539918809201 0.02021883920076118 0.01974231088944306 0.006667725035719956 0.003697703901958022 0.000831698948190958 0.0004225246931291589 8.758911944070366e-05
 0.05194805194805195 0.03179650238473768 0.02192982456140351 0.007880220646178092 0.01013904982618772 0.007049647517624119 0.004008084391496039 0.0006074965068950854 0.0003066283150477351 9.551826319142039e-05
 0.03992015968063872 0.02190580503833516 0.01378359751895245 0.01605136436597111 0.01719642758085094 0.006979849478028648 0.003948599534751967 0.0009210506117311146 0.0004697495941069913 9.555098680281621e-05
 0.0644468313641246 0.04993191103041307 0.03994673768308922 0.02837245292752128 0.02076162377752281 0.006401293735154894 0.003767435340295787 0.0009172190682200792 0.0004687509155291319 9.550841817167041e-05
 0.06583760058522312 0.04731861198738171 0.03597122302158273 0.02701398938736131 0.01932420494699646 0.005914260126058231 0.003978171943509958 0.0009062791648348258 0.0004611088982244365 9.360651565081026e-05
 0.06153846153846154 0.04812319538017324 0.04046062869592281 0.0215633423180593 0.01730602826651283 0.007002583175126825 0.00391794943233266 0.0009398135716751697 0.0004794248467308118 9.753582699931028e-05
 0.04942339373970345 0.02788104089219331 0.01839362354383814 0.02623380882111822 0.01827318410232983 0.00706930997387429 0.004028042028761934 0.0009070434821206291 0.0004613071284710908 9.361468196901554e-05
 0.05452562704471101 0.04448838358872961 0.03422053231939164 0.01278772378516624 0.01934132058238865 0.007201678304161318 0.004065568098265646 0.0009089309231837336 0.0004617943757375201 9.550946339599815e-05
 0.05383580080753701 0.04338394793926247 0.04907512268780673 0.0269757218503347 0.01762402088772846 0.005296881674498078 0.002840830988884103 0.0009419236772700361 0.0004799813492961416 9.756169433204386e-05
 0.053475935828877 0.03223207091055601 0.03703703703703703 0.01564945226917058 0.01793088459030645 0.005761506551656022 0.003195426988931396 0.0008060414727529195 0.0004110683078079489 8.360781247325048e-05
 0.06955177743431221 0.04896626768226333 0.04012036108324975 0.02768768293647655 0.01961852861035423 0.006173148472562858 0.003347356041072963 0.0009038722270834736 0.0004604917660153157 9.358159668123819e-05
 0.06540697674418605 0.04944375772558714 0.03943476832073611 0.0243261652233142 0.01603386351975372 0.006753467041510263 0.00387320003787129 0.000901924361168894 0.0004599856523624178 9.3561011732949e-05
 0.06844626967830253 0.05332385353714895 0.04581625271280444 0.03085890622321276 0.02137616268993009 0.006865774116031583 0.003869424511045448 0.0008707851579507523 0.0004422873924504491 9.551083172424113e-05
 0.03992015968063872 0.02631578947368421 0.0176678445229682 0.02158495220474869 0.01727675197062952 0.006126660647491294 0.003705650686407156 0.0008983695548292142 0.0004590592411067039 9.352269756072906e-05
 0.06952491309385864 0.05017561465127948 0.03852080123266564 0.0177732639329694 0.01472942683317323 0.00695915747800133 0.003903810118675827 0.0009053765885024879 0.00046088146030781 9.359810844197185e-05
 0.05714285714285714 0.03599712023038157 0.03198720511795282 0.02413826397605484 0.01681984741995555 0.006805628096165107 0.00377879131405271 0.0009441196758393995 0.000480549513271993 9.758329979322298e-05
 0.07403189066059226 0.05575467941059339 0.04475703324808184 0.01910828025477707 0.01704478664629129 0.007325336507645819 0.004133085348212441 0.0009273391163231004 0.0004713863570967707 9.561834892211228e-05
 0.05720823798627002 0.03599712023038157 0.03353204172876304 0.01609110038371086 0.01527076236344414 0.005579716090916551 0.003048069854589138 0.0008268737825245034 0.000451907689012847 9.749798288611937e-05
 0.05827505827505828 0.04776378636561007 0.03770997600274255 0.02686774137632172 0.01838780473337683 0.005672339005672339 0.003669404158658047 0.0008639093240773448 0.0004405083662327823 8.95837758605965e-05
 0.0663850331925166 0.05429864253393665 0.04562737642585551 0.02331990672037312 0.01973053723434241 0.006422607578676943 0.003503067429556907 0.0008856048777576484 0.0004509459080580112 9.350745881145653e-05
 0.05215123859191655 0.03162055335968379 0.02923976608187134 0.0268985923070026 0.01821161901293025 0.006967585580127235 0.003989880982699198 0.000920624874133318 0.0004696470993421027 9.359723238958116e-05
 0.05369127516778523 0.03223207091055601 0.029723991507431 0.02544725478099939 0.01804363278473399 0.006715497181052927 0.004163232707715575 0.0009438032574695287 0.0004804694088069062 9.758347469660501e-05
 0.05977796754910333 0.04731182795698925 0.03732609433322023 0.02615518744551002 0.01839464882943144 0.006750241080038573 0.003722381260469197 0.0008685548405526325 0.0004417117212622354 9.551626741530194e-05
 0.05256241787122208 0.03174603174603174 0.03117692907248636 0.02795492268716694 0.01920726383796054 0.006393337814134194 0.003711760237552656 0.0008311925293188666 0.0004397391272057803 9.344040410787874e-05
 0.05703422053231939 0.03787878787878788 0.04068584713746004 0.02534743466480203 0.01807525880484198 0.005907159148712732 0.003227107704719645 0.0007017037757510667 0.000355135355894951 9.348500977813421e-05
 0.06893382352941177 0.05791935843172199 0.05065263978180402 0.03038803179055633 0.02187955824130027 0.007218247730262103 0.003983922658781451 0.0008902186260830188 0.000452137331799998 9.165090171536617e-05
 0.05868544600938967 0.03901170351105331 0.02815579540122009 0.01816860465116279 0.01599606250769041 0.006073439372301833 0.003317344331375801 0.0007212292865872794 0.0004318073197228974 8.763889270649217e-05
 0.0591016548463357 0.0391644908616188 0.02824858757062147 0.0275408670931059 0.02027856342387534 0.006971953731579781 0.003869016214695227 0.0009412596359054053 0.000479812148647762 9.755373070352367e-05
 0.05649717514124294 0.04591368227731864 0.03570153516601213 0.02383685000441423 0.0174853833123873 0.006121103682079292 0.003886385248273866 0.0009153824296156729 0.0004683392883974795 9.549414839711083e-05
 0.06375227686703097 0.04265691651432054 0.0312221231043711 0.02575717204014566 0.01912881893206536 0.006198414510814602 0.003395221672236021 0.0008862839846557268 0.0004511205933608779 9.160930463758164e-05
 0.06639004149377593 0.04651162790697674 0.03529411764705882 0.02533783783783784 0.01896425966447848 0.006426735218508998 0.004022694702613914 0.0009360755890589958 0.0004784576867644934 9.749788588767846e-05
 0.07036747458952307 0.0488599348534202 0.03667481662591687 0.01681541844522054 0.02038397724579284 0.006908962370256113 0.003810333980203986 0.0008360456208708096 0.0004236499114768732 8.57154247896982e-05
 0.06830601092896174 0.04892367906066536 0.03750937734433608 0.02427184466019417 0.0203921568627451 0.006767862322343614 0.003973532816198192 0.000889332266134614 0.0004519085769300671 9.164232002494265e-05
 0.07380073800738007 0.05641218503196691 0.04545454545454546 0.02906742026645135 0.02030571380224491 0.006482066283282917 0.003934145819970067 0.0008873388322620967 0.0004514535331636784 9.548512510839054e-05
 0.04754358161648178 0.0267379679144385 0.02680965147453083 0.02268396697214409 0.01786746544747491 0.006282014110370156 0.003656370790820769 0.000813513623447787 0.0004129976252636547 9.539873990189432e-05
 0.06323396567299006 0.04666355576294914 0.04124278251306022 0.01842751842751843 0.01789285338385433 0.006784469732013446 0.003810975609756097 0.0008844674064146961 0.0004506446177358047 9.548364355239735e-05
 0.06629834254143646 0.05551700208188758 0.0481444332998997 0.02607823470411234 0.01922968157909621 0.006782179017229964 0.003824789853875642 0.0009175434303890385 0.0004688379071075827 9.744636820368757e-05
 0.05889281507656065 0.04649000464900047 0.03594536304816679 0.02208898706216472 0.01414046192175611 0.00723132548657589 0.00406581428744442 0.0009089397121561984 0.000461799820585857 9.54883542999898e-05
 0.06672226855713094 0.04519774011299435 0.04013914905004014 0.02674638137193203 0.01882613510520487 0.006678752027478294 0.004011436862544275 0.0009414495248561888 0.0004798436297330698 9.755510967782525e-05
 0.07306889352818371 0.05755395683453238 0.04842615012106537 0.0231107002542177 0.01590878960625746 0.007157416483841355 0.004051444727949797 0.0009242891638649151 0.0004705928489494995 9.748605352581192e-05
 0.04823151125401929 0.02680965147453083 0.01776198934280639 0.02764902008619988 0.01926673088910296 0.00578044509427226 0.003717632818916699 0.000831481835989241 0.0004224711417822977 9.736003303088142e-05
 0.05208333333333334 0.03687768899815612 0.03202846975088968 0.02541080806369643 0.01767993612410174 0.005280460592433612 0.002835919203747072 0.0009274014967124563 0.0004761765934909575 9.561537758213809e-05
 0.05543237250554323 0.04081632653061224 0.03583159151985667 0.02948885976408912 0.02055669759431079 0.006612881893929374 0.00372093023255814 0.000816551895761318 0.000458666801989638 9.543263390490855e-05
 0.05791505791505792 0.04739336492890996 0.03925967470555244 0.02757695460982336 0.01975976288284541 0.007198020544350304 0.004129967550254962 0.0009420757967269595 0.0004800156739811912 9.756334549092084e-05
 0.05649717514124294 0.03979533826037521 0.02938706968933669 0.02256275265582401 0.01583391977480647 0.00729350270467392 0.00412307375148173 0.0009268180598222441 0.0004712475198144856 9.561490142302861e-05
 0.06151142355008787 0.05011565150346955 0.04002463054187192 0.01677852348993289 0.009936558893220209 0.007149772845758546 0.004076710094953372 0.0009244458139937986 0.0004706334530180351 9.558959563012164e-05
 0.05773672055427252 0.04998214923241699 0.04048582995951417 0.02000210548478787 0.01279288984648532 0.004797591278309925 0.00369743480189966 0.0008600999627290016 0.0004570775047847262 9.344239187075048e-05
 0.06510416666666667 0.03852080123266564 0.03012048192771084 0.02723191285787886 0.02023910383130943 0.007092745355022743 0.004022250748823277 0.0009067424986350631 0.0004696057464089836 9.745113571343479e-05
# name: avgRateB
# type: matrix
# rows: 100
# columns: 10
 0.06639616377720398 0.06734006734006734 0.06235888614127513 0.04325424591310986 0.03313967760412405 0.0134203275130991 0.007791260526490287 0.001879692110229702 0.0009636340098563212 0.0001968598663977707
 0.06699006699006699 0.06245662734212352 0.05912918831750582 0.04246814888833375 0.03336080693904784 0.01357421738339467 0.00794417781854515 0.001863861998136138 0.0009547227602009204 0.0001949054499740358
 0.0734945471787577 0.06885642504885084 0.06373069695236538 0.04406130268199233 0.03406849560695715 0.01370970069558692 0.007919636530365554 0.001821546013211002 0.0009293462098326786 0.0001890987929724519
 0.07427677873338545 0.06712160196890032 0.06122448979591837 0.04017291821317846 0.03169519233977246 0.01330737228424547 0.007783631432761715 0.001814247765133213 0.0009274427377328613 0.0001908730094032793
 0.07653910149750416 0.06683598449405159 0.0605766900896535 0.04099532843931738 0.03143364766981003 0.01303282288110382 0.007588254701418674 0.00187037012546594 0.0009611958441386958 0.0001967577111632574
 0.07533362031855359 0.0650319829424307 0.06012814194184327 0.04036087369420703 0.03159725920403309 0.0127843873930286 0.007698108464777227 0.001853182557391929 0.000950612757223202 0.0001947337631783094
 0.07212872202700203 0.06385576110432904 0.05957595934816891 0.03844656414249562 0.03072709662335927 0.01274870139557593 0.007557059821363969 0.001833081128803877 0.0009340111400287014 0.0001946374212686666
 0.07201826804848059 0.0636768852906395 0.05949345571987082 0.04210526315789474 0.03134796238244515 0.01241704722616962 0.007308872971787751 0.001715399907368405 0.0009491433497012136 0.0001946717932887495
 0.06911973978450905 0.06006569685593618 0.05587552651938451 0.03914267984151988 0.03104414325736352 0.01252332149155315 0.007592779112109708 0.00185432150563414 0.0009569026511036276 0.0001965774086093757
 0.07927255770575892 0.06801534705266829 0.06048387096774194 0.03997125662444984 0.03193641105709521 0.01295989632082943 0.007583289799632631 0.001859208584231635 0.000953517946083425 0.0001948558841903877
 0.07267196214297786 0.06483937518420277 0.06034948657899478 0.04164256795835743 0.03164974284583938 0.01206406434167649 0.007164317078807488 0.001817153558746906 0.0009480324974048808 0.0001962000606436551
 0.07515657620041753 0.06586021505376344 0.06029285099052541 0.03748558246828143 0.03073808899051618 0.01207338260843959 0.007483804579152926 0.001848304600598179 0.0009553273491885508 0.0001965106458153654
 0.07583170254403131 0.06535947712418301 0.05878674171357098 0.04046710602381778 0.03076923076923077 0.01297715192931594 0.007579807393104769 0.001803173205225786 0.0009245589124072886 0.0001944581413968643
 0.06332757628094417 0.05072923272035511 0.05333807449551071 0.03762644954354799 0.0282732526714066 0.01224084835521654 0.007397256007350536 0.001826079017047752 0.0009444954707587093 0.0001945429124940024
 0.07544224765868887 0.06477551932097386 0.05722670579603815 0.04043600562587904 0.03069668119939496 0.01239737726596507 0.007874079013972473 0.001862275244281105 0.0009542133387340511 0.0001948843262093169
 0.07669513683109638 0.06901960784313725 0.06157189424121695 0.04053968455057959 0.03073770491803279 0.01279311893517699 0.0075 0.001835709662645769 0.0009425968251006733 0.0001928177572034826
 0.05279034690799397 0.06089824917533621 0.05712420434143953 0.04119262455865045 0.03253922138291691 0.01271127252409554 0.007436098581421194 0.001706867552831386 0.0009300739408782998 0.0001907117042951454
 0.0751100751100751 0.06476105404198303 0.05923532579429187 0.04080675422138837 0.03251850190625701 0.01342413267517794 0.007835851038048307 0.00187266980291569 0.0009616029046235616 0.0001944712614140244
 0.06896551724137931 0.06243671954100573 0.05603025633842275 0.0406625605453567 0.03063725490196078 0.0123464897878768 0.007442148920500795 0.001838276253927226 0.0009524826604861126 0.0001963820475863456
 0.07441327990841443 0.06293402777777778 0.05930868316189417 0.04162537165510406 0.03279840693452032 0.01306133441055679 0.007758820659259793 0.001841956347533488 0.0009440784383190732 0.0001928712020031563
 0.08745080891998251 0.07699711260827719 0.0658165364047717 0.04471808165910564 0.03367138333266526 0.01269706909321765 0.007477911711872811 0.00182908777547099 0.0009407064026223403 0.0001927315182395546
 0.08235294117647059 0.07001750437609403 0.05924950625411455 0.03884542756946318 0.03010113982982822 0.0122330043708937 0.007208111960606453 0.001755674320525721 0.0009024657693763282 0.0001848640106545279
 0.07232704402515723 0.06555723651033787 0.05833672500339167 0.0398406374501992 0.03095975232198142 0.01252524219728534 0.007600375365477234 0.001847279033382971 0.0009502606429192006 0.0001968386519534745
 0.07575757575757576 0.06085192697768763 0.0520074890784273 0.03890657369511395 0.03056768558951965 0.01229699359708264 0.007163382763418991 0.001761874179449727 0.0009041116665402855 0.000184932753081964
 0.08021390374331551 0.07186858316221766 0.064038707841184 0.04351917195953893 0.03304308997544095 0.01292928119007496 0.00744396119103379 0.001707863271153038 0.0009302695165214898 0.0001907144321557247
 0.08088108759249699 0.0729594163246694 0.06642679213949626 0.04573595850298399 0.03516747437491959 0.01276451771653543 0.00717060053779504 0.001804642680749212 0.0009400153891179167 0.0001927039120284788
 0.07799671592775041 0.06272401433691756 0.05272407732864675 0.03688524590163934 0.02697302697302697 0.008824971400555647 0.004826427371205892 0.001796547602838167 0.0009227493657312255 0.0001888205513083078
 0.06835269993164729 0.06354249404289118 0.05837960985333903 0.04109493626802257 0.02984344422700587 0.01180195739781232 0.006823666472497296 0.001839027507393262 0.0009527796624850226 0.0001963990725996115
 0.07437070938215103 0.05661005661005661 0.04710808688824915 0.0394782011671816 0.03111871790882215 0.0122342220722241 0.007204844245839 0.001768436420007412 0.0009427237598132252 0.0001943978892356533
 0.09067096514205118 0.07975564228745971 0.0719094247246022 0.04674262342974 0.03554849232570784 0.01310256566518374 0.007538193513803269 0.001727732408804524 0.0009594389898561132 0.0001927915823617565
 0.08471814923427827 0.06963249516441006 0.06199414499741691 0.04328055662082946 0.03330425818729681 0.0130028218890057 0.007707624124863511 0.001824952807860984 0.0009350154521043204 0.0001909132834081839
 0.03992015968063872 0.07061592781482934 0.06517016654598116 0.04288164665523156 0.03169185763042418 0.01261745364941292 0.007202901498203512 0.001700082520859439 0.0008689946610530262 0.0001949356513436636
 0.07343550446998723 0.06144803633449105 0.06056827291351206 0.04311831666091755 0.03280386740331492 0.01237404984974368 0.007087052629802744 0.001615331806460174 0.0009305824282772981 0.0001907651770092193
 0.07554671968190854 0.06125166444740346 0.05248744865358284 0.03751946764830809 0.02721577487932628 0.01231209735146743 0.007138054963023215 0.001647575860331546 0.0009535560416443929 0.0001964313386160797
 0.05399568034557236 0.03462603878116343 0.06027186458066171 0.04100309008794866 0.0310994305738064 0.01269637525462511 0.007440537026892227 0.001737307631362412 0.000888272846182379 0.0001810823110639899
 0.06896551724137931 0.05607476635514019 0.06187353050365053 0.04450676746738202 0.0335632183908046 0.01270115985316901 0.007442179986260591 0.001818006215308749 0.0009332057952079883 0.0001908723262962418
 0.07455099966113181 0.06432641058628928 0.06065349246722754 0.04210240391144914 0.03354890864995958 0.01311755689187596 0.007512260177424393 0.001851341088815255 0.000958341198507311 0.0001966336712718008
 0.06167400881057269 0.04992319508448541 0.04943905685491538 0.02686834510896607 0.03167354154390101 0.01265841202403643 0.007289057198153439 0.001670343341953841 0.0008940067536379758 0.0001906593975123318
 0.06289308176100629 0.06208213944603629 0.0546448087431694 0.04295812941816204 0.0332968051926157 0.01345291479820628 0.007878991817338707 0.001834382052100272 0.0009375018310582637 0.0001910192688697689
 0.0700218818380744 0.05612722170252573 0.04894327030033371 0.03507265049030134 0.03187223688268961 0.01323485463006447 0.007692689463496948 0.001852436426461109 0.0009517353631841569 0.000194778040485212
 0.07735792918774174 0.06561085972850679 0.06021780909673286 0.04222766217870257 0.03163006192364236 0.01286964884243873 0.007500082418488115 0.001799975368758112 0.000923722855917709 0.0001926548836026861
 0.07792207792207792 0.06493506493506494 0.05662285136501517 0.03942369722600531 0.03093694755450796 0.01237587723129787 0.007808640499752991 0.001859617829560333 0.0009536292892639831 0.0001948575501832755
 0.03992015968063872 0.02018163471241171 0.01301236174365648 0.04144540862582567 0.03067912425045321 0.01260077036527915 0.007374027038099139 0.00171906635596134 0.0008787346221441124 0.000192537561696379
 0.07270083605961468 0.05975500448162534 0.05089621597698606 0.02553852986897624 0.03321739810074641 0.01275491286614757 0.007285665875974246 0.001817968344626199 0.0009331577182349711 0.0001964417454980116
 0.07802746566791512 0.06719367588932806 0.05896958410924891 0.04134271257558929 0.03111214302298584 0.01188917483106837 0.007557849711354463 0.001801285928543935 0.0009240687818438966 0.0001888765622079869
 0.07675438596491227 0.07109341674960899 0.06469270962926102 0.04553637615164673 0.03546233070509677 0.01391005815588144 0.00796592262154321 0.001824302396365222 0.0009300886619254989 0.0001927934982877155
 0.08156606851549755 0.06581112207963147 0.05910717063306891 0.04188296366210476 0.03237368481905423 0.013088298791019 0.007777608505656806 0.001843395039556977 0.0009446227108724126 0.0001927254679354493
 0.07099391480730223 0.05683612251341964 0.04734350341925302 0.03681077694235589 0.03467062902426944 0.01379150153158254 0.007967201686391024 0.001839157972175072 0.0009387467730579676 0.0001910699859503851
 0.08511567001309472 0.07457008065743417 0.06660936828534594 0.04521786790901617 0.03315416687597327 0.01101410777628404 0.0071965133297216 0.001840562654425995 0.0009333219260653482 0.0001946083942940819
 0.07645259938837921 0.05988023952095808 0.06037251123956326 0.04050528628312509 0.03268350828623063 0.0133806663025669 0.007914011838715668 0.001865572197644049 0.0009557823859059159 0.0001949501932095665
 0.03952569169960474 0.07000538502961767 0.06446813786263328 0.04429342879679631 0.03350314378814998 0.01258923546313576 0.007196802926135402 0.001788354010383868 0.000915916881517382 0.0001869534718552487
 0.07891770011273956 0.06551362683438154 0.05619240278714318 0.02841840638321128 0.03435857101461275 0.01295684031811277 0.007571408365158209 0.001744414518896226 0.0009507990592910532 0.0001888376288593193
 0.07131940906775343 0.0617828773168579 0.06363347120585428 0.04404442742244351 0.03324468085106383 0.01244611741849311 0.007040076925718603 0.00178724553141084 0.0009156180080632829 0.0001869410537071704
 0.03992015968063872 0.06989886972040453 0.06386737328441365 0.04311108486387527 0.03282669304793596 0.01243108062652646 0.007144718372012878 0.001799204940806158 0.0009235037537997318 0.0001926586335299113
 0.06605019815059444 0.06617038875103391 0.06024096385542169 0.04368298632779259 0.03451792578645956 0.01381412173516762 0.008029070200561208 0.001857216434642256 0.0009646227058543829 0.0001969267492167686
 0.07466666666666667 0.06448641179180102 0.05628140703517588 0.0409178877522809 0.03163880456624909 0.01148176881303336 0.006432377458863208 0.001872294392761974 0.0009616851054405149 0.0001967740191510811
 0.03929273084479371 0.02645502645502645 0.05614742297725309 0.0376858119896713 0.02917828792104699 0.01125146269014972 0.006432119975964183 0.001475505648120647 0.0008896134726158601 0.0001826895677306679
 0.07443082311733801 0.07053291536050156 0.06361323155216285 0.04364017223321309 0.03333918231268643 0.01319938402874533 0.007577160753674923 0.001863413660892594 0.0009593376500297492 0.0001966757038159258
 0.06989748369058714 0.06744666207845836 0.06187353050365053 0.04084590552737334 0.03026752587385276 0.01281777397991882 0.007449776092840765 0.001723200404377695 0.0009426920953810031 0.0001928171056204397
 0.07814407814407814 0.06955513693667584 0.06371117600212371 0.0406421459053038 0.03013466428100574 0.01211501970515253 0.006968758133716195 0.001840849195004161 0.0009486710860541479 0.0001966214086553538
 0.07641542202153526 0.07101750948940859 0.06548856548856549 0.0446168768186227 0.03328781153977467 0.01265521245868445 0.007218193243771124 0.0016370110873798 0.0008334019664364516 0.0001965104117766506
 0.07952973720608576 0.06688358640636298 0.06014133213050669 0.04125726073503067 0.03200066494888205 0.01347579170276254 0.007946998386272776 0.001867381607053367 0.0009556537646907387 0.0001949390248632791
 0.08164852255054433 0.06675143038779402 0.06073752711496746 0.04297994269340975 0.03354993643169939 0.01369270683194004 0.007990606959981736 0.001869779404189069 0.000963169001135372 0.0001968350122962236
 0.08080409932991722 0.07224273559158774 0.06520389153384393 0.04403545418619093 0.03387327919398966 0.01273232840626372 0.007757763824577565 0.001851547459128979 0.0009515034239559435 0.0001965692120195521
 0.07038123167155426 0.06264501160092807 0.05897771952817824 0.04005916430420314 0.03024967267145243 0.01065713793157491 0.00594369225659269 0.001849520728786658 0.0009509679009518413 0.0001947436696384286
 0.06711409395973154 0.04766949152542373 0.05862758161225849 0.04184354154032747 0.03166066704254673 0.01138135328967883 0.007237053715020907 0.001828911891698248 0.0009408040285810444 0.0001927379135942024
 0.07799253984401493 0.0654837346852556 0.05728314238952537 0.04061098314947267 0.03076100040123044 0.01148673209741912 0.006617856484661652 0.0017912496511777 0.0009214194126581688 0.0001887650987241466
 0.08234872896527032 0.07337526205450734 0.0672851462942196 0.04631935451738221 0.03662138216184288 0.01415673528349585 0.007800437467833247 0.001844618468244037 0.0009449263785453005 0.0001929138564056648
 0.07954545454545454 0.06513809275664409 0.05742666459723732 0.0393345370131545 0.03258262021554657 0.01324999279891696 0.007705321697180858 0.001766299391586655 0.0009006063430096307 0.0001966214086553538
 0.06770480704129994 0.05108556832694763 0.04528122020972354 0.04264982829289908 0.03294681442813743 0.01270702455739577 0.007376770632164378 0.001704559601171358 0.0008701671503101316 0.0001907211763682159
 0.05882352941176471 0.06078288353999513 0.05950516755402443 0.04199379222201936 0.03172413793103449 0.01303510591023552 0.007450113868217645 0.001870186395244059 0.0009611445192432783 0.0001967522757679897
 0.07529411764705882 0.06293549112160036 0.05515032912293186 0.04217740872545143 0.03215971265087917 0.01284784480932951 0.007592155849190708 0.001801600200262085 0.0009569045009308071 0.0001965740518280394
 0.07650765076507651 0.06497589603856634 0.0569896077774053 0.04389292294353527 0.03402755001639882 0.01296110213057218 0.007467578264368865 0.001808304639054859 0.000931297413709474 0.0001907637365290498
 0.07765314926660914 0.0695264331627968 0.06414911643669813 0.04408698242478403 0.0332082632509596 0.01277435837881779 0.007364078360488372 0.001849115915038784 0.0009508645590462634 0.0001947409994386293
 0.06072874493927126 0.05960093288416689 0.05907281366379864 0.04036373758931057 0.03237088852507814 0.01305094122820706 0.007596776324481438 0.001760485894106773 0.000915258726115642 0.0001869264812183629
 0.03992015968063872 0.07631578947368421 0.07040543821315853 0.04521072796934866 0.03198976327575176 0.01163025105835285 0.006863877588602615 0.001782832085666978 0.000930320902566329 0.0001907189787634417
 0.07825236387349202 0.06826506826506826 0.06110458284371328 0.04178091134612874 0.03100474760197655 0.01052295918367347 0.00641946110313371 0.001584413948187755 0.0008101418040979511 0.0001651349241861584
 0.06981519507186858 0.05616121572514041 0.0501462599247806 0.04226490148548698 0.03313840155945419 0.01293185792590633 0.007735400449467478 0.001811970832991602 0.0009268744816820333 0.0001926784952723252
 0.06369426751592357 0.06184291898577613 0.05228461013866788 0.02730232069725927 0.03256513026052105 0.01324069591958769 0.007695681316044253 0.001869098886658976 0.0009608609313945294 0.000196740623918175
 0.07651715039577836 0.06555944055944056 0.05738615327656423 0.04088490618874265 0.03154227030992114 0.01257806444064177 0.007227923316776346 0.001652371729841065 0.0008422083486350839 0.0001966450760966787
 0.08433734939759036 0.06266786034019696 0.06054184955350386 0.04061538461538462 0.03044070876874148 0.01204162963387712 0.006978483010716956 0.001782203372156296 0.000914307946697792 0.0001868877933641314
 0.08034433285509325 0.07089963762407436 0.06435006435006435 0.04502382074236951 0.03519685683883114 0.01347631609129487 0.007809644079625137 0.001801297700854275 0.0009193073117204837 0.0001928161857459939
 0.08598228243877019 0.07215007215007216 0.06339917093391856 0.04062938612691143 0.03262642740619903 0.01292293233082707 0.007500638790666239 0.001783752293734665 0.0009154280794903208 0.0001869371129631143
 0.08527131782945736 0.06880047861202512 0.05773092369477912 0.04096524355117455 0.030532894422976 0.01068001159544116 0.006026326437494081 0.001836598918655535 0.0009475465313028764 0.0001946031386706223
 0.0829588662288282 0.06839555428897122 0.05755702408868045 0.04097069019855027 0.03227078776578579 0.01337270853067365 0.007842945025857209 0.001859279130919812 0.0009601945994388196 0.0001967142364079901
 0.0711743772241993 0.06760909649661954 0.06146109791870373 0.04370582204715912 0.03364682990108642 0.01272188463495675 0.007291951508522468 0.001810798014912676 0.0009453190789505415 0.0001945091650535307
 0.0681044267877412 0.06406149903907751 0.05921539600296077 0.03984819734345351 0.02979005106865897 0.01329658305516697 0.007816571130797289 0.001831026748249081 0.0009366237445827048 0.0001909845732210981
 0.08774262164318 0.07515372352539285 0.06497229122874069 0.04373780956321295 0.03324497955883014 0.01167339727410399 0.006490715645256076 0.001809637558170323 0.0009606791127982835 0.0001967351112755649
 0.07355787843592722 0.06675567423230974 0.06086015688395997 0.04080771125026384 0.02966145034264089 0.009644620263510642 0.007515111909818657 0.001770218079446626 0.0009064133127749698 0.0001926097046300395
 0.07982969664715274 0.06829046209879354 0.05945303210463734 0.03955174686882004 0.02996050660492986 0.01208278842326719 0.007027871712402953 0.001652613123267843 0.0008470434289875787 0.0001965054580879662
 0.0778688524590164 0.06435006435006435 0.05491153142159854 0.03597391890879113 0.03136604535458053 0.01266114180478821 0.007681464704857537 0.001837977542567181 0.0009500285008550256 0.0001947088080105588
 0.07910349373764008 0.06657018813314038 0.060790273556231 0.04176610978520286 0.03084304318026045 0.01111804931540231 0.006279083769858678 0.001409985011666177 0.0007168113872853371 0.0001964914564919289
 0.04580152671755725 0.06778868630201028 0.05878775592945469 0.04126174059395189 0.03234060700831615 0.01313339779763022 0.007590291100175161 0.001860641731535979 0.0009530878602599909 0.0001964155160321685
 0.03824091778202677 0.02551020408163265 0.01715265866209262 0.04611792177466433 0.03492531033031769 0.01307458389034978 0.007499662936497235 0.001863276882944806 0.0009593088325211508 0.00019667855611716
 0.08247422680412371 0.07069408740359898 0.06193693693693694 0.04266454292053017 0.03271722965795624 0.01308418857586785 0.007743684057690446 0.001704047207851637 0.0008700089346984979 0.0001907163265492622
 0.07888631090487239 0.06571318129107075 0.06020722486698404 0.04556302885658495 0.0353193457511668 0.01307055160664983 0.007498209697122878 0.001710936343556018 0.0009344111506397309 0.0001909287370422036
 0.08158007728638901 0.0653061224489796 0.06054734802615646 0.03927572893090134 0.03060026827632462 0.01162444113263785 0.006626848933332201 0.001834348843982012 0.000942232410852186 0.0001928021587481296
 0.07437709185570845 0.06022282445046672 0.05707614476585809 0.04027011957127812 0.03059490084985836 0.01209223456155225 0.007554474845959536 0.00181624174177583 0.0009327306856736452 0.0001908233830202969
 0.07891156462585033 0.06765221748935103 0.06115139337817769 0.0432608573515366 0.03306851635278461 0.01273225257235917 0.007279005992484004 0.001657668354532856 0.0008435714460874469 0.0001888574877421551
 0.03838771593090211 0.06938198638057305 0.06381470101630819 0.04012526913290272 0.03178787408900605 0.01258189075447959 0.007547904847702759 0.001800900070898592 0.0009239573384582166 0.0001926552279776703
